P 1243.4308, -807.9147, 159.6712,  240, 0, 0,  3,  to_Empyr:_Realms_of_Ash
P 985.8484, -160.1393, 261.0951,  240, 240, 240,  2,  Tower
P 175.5915, 894.8506, 148.1645,  240, 240, 240,  2,  Tower
P -161.0370, -900.9146, 249.2332,  240, 240, 240,  2,  Tower
P -1395.3716, 381.9957, 202.1945,  240, 240, 240,  2,  Tower
P -903.6058, 609.9797, 223.2482,  0, 0, 0,  2,  a_norrathian
P -971.9609, 605.5225, 226.2582,  0, 127, 127,  2,  Everna_Delestrod_(Quests)
P 1161.7654, 801.6833, 269.1408,  0, 0, 0,  2,  Eyes_Unconquered
P 1043.0186, -421.3017, 240.7619,  0, 0, 0,  2,  Obsidian_Bitterness
P -469.7009, 809.4037, 128.4832,  240, 240, 240,  2,  Sulpher_Springs
P -167.0305, 1020.9337, 132.7377,  0, 0, 0,  2,  Ivory_Flume
P 647.5943, -1500.6294, 352.6980,  0, 0, 0,  2,  Glance_of_Sky
P 429.7565, -496.5643, 125.3974,  0, 127, 127,  2,  Spear_Sundering_Ivory_(Quests)
P -547.4202, 34.9606, -0.2794,  0, 240, 240,  2,  Vermillion_Refuge_in_Symmetry_(Raid)
P 257.7274, -24.6250, 1.9421,  0, 0, 0,  2,  Dirgeful_Ruby_Blade
P 4.8777, 2.3236, 2.9424,  240, 240, 0,  2,  Locked_Door_(Quests,Unpickable)
P 274.3581, -120.8071, 31.9421,  0, 0, 0,  2,  Udex_Black_Iron_Sky
P -459.6092, -215.8340, 0.1014,  0, 0, 0,  2,  Dread_Last_Guardian
P -0.8060, 181.7714, 6.9803,  0, 0, 0,  2,  Hidden_Dust
