L 1080.0000, -331.0000, -22.0000,  1077.0000, -329.0000, -22.0000,  0, 0, 0
L 1113.0000, -331.0000, -22.0000,  1080.0000, -331.0000, -22.0000,  0, 0, 0
L 1126.0000, -291.0000, -22.0000,  1113.0000, -331.0000, -22.0000,  0, 0, 0
L 1185.0000, -294.0000, 3.0000,  1126.0000, -291.0000, -22.0000,  0, 0, 0
L 1409.0000, -290.0000, 3.0000,  1185.0000, -294.0000, 3.0000,  0, 0, 0
L 1413.0000, -897.0000, 15.0000,  1409.0000, -290.0000, 3.0000,  0, 0, 0
L 1428.0000, -903.0000, 17.0000,  1413.0000, -897.0000, 15.0000,  0, 0, 0
L 1426.0000, -926.0000, 15.0000,  1428.0000, -903.0000, 17.0000,  0, 0, 0
L 1420.0000, -929.0000, 13.0000,  1426.0000, -926.0000, 15.0000,  0, 0, 0
L 1401.0000, -930.0000, 13.0000,  1420.0000, -929.0000, 13.0000,  0, 0, 0
L 1367.0000, -960.0000, 13.0000,  1401.0000, -930.0000, 13.0000,  0, 0, 0
L 1367.0000, -1022.0000, 13.0000,  1367.0000, -960.0000, 13.0000,  0, 0, 0
L 1356.0000, -1042.0000, 13.0000,  1367.0000, -1022.0000, 13.0000,  0, 0, 0
L 1355.0000, -1064.0000, 13.0000,  1356.0000, -1042.0000, 13.0000,  0, 0, 0
L 1348.0000, -1069.0000, 19.0000,  1355.0000, -1064.0000, 13.0000,  0, 0, 0
L 1167.0000, -1063.0000, 21.0000,  1348.0000, -1069.0000, 19.0000,  0, 0, 0
L 1141.0000, -1064.0000, 19.0000,  1167.0000, -1063.0000, 21.0000,  0, 0, 0
L 1138.0000, -1060.0000, 20.0000,  1141.0000, -1064.0000, 19.0000,  0, 0, 0
L 1110.0000, -1012.0000, 19.0000,  1138.0000, -1060.0000, 20.0000,  0, 0, 0
L 1097.0000, -998.0000, 19.0000,  1110.0000, -1012.0000, 19.0000,  0, 0, 0
L 1048.0000, -959.0000, 19.0000,  1097.0000, -998.0000, 19.0000,  0, 0, 0
L 1013.0000, -952.0000, 19.0000,  1048.0000, -959.0000, 19.0000,  0, 0, 0
L 1010.0000, -308.0000, -21.0000,  1013.0000, -952.0000, 19.0000,  0, 0, 0
L 1074.0000, -304.0000, -22.0000,  1010.0000, -308.0000, -21.0000,  0, 0, 0
L 1077.0000, -329.0000, -22.0000,  1074.0000, -304.0000, -22.0000,  0, 0, 0
L 22.0000, -237.0000, 21.0000,  -79.0000, -237.0000, 21.0000,  0, 0, 0
L 24.0000, -207.0000, 3.0000,  22.0000, -237.0000, 21.0000,  0, 0, 0
L 11.0000, -212.0000, 6.0000,  24.0000, -207.0000, 3.0000,  0, 0, 0
L -30.0000, -235.0000, 3.0000,  11.0000, -212.0000, 6.0000,  0, 0, 0
L -66.0000, -210.0000, 3.0000,  -30.0000, -235.0000, 3.0000,  0, 0, 0
L -81.0000, -208.0000, 3.0000,  -66.0000, -210.0000, 3.0000,  0, 0, 0
L -79.0000, -237.0000, 21.0000,  -81.0000, -208.0000, 3.0000,  0, 0, 0
L -154.0000, 1429.0000, 22.0000,  46.0000, 1430.0000, 22.0000,  0, 0, 0
L -92.0000, 1371.0000, 22.0000,  -209.0000, 1373.0000, 22.0000,  0, 0, 0
L -93.0000, 726.0000, 22.0000,  -92.0000, 1371.0000, 22.0000,  0, 0, 0
L -96.0000, 708.0000, 8.0000,  -93.0000, 726.0000, 22.0000,  0, 0, 0
L -127.0000, 702.0000, 8.0000,  -96.0000, 708.0000, 8.0000,  0, 0, 0
L -144.0000, 702.0000, 8.0000,  -127.0000, 702.0000, 8.0000,  0, 0, 0
L -129.0000, 691.0000, 8.0000,  -144.0000, 702.0000, 8.0000,  150, 150, 150
L 44.0000, 587.0000, 11.0000,  -129.0000, 691.0000, 8.0000,  150, 150, 150
L 31.0000, 572.0000, 8.0000,  44.0000, 587.0000, 11.0000,  150, 150, 150
L -146.0000, 659.0000, 8.0000,  31.0000, 572.0000, 8.0000,  150, 150, 150
L -166.0000, 666.0000, 8.0000,  -146.0000, 659.0000, 8.0000,  150, 150, 150
L -146.0000, 702.0000, 8.0000,  -166.0000, 666.0000, 8.0000,  150, 150, 150
L -171.0000, 700.0000, 8.0000,  -146.0000, 702.0000, 8.0000,  0, 0, 0
L -171.0000, 608.0000, 8.0000,  -171.0000, 700.0000, 8.0000,  0, 0, 0
L -140.0000, 608.0000, 8.0000,  -171.0000, 608.0000, 8.0000,  0, 0, 0
L -136.0000, 568.0000, 8.0000,  -140.0000, 608.0000, 8.0000,  0, 0, 0
L -136.0000, 481.0000, 8.0000,  -136.0000, 568.0000, 8.0000,  0, 0, 0
L -101.0000, 481.0000, 8.0000,  -136.0000, 481.0000, 8.0000,  0, 0, 0
L -99.0000, 443.0000, 8.0000,  -101.0000, 481.0000, 8.0000,  0, 0, 0
L -69.0000, 439.0000, 8.0000,  -99.0000, 443.0000, 8.0000,  0, 0, 0
L -45.0000, 438.0000, 8.0000,  -69.0000, 439.0000, 8.0000,  0, 0, 0
L -47.0000, 400.0000, 15.0000,  -45.0000, 438.0000, 8.0000,  0, 0, 0
L -61.0000, 400.0000, 15.0000,  -47.0000, 400.0000, 15.0000,  0, 0, 0
L -61.0000, 160.0000, 15.0000,  -61.0000, 400.0000, 15.0000,  0, 0, 0
L -46.0000, 164.0000, 15.0000,  -61.0000, 160.0000, 15.0000,  0, 0, 0
L -47.0000, 121.0000, 3.0000,  -46.0000, 164.0000, 15.0000,  0, 0, 0
L -60.0000, 119.0000, 3.0000,  -47.0000, 121.0000, 3.0000,  0, 0, 0
L -74.0000, 97.0000, 3.0000,  -60.0000, 119.0000, 3.0000,  0, 0, 0
L -98.0000, 84.0000, 3.0000,  -74.0000, 97.0000, 3.0000,  0, 0, 0
L -114.0000, 84.0000, 3.0000,  -98.0000, 84.0000, 3.0000,  0, 0, 0
L -150.0000, 100.0000, 3.0000,  -114.0000, 84.0000, 3.0000,  0, 0, 0
L -156.0000, 110.0000, 3.0000,  -150.0000, 100.0000, 3.0000,  0, 0, 0
L -161.0000, 145.0000, 3.0000,  -156.0000, 110.0000, 3.0000,  0, 0, 0
L -177.0000, 144.0000, 3.0000,  -161.0000, 145.0000, 3.0000,  0, 0, 0
L -215.0000, 95.0000, 3.0000,  -177.0000, 144.0000, 3.0000,  0, 0, 0
L -219.0000, 77.0000, 3.0000,  -215.0000, 95.0000, 3.0000,  0, 0, 0
L -182.0000, 78.0000, 3.0000,  -219.0000, 77.0000, 3.0000,  0, 0, 0
L -182.0000, -4.0000, 3.0000,  -182.0000, 78.0000, 3.0000,  0, 0, 0
L -219.0000, -4.0000, 3.0000,  -182.0000, -4.0000, 3.0000,  0, 0, 0
L -213.0000, -31.0000, 3.0000,  -219.0000, -4.0000, 3.0000,  0, 0, 0
L -354.0000, -32.0000, 5.0000,  -213.0000, -31.0000, 3.0000,  0, 0, 0
L -351.0000, -6.0000, 5.0000,  -354.0000, -32.0000, 5.0000,  0, 0, 0
L -373.0000, 4.0000, 5.0000,  -351.0000, -6.0000, 5.0000,  0, 0, 0
L -372.0000, 34.0000, 15.0000,  -373.0000, 4.0000, 5.0000,  0, 0, 0
L -365.0000, 46.0000, 15.0000,  -372.0000, 34.0000, 15.0000,  0, 0, 0
L -364.0000, 80.0000, 15.0000,  -365.0000, 46.0000, 15.0000,  0, 0, 0
L -401.0000, 114.0000, 15.0000,  -364.0000, 80.0000, 15.0000,  0, 0, 0
L -474.0000, 114.0000, 15.0000,  -401.0000, 114.0000, 15.0000,  0, 0, 0
L -503.0000, 81.0000, 15.0000,  -474.0000, 114.0000, 15.0000,  0, 0, 0
L -504.0000, 41.0000, 15.0000,  -503.0000, 81.0000, 15.0000,  0, 0, 0
L -489.0000, 36.0000, 15.0000,  -504.0000, 41.0000, 15.0000,  0, 0, 0
L -489.0000, -4.0000, 5.0000,  -489.0000, 36.0000, 15.0000,  0, 0, 0
L -525.0000, -2.0000, 15.0000,  -489.0000, -4.0000, 5.0000,  0, 0, 0
L -527.0000, 2.0000, 15.0000,  -525.0000, -2.0000, 15.0000,  0, 0, 0
L -580.0000, 0.0000, 15.0000,  -527.0000, 2.0000, 15.0000,  0, 0, 0
L -608.0000, -31.0000, 15.0000,  -580.0000, 0.0000, 15.0000,  0, 0, 0
L -608.0000, -36.0000, 19.0000,  -608.0000, -31.0000, 15.0000,  0, 0, 0
L -581.0000, -41.0000, 19.0000,  -608.0000, -36.0000, 19.0000,  0, 0, 0
L -583.0000, -98.0000, 19.0000,  -581.0000, -41.0000, 19.0000,  0, 0, 0
L -606.0000, -98.0000, 19.0000,  -583.0000, -98.0000, 19.0000,  0, 0, 0
L -602.0000, -111.0000, 15.0000,  -606.0000, -98.0000, 19.0000,  0, 0, 0
L -571.0000, -136.0000, 15.0000,  -602.0000, -111.0000, 15.0000,  0, 0, 0
L -523.0000, -136.0000, 15.0000,  -571.0000, -136.0000, 15.0000,  0, 0, 0
L -522.0000, -118.0000, 15.0000,  -523.0000, -136.0000, 15.0000,  0, 0, 0
L -488.0000, -117.0000, 5.0000,  -522.0000, -118.0000, 15.0000,  0, 0, 0
L -485.0000, -157.0000, 15.0000,  -488.0000, -117.0000, 5.0000,  0, 0, 0
L -498.0000, -160.0000, 15.0000,  -485.0000, -157.0000, 15.0000,  0, 0, 0
L -498.0000, -210.0000, 15.0000,  -498.0000, -160.0000, 15.0000,  0, 0, 0
L -464.0000, -240.0000, 15.0000,  -498.0000, -210.0000, 15.0000,  0, 0, 0
L -380.0000, -232.0000, 15.0000,  -464.0000, -240.0000, 15.0000,  0, 0, 0
L -362.0000, -212.0000, 15.0000,  -380.0000, -232.0000, 15.0000,  0, 0, 0
L -358.0000, -170.0000, 15.0000,  -362.0000, -212.0000, 15.0000,  0, 0, 0
L -351.0000, -120.0000, 5.0000,  -368.0000, -120.0000, 5.0000,  0, 0, 0
L -349.0000, -88.0000, 5.0000,  -351.0000, -120.0000, 5.0000,  0, 0, 0
L -224.0000, -88.0000, 5.0000,  -349.0000, -88.0000, 5.0000,  0, 0, 0
L -216.0000, -96.0000, 3.0000,  -224.0000, -88.0000, 5.0000,  0, 0, 0
L -219.0000, -101.0000, 3.0000,  -216.0000, -96.0000, 3.0000,  0, 0, 0
L -219.0000, -121.0000, 3.0000,  -219.0000, -101.0000, 3.0000,  0, 0, 0
L -192.0000, -185.0000, 3.0000,  -219.0000, -121.0000, 3.0000,  0, 0, 0
L -153.0000, -181.0000, 3.0000,  -192.0000, -185.0000, 3.0000,  0, 0, 0
L -127.0000, -198.0000, 3.0000,  -153.0000, -181.0000, 3.0000,  0, 0, 0
L -121.0000, -229.0000, 3.0000,  -127.0000, -198.0000, 3.0000,  0, 0, 0
L -121.0000, -236.0000, 3.0000,  -121.0000, -229.0000, 3.0000,  0, 0, 0
L -111.0000, -209.0000, 3.0000,  -121.0000, -236.0000, 3.0000,  0, 0, 0
L -100.0000, -208.0000, 3.0000,  -111.0000, -209.0000, 3.0000,  0, 0, 0
L -98.0000, -303.0000, 33.0000,  -100.0000, -208.0000, 3.0000,  0, 0, 0
L -61.0000, -333.0000, 33.0000,  -98.0000, -303.0000, 33.0000,  0, 0, 0
L 10.0000, -333.0000, 33.0000,  -61.0000, -333.0000, 33.0000,  0, 0, 0
L 33.0000, -310.0000, 33.0000,  10.0000, -333.0000, 33.0000,  0, 0, 0
L 43.0000, -209.0000, 3.0000,  33.0000, -310.0000, 33.0000,  0, 0, 0
L 52.0000, -208.0000, 3.0000,  43.0000, -209.0000, 3.0000,  0, 0, 0
L 65.0000, -236.0000, 3.0000,  52.0000, -208.0000, 3.0000,  0, 0, 0
L 64.0000, -210.0000, 3.0000,  65.0000, -236.0000, 3.0000,  0, 0, 0
L 78.0000, -192.0000, 3.0000,  64.0000, -210.0000, 3.0000,  0, 0, 0
L 115.0000, -180.0000, 3.0000,  78.0000, -192.0000, 3.0000,  0, 0, 0
L 135.0000, -191.0000, 3.0000,  115.0000, -180.0000, 3.0000,  0, 0, 0
L 144.0000, -198.0000, 3.0000,  135.0000, -191.0000, 3.0000,  0, 0, 0
L 171.0000, -152.0000, 3.0000,  144.0000, -198.0000, 3.0000,  0, 0, 0
L 168.0000, -90.0000, 3.0000,  171.0000, -152.0000, 3.0000,  0, 0, 0
L 277.0000, -87.0000, 3.0000,  168.0000, -90.0000, 3.0000,  0, 0, 0
L 295.0000, -99.0000, -14.0000,  277.0000, -87.0000, 3.0000,  0, 0, 0
L 281.0000, -101.0000, -9.0000,  295.0000, -99.0000, -14.0000,  0, 0, 0
L 280.0000, -121.0000, -14.0000,  281.0000, -101.0000, -9.0000,  0, 0, 0
L 235.0000, -121.0000, -14.0000,  280.0000, -121.0000, -14.0000,  0, 0, 0
L 235.0000, -158.0000, -14.0000,  235.0000, -121.0000, -14.0000,  0, 0, 0
L 270.0000, -160.0000, -14.0000,  235.0000, -158.0000, -14.0000,  0, 0, 0
L 269.0000, -240.0000, -14.0000,  270.0000, -160.0000, -14.0000,  0, 0, 0
L 235.0000, -240.0000, -14.0000,  269.0000, -240.0000, -14.0000,  0, 0, 0
L 235.0000, -303.0000, -14.0000,  235.0000, -240.0000, -14.0000,  0, 0, 0
L 408.0000, -303.0000, -14.0000,  235.0000, -303.0000, -14.0000,  0, 0, 0
L 413.0000, -296.0000, -10.0000,  408.0000, -303.0000, -14.0000,  0, 0, 0
L 413.0000, -208.0000, -13.0000,  413.0000, -296.0000, -10.0000,  0, 0, 0
L 344.0000, -209.0000, -14.0000,  413.0000, -208.0000, -13.0000,  0, 0, 0
L 343.0000, -183.0000, -14.0000,  344.0000, -209.0000, -14.0000,  0, 0, 0
L 349.0000, -181.0000, -14.0000,  343.0000, -183.0000, -14.0000,  0, 0, 0
L 348.0000, -80.0000, -14.0000,  349.0000, -181.0000, -14.0000,  0, 0, 0
L 399.0000, -78.0000, -14.0000,  348.0000, -80.0000, -14.0000,  0, 0, 0
L 390.0000, 11.0000, -14.0000,  399.0000, -78.0000, -14.0000,  0, 0, 0
L 399.0000, 23.0000, -14.0000,  390.0000, 11.0000, -14.0000,  0, 0, 0
L 448.0000, 24.0000, -22.0000,  399.0000, 23.0000, -14.0000,  0, 0, 0
L 457.0000, -3.0000, -22.0000,  448.0000, 24.0000, -22.0000,  0, 0, 0
L 471.0000, -24.0000, -22.0000,  457.0000, -3.0000, -22.0000,  0, 0, 0
L 469.0000, -41.0000, -22.0000,  471.0000, -24.0000, -22.0000,  0, 0, 0
L 471.0000, -173.0000, -25.0000,  469.0000, -41.0000, -22.0000,  0, 0, 0
L 458.0000, -175.0000, -25.0000,  471.0000, -173.0000, -25.0000,  0, 0, 0
L 436.0000, -179.0000, -25.0000,  458.0000, -175.0000, -25.0000,  0, 0, 0
L 430.0000, -192.0000, -25.0000,  436.0000, -179.0000, -25.0000,  0, 0, 0
L 430.0000, -286.0000, -25.0000,  430.0000, -192.0000, -25.0000,  0, 0, 0
L 445.0000, -294.0000, -25.0000,  430.0000, -286.0000, -25.0000,  0, 0, 0
L 448.0000, -310.0000, -14.0000,  445.0000, -294.0000, -25.0000,  0, 0, 0
L 451.0000, -321.0000, -11.0000,  448.0000, -310.0000, -14.0000,  0, 0, 0
L 451.0000, -336.0000, -11.0000,  451.0000, -321.0000, -11.0000,  0, 0, 0
L 444.0000, -358.0000, -21.0000,  451.0000, -336.0000, -11.0000,  0, 0, 0
L 427.0000, -358.0000, -21.0000,  444.0000, -358.0000, -21.0000,  0, 0, 0
L 405.0000, -338.0000, -21.0000,  427.0000, -358.0000, -21.0000,  0, 0, 0
L 346.0000, -338.0000, -21.0000,  405.0000, -338.0000, -21.0000,  0, 0, 0
L 315.0000, -368.0000, -21.0000,  346.0000, -338.0000, -21.0000,  0, 0, 0
L 315.0000, -376.0000, -21.0000,  315.0000, -368.0000, -21.0000,  0, 0, 0
L 319.0000, -449.0000, -21.0000,  315.0000, -376.0000, -21.0000,  0, 0, 0
L 345.0000, -478.0000, -21.0000,  319.0000, -449.0000, -21.0000,  0, 0, 0
L 413.0000, -479.0000, -21.0000,  345.0000, -478.0000, -21.0000,  0, 0, 0
L 478.0000, -556.0000, 25.0000,  413.0000, -479.0000, -21.0000,  0, 0, 0
L 537.0000, -554.0000, 25.0000,  478.0000, -556.0000, 25.0000,  0, 0, 0
L 608.0000, -477.0000, -21.0000,  537.0000, -554.0000, 25.0000,  0, 0, 0
L 682.0000, -477.0000, -21.0000,  608.0000, -477.0000, -21.0000,  0, 0, 0
L 715.0000, -447.0000, -21.0000,  682.0000, -477.0000, -21.0000,  0, 0, 0
L 712.0000, -369.0000, -21.0000,  715.0000, -447.0000, -21.0000,  0, 0, 0
L 684.0000, -342.0000, -21.0000,  712.0000, -369.0000, -21.0000,  0, 0, 0
L 592.0000, -349.0000, -21.0000,  684.0000, -342.0000, -21.0000,  0, 0, 0
L 582.0000, -358.0000, -21.0000,  592.0000, -349.0000, -21.0000,  0, 0, 0
L 564.0000, -359.0000, -21.0000,  582.0000, -358.0000, -21.0000,  0, 0, 0
L 560.0000, -350.0000, -21.0000,  564.0000, -359.0000, -21.0000,  0, 0, 0
L 559.0000, -338.0000, -11.0000,  560.0000, -350.0000, -21.0000,  0, 0, 0
L 558.0000, -316.0000, -11.0000,  559.0000, -338.0000, -11.0000,  0, 0, 0
L 564.0000, -299.0000, -23.0000,  558.0000, -316.0000, -11.0000,  0, 0, 0
L 577.0000, -292.0000, -25.0000,  564.0000, -299.0000, -23.0000,  0, 0, 0
L 593.0000, -299.0000, -22.0000,  577.0000, -292.0000, -25.0000,  0, 0, 0
L 591.0000, -286.0000, -22.0000,  593.0000, -299.0000, -22.0000,  0, 0, 0
L 718.0000, -284.0000, -22.0000,  591.0000, -286.0000, -22.0000,  0, 0, 0
L 723.0000, -290.0000, -22.0000,  718.0000, -284.0000, -22.0000,  0, 0, 0
L 718.0000, -295.0000, -22.0000,  723.0000, -290.0000, -22.0000,  0, 0, 0
L 724.0000, -312.0000, -22.0000,  718.0000, -295.0000, -22.0000,  0, 0, 0
L 733.0000, -320.0000, -22.0000,  724.0000, -312.0000, -22.0000,  0, 0, 0
L 739.0000, -330.0000, -22.0000,  733.0000, -320.0000, -22.0000,  0, 0, 0
L 786.0000, -330.0000, -22.0000,  739.0000, -330.0000, -22.0000,  0, 0, 0
L 787.0000, -305.0000, -22.0000,  786.0000, -330.0000, -22.0000,  0, 0, 0
L 854.0000, -305.0000, -22.0000,  787.0000, -305.0000, -22.0000,  0, 0, 0
L 855.0000, -958.0000, 19.0000,  854.0000, -305.0000, -22.0000,  0, 0, 0
L 791.0000, -959.0000, 19.0000,  855.0000, -958.0000, 19.0000,  0, 0, 0
L 736.1965, -1005.5312, 19.0000,  791.0000, -959.0000, 19.0000,  0, 0, 0
L 693.0000, -1096.0000, 22.0000,  520.2222, -1096.0000, 22.0000,  0, 0, 0
L 713.0795, -1094.8844, 19.0000,  693.0000, -1096.0000, 22.0000,  0, 0, 0
L 1345.0000, -1093.0000, 21.0000,  1139.9186, -1095.0204, 19.0000,  0, 0, 0
L 1354.0000, -1092.0000, 15.0000,  1345.0000, -1093.0000, 21.0000,  0, 0, 0
L 1355.0000, -1107.0000, 13.0000,  1354.0000, -1092.0000, 15.0000,  0, 0, 0
L 1367.0000, -1130.0000, 13.0000,  1355.0000, -1107.0000, 13.0000,  0, 0, 0
L 1368.0000, -1193.0000, 13.0000,  1367.0000, -1130.0000, 13.0000,  0, 0, 0
L 1396.0000, -1219.0000, 18.0000,  1368.0000, -1193.0000, 13.0000,  0, 0, 0
L 1427.0000, -1222.0000, 15.0000,  1396.0000, -1219.0000, 18.0000,  0, 0, 0
L 1427.0000, -1249.0000, 16.0000,  1427.0000, -1222.0000, 15.0000,  0, 0, 0
L 1418.0000, -1253.0000, 16.0000,  1427.0000, -1249.0000, 16.0000,  0, 0, 0
L 1376.0000, -1254.0000, 16.0000,  1418.0000, -1253.0000, 16.0000,  0, 0, 0
L 1362.0000, -1278.0000, 16.0000,  1376.0000, -1254.0000, 16.0000,  0, 0, 0
L 1361.0000, -1505.0000, 16.0000,  1362.0000, -1278.0000, 16.0000,  0, 0, 0
L 1529.0000, -1505.0000, 16.0000,  1361.0000, -1505.0000, 16.0000,  0, 0, 0
L 1527.0000, -1254.0000, 16.0000,  1529.0000, -1505.0000, 16.0000,  0, 0, 0
L 1461.0000, -1253.0000, 16.0000,  1527.0000, -1254.0000, 16.0000,  0, 0, 0
L 1449.0000, -1248.0000, 16.0000,  1461.0000, -1253.0000, 16.0000,  0, 0, 0
L 1450.0000, -1223.0000, 17.0000,  1449.0000, -1248.0000, 16.0000,  0, 0, 0
L 1463.0000, -1218.0000, 13.0000,  1450.0000, -1223.0000, 17.0000,  0, 0, 0
L 1483.0000, -1217.0000, 13.0000,  1463.0000, -1218.0000, 13.0000,  0, 0, 0
L 1506.0000, -1193.0000, 13.0000,  1483.0000, -1217.0000, 13.0000,  0, 0, 0
L 1507.0000, -1128.0000, 13.0000,  1506.0000, -1193.0000, 13.0000,  0, 0, 0
L 1539.0000, -1113.0000, 13.0000,  1507.0000, -1128.0000, 13.0000,  0, 0, 0
L 1539.0000, -1095.0000, 13.0000,  1539.0000, -1113.0000, 13.0000,  0, 0, 0
L 1543.0000, -1088.0000, 13.0000,  1539.0000, -1095.0000, 13.0000,  0, 0, 0
L 1569.0000, -1094.0000, 17.0000,  1543.0000, -1088.0000, 13.0000,  0, 0, 0
L 1571.0000, -1169.0000, 17.0000,  1569.0000, -1094.0000, 17.0000,  0, 0, 0
L 1659.0000, -1169.0000, 17.0000,  1571.0000, -1169.0000, 17.0000,  0, 0, 0
L 1656.0000, -1126.0000, 17.0000,  1659.0000, -1169.0000, 17.0000,  0, 0, 0
L 1653.0000, -1114.0000, 17.0000,  1656.0000, -1126.0000, 17.0000,  0, 0, 0
L 1657.0000, -1094.0000, 17.0000,  1653.0000, -1114.0000, 17.0000,  0, 0, 0
L 1670.0000, -1094.0000, 17.0000,  1657.0000, -1094.0000, 17.0000,  0, 0, 0
L 1675.0000, -1108.0000, 17.0000,  1670.0000, -1094.0000, 17.0000,  0, 0, 0
L 1672.0000, -1126.0000, 17.0000,  1675.0000, -1108.0000, 17.0000,  0, 0, 0
L 1670.0000, -1149.0000, 17.0000,  1672.0000, -1126.0000, 17.0000,  0, 0, 0
L 1680.0000, -1149.0000, 17.0000,  1670.0000, -1149.0000, 17.0000,  0, 0, 0
L 1681.0000, -1162.0000, 17.0000,  1680.0000, -1149.0000, 17.0000,  0, 0, 0
L 1777.0000, -1162.0000, 17.0000,  1681.0000, -1162.0000, 17.0000,  0, 0, 0
L 1782.0000, -1146.0000, 17.0000,  1777.0000, -1162.0000, 17.0000,  0, 0, 0
L 1812.0000, -1146.0000, 17.0000,  1782.0000, -1146.0000, 17.0000,  0, 0, 0
L 1812.0000, -1041.0000, 17.0000,  1812.0000, -1146.0000, 17.0000,  0, 0, 0
L 1796.0000, -1020.0000, 17.0000,  1812.0000, -1041.0000, 17.0000,  0, 0, 0
L 1786.0000, -1014.0000, 17.0000,  1796.0000, -1020.0000, 17.0000,  0, 0, 0
L 1786.0000, -999.0000, 17.0000,  1786.0000, -1014.0000, 17.0000,  0, 0, 0
L 1682.0000, -999.0000, 17.0000,  1786.0000, -999.0000, 17.0000,  0, 0, 0
L 1682.0000, -1010.0000, 17.0000,  1682.0000, -999.0000, 17.0000,  0, 0, 0
L 1671.0000, -1011.0000, 17.0000,  1682.0000, -1010.0000, 17.0000,  0, 0, 0
L 1675.0000, -1048.0000, 17.0000,  1671.0000, -1011.0000, 17.0000,  0, 0, 0
L 1670.0000, -1066.0000, 17.0000,  1675.0000, -1048.0000, 17.0000,  0, 0, 0
L 1658.0000, -1067.0000, 17.0000,  1670.0000, -1066.0000, 17.0000,  0, 0, 0
L 1659.0000, -991.0000, 17.0000,  1658.0000, -1067.0000, 17.0000,  0, 0, 0
L 1573.0000, -1002.0000, 17.0000,  1659.0000, -991.0000, 17.0000,  0, 0, 0
L 1571.0000, -1047.0000, 17.0000,  1573.0000, -1002.0000, 17.0000,  0, 0, 0
L 1566.0000, -1067.0000, 15.0000,  1571.0000, -1047.0000, 17.0000,  0, 0, 0
L 1545.0000, -1068.0000, 13.0000,  1566.0000, -1067.0000, 15.0000,  0, 0, 0
L 1538.0000, -1057.0000, 13.0000,  1545.0000, -1068.0000, 13.0000,  0, 0, 0
L 1528.0000, -1035.0000, 13.0000,  1538.0000, -1057.0000, 13.0000,  0, 0, 0
L 1507.0000, -1022.0000, 13.0000,  1528.0000, -1035.0000, 13.0000,  0, 0, 0
L 1507.0000, -974.0000, 13.0000,  1507.0000, -1022.0000, 13.0000,  0, 0, 0
L 1488.0000, -938.0000, 13.0000,  1507.0000, -974.0000, 13.0000,  0, 0, 0
L 1449.0000, -936.0000, 13.0000,  1488.0000, -938.0000, 13.0000,  0, 0, 0
L 1448.0000, -900.0000, 17.0000,  1449.0000, -936.0000, 13.0000,  0, 0, 0
L 1459.0000, -899.0000, 15.0000,  1448.0000, -900.0000, 17.0000,  0, 0, 0
L 1471.0000, -897.0000, 15.0000,  1459.0000, -899.0000, 15.0000,  0, 0, 0
L 1472.0000, -292.0000, 3.0000,  1471.0000, -897.0000, 15.0000,  0, 0, 0
L 1506.0000, -291.0000, 3.0000,  1472.0000, -292.0000, 3.0000,  0, 0, 0
L 1510.0000, -286.0000, 3.0000,  1506.0000, -291.0000, 3.0000,  0, 0, 0
L 1582.0000, -284.0000, 3.0000,  1510.0000, -286.0000, 3.0000,  0, 0, 0
L 1610.0000, -251.0000, 3.0000,  1582.0000, -284.0000, 3.0000,  0, 0, 0
L 1606.0000, -173.0000, 3.0000,  1610.0000, -251.0000, 3.0000,  0, 0, 0
L 1576.0000, -146.0000, 3.0000,  1606.0000, -173.0000, 3.0000,  0, 0, 0
L 1509.0000, -144.0000, 3.0000,  1576.0000, -146.0000, 3.0000,  0, 0, 0
L 1506.0000, -138.0000, 3.0000,  1509.0000, -144.0000, 3.0000,  0, 0, 0
L 1185.0000, -163.0000, 3.0000,  1506.0000, -138.0000, 3.0000,  0, 0, 0
L 1125.0000, -163.0000, -22.0000,  1185.0000, -163.0000, 3.0000,  0, 0, 0
L 1125.0000, -137.0000, -22.0000,  1125.0000, -163.0000, -22.0000,  0, 0, 0
L 1112.0000, -137.0000, -22.0000,  1125.0000, -137.0000, -22.0000,  0, 0, 0
L 1111.0000, -165.0000, -22.0000,  1112.0000, -137.0000, -22.0000,  0, 0, 0
L 1082.0000, -165.0000, -22.0000,  1111.0000, -165.0000, -22.0000,  0, 0, 0
L 1081.0000, -138.0000, -22.0000,  1082.0000, -165.0000, -22.0000,  0, 0, 0
L 939.0000, -233.0000, -20.0000,  1081.0000, -138.0000, -22.0000,  150, 150, 150
L 933.0000, -211.0000, -13.0000,  939.0000, -233.0000, -20.0000,  150, 150, 150
L 1054.0000, -137.0000, -22.0000,  933.0000, -211.0000, -13.0000,  150, 150, 150
L 1003.0000, -137.0000, -22.0000,  1054.0000, -137.0000, -22.0000,  0, 0, 0
L 1003.0000, -163.0000, -22.0000,  1003.0000, -137.0000, -22.0000,  0, 0, 0
L 972.0000, -164.0000, -22.0000,  1003.0000, -163.0000, -22.0000,  0, 0, 0
L 972.0000, -137.0000, -22.0000,  972.0000, -164.0000, -22.0000,  0, 0, 0
L 961.0000, -140.0000, -19.0000,  972.0000, -137.0000, -22.0000,  0, 0, 0
L 961.0000, -152.0000, -19.0000,  961.0000, -140.0000, -19.0000,  0, 0, 0
L 881.0000, -146.0000, -19.0000,  961.0000, -152.0000, -19.0000,  0, 0, 0
L 879.0000, -137.0000, -22.0000,  881.0000, -146.0000, -19.0000,  0, 0, 0
L 873.0000, -158.0000, -22.0000,  879.0000, -137.0000, -22.0000,  0, 0, 0
L 869.0000, -164.0000, -22.0000,  873.0000, -158.0000, -22.0000,  0, 0, 0
L 840.0000, -162.0000, -22.0000,  869.0000, -164.0000, -22.0000,  0, 0, 0
L 808.0000, -137.0000, -22.0000,  840.0000, -162.0000, -22.0000,  0, 0, 0
L 744.0000, -137.0000, -22.0000,  808.0000, -137.0000, -22.0000,  0, 0, 0
L 741.0000, -164.0000, -22.0000,  744.0000, -137.0000, -22.0000,  0, 0, 0
L 722.0000, -164.0000, -22.0000,  741.0000, -164.0000, -22.0000,  0, 0, 0
L 719.0000, -206.0000, -22.0000,  722.0000, -164.0000, -22.0000,  0, 0, 0
L 589.0000, -205.0000, -22.0000,  719.0000, -206.0000, -22.0000,  0, 0, 0
L 593.0000, -194.0000, -22.0000,  589.0000, -205.0000, -22.0000,  0, 0, 0
L 574.0000, -181.0000, -25.0000,  593.0000, -194.0000, -22.0000,  0, 0, 0
L 575.0000, -176.0000, -25.0000,  574.0000, -181.0000, -25.0000,  0, 0, 0
L 545.0000, -175.0000, -25.0000,  575.0000, -176.0000, -25.0000,  0, 0, 0
L 546.0000, -30.0000, -22.0000,  545.0000, -175.0000, -25.0000,  0, 0, 0
L 558.0000, -5.0000, -22.0000,  546.0000, -30.0000, -22.0000,  0, 0, 0
L 571.0000, 0.0000, -22.0000,  558.0000, -5.0000, -22.0000,  0, 0, 0
L 569.0000, 107.0000, -22.0000,  571.0000, 0.0000, -22.0000,  0, 0, 0
L 688.0000, 129.0000, -22.0000,  569.0000, 107.0000, -22.0000,  0, 0, 0
L 685.0000, 463.0000, -22.0000,  688.0000, 129.0000, -22.0000,  0, 0, 0
L 324.0000, 471.0000, -22.0000,  685.0000, 463.0000, -22.0000,  0, 0, 0
L 324.0000, 124.0000, -22.0000,  324.0000, 471.0000, -22.0000,  0, 0, 0
L 431.0000, 123.0000, -22.0000,  324.0000, 124.0000, -22.0000,  0, 0, 0
L 443.0000, 129.0000, -22.0000,  431.0000, 123.0000, -22.0000,  0, 0, 0
L 454.0000, 123.0000, -22.0000,  443.0000, 129.0000, -22.0000,  0, 0, 0
L 458.0000, 112.0000, -22.0000,  454.0000, 123.0000, -22.0000,  0, 0, 0
L 452.0000, 100.0000, -22.0000,  458.0000, 112.0000, -22.0000,  0, 0, 0
L 447.0000, 77.0000, -22.0000,  452.0000, 100.0000, -22.0000,  0, 0, 0
L 393.0000, 79.0000, -14.0000,  447.0000, 77.0000, -22.0000,  0, 0, 0
L 397.0000, 98.0000, -14.0000,  393.0000, 79.0000, -14.0000,  0, 0, 0
L 235.0000, 98.0000, -14.0000,  397.0000, 98.0000, -14.0000,  0, 0, 0
L 235.0000, 89.0000, -14.0000,  235.0000, 98.0000, -14.0000,  0, 0, 0
L 268.0000, 89.0000, -14.0000,  235.0000, 89.0000, -14.0000,  0, 0, 0
L 271.0000, 8.0000, -14.0000,  268.0000, 89.0000, -14.0000,  0, 0, 0
L 235.0000, 7.0000, -14.0000,  271.0000, 8.0000, -14.0000,  0, 0, 0
L 235.0000, 0.0000, -14.0000,  235.0000, 7.0000, -14.0000,  0, 0, 0
L 280.0000, -6.0000, -14.0000,  235.0000, 0.0000, -14.0000,  0, 0, 0
L 281.0000, -36.0000, 1.0000,  280.0000, -6.0000, -14.0000,  0, 0, 0
L 169.0000, -35.0000, 3.0000,  281.0000, -36.0000, 1.0000,  0, 0, 0
L 172.0000, -4.0000, 3.0000,  169.0000, -35.0000, 3.0000,  0, 0, 0
L 132.0000, -3.0000, 3.0000,  172.0000, -4.0000, 3.0000,  0, 0, 0
L 133.0000, 77.0000, 3.0000,  132.0000, -3.0000, 3.0000,  0, 0, 0
L 168.0000, 77.0000, 3.0000,  133.0000, 77.0000, 3.0000,  0, 0, 0
L 153.0000, 144.0000, 3.0000,  168.0000, 77.0000, 3.0000,  0, 0, 0
L 111.0000, 145.0000, 3.0000,  153.0000, 144.0000, 3.0000,  0, 0, 0
L 109.0000, 113.0000, 3.0000,  111.0000, 145.0000, 3.0000,  0, 0, 0
L 98.0000, 96.0000, 3.0000,  109.0000, 113.0000, 3.0000,  0, 0, 0
L 68.0000, 84.0000, 3.0000,  98.0000, 96.0000, 3.0000,  0, 0, 0
L 38.0000, 86.0000, 3.0000,  68.0000, 84.0000, 3.0000,  0, 0, 0
L 22.0000, 99.0000, 3.0000,  38.0000, 86.0000, 3.0000,  0, 0, 0
L 10.0000, 117.0000, 3.0000,  22.0000, 99.0000, 3.0000,  0, 0, 0
L -5.0000, 122.0000, 3.0000,  10.0000, 117.0000, 3.0000,  0, 0, 0
L -2.0000, 160.0000, 15.0000,  -5.0000, 122.0000, 3.0000,  0, 0, 0
L 11.0000, 160.0000, 15.0000,  -2.0000, 160.0000, 15.0000,  0, 0, 0
L 7.0000, 400.0000, 15.0000,  11.0000, 160.0000, 15.0000,  0, 0, 0
L -5.0000, 408.0000, 15.0000,  7.0000, 400.0000, 15.0000,  0, 0, 0
L -1.0000, 439.0000, 8.0000,  -5.0000, 408.0000, 15.0000,  0, 0, 0
L 24.0000, 438.0000, 8.0000,  -1.0000, 439.0000, 8.0000,  0, 0, 0
L 50.0000, 443.0000, 8.0000,  24.0000, 438.0000, 8.0000,  0, 0, 0
L 52.0000, 481.0000, 8.0000,  50.0000, 443.0000, 8.0000,  0, 0, 0
L 86.0000, 481.0000, 8.0000,  52.0000, 481.0000, 8.0000,  0, 0, 0
L 82.0000, 507.0000, 16.0000,  86.0000, 481.0000, 8.0000,  0, 0, 0
L 82.0000, 535.0000, 16.0000,  82.0000, 507.0000, 16.0000,  0, 0, 0
L 728.0000, 538.0000, 5.0000,  82.0000, 535.0000, 16.0000,  0, 0, 0
L 730.0000, 530.0000, 5.0000,  728.0000, 538.0000, 5.0000,  0, 0, 0
L 740.0000, 514.0000, 5.0000,  730.0000, 530.0000, 5.0000,  0, 0, 0
L 759.0000, 507.0000, 5.0000,  740.0000, 514.0000, 5.0000,  0, 0, 0
L 811.0000, 510.0000, 5.0000,  759.0000, 507.0000, 5.0000,  0, 0, 0
L 819.0000, 512.0000, 5.0000,  811.0000, 510.0000, 5.0000,  0, 0, 0
L 863.0000, 511.0000, 5.0000,  819.0000, 512.0000, 5.0000,  0, 0, 0
L 866.0000, 470.0000, 11.0000,  863.0000, 511.0000, 5.0000,  0, 0, 0
L 856.0000, 466.0000, 11.0000,  866.0000, 470.0000, 11.0000,  0, 0, 0
L 862.0000, 406.0000, 17.0000,  856.0000, 466.0000, 11.0000,  0, 0, 0
L 897.0000, 381.0000, 11.0000,  862.0000, 406.0000, 17.0000,  0, 0, 0
L 965.0000, 381.0000, 11.0000,  897.0000, 381.0000, 11.0000,  0, 0, 0
L 996.0000, 418.0000, 11.0000,  965.0000, 381.0000, 11.0000,  0, 0, 0
L 1004.0000, 497.0000, 5.0000,  996.0000, 418.0000, 11.0000,  0, 0, 0
L 993.0000, 683.0000, 18.0000,  997.0000, 635.0000, 5.0000,  0, 0, 0
L 967.0000, 705.0000, 21.0000,  993.0000, 683.0000, 18.0000,  0, 0, 0
L 972.0000, 1332.0000, 25.0000,  967.0000, 705.0000, 21.0000,  0, 0, 0
L 969.0000, 1406.0000, 16.0000,  972.0000, 1332.0000, 25.0000,  0, 0, 0
L 998.0000, 1403.0000, 12.0000,  969.0000, 1406.0000, 16.0000,  0, 0, 0
L 1003.0000, 1368.0000, 12.0000,  998.0000, 1403.0000, 12.0000,  0, 0, 0
L 1126.0000, 1370.0000, 12.0000,  1003.0000, 1368.0000, 12.0000,  0, 0, 0
L 1124.0000, 1355.0000, 12.0000,  1126.0000, 1370.0000, 12.0000,  0, 0, 0
L 1126.0000, 1342.0000, 12.0000,  1124.0000, 1355.0000, 12.0000,  0, 0, 0
L 1145.0000, 1337.0000, 30.0000,  1126.0000, 1342.0000, 12.0000,  0, 0, 0
L 1147.0000, 1307.0000, 16.0000,  1145.0000, 1337.0000, 30.0000,  0, 0, 0
L 1147.0000, 1298.0000, 22.0000,  1147.0000, 1307.0000, 16.0000,  0, 0, 0
L 1134.0000, 1296.0000, 22.0000,  1147.0000, 1298.0000, 22.0000,  0, 0, 0
L 1134.0000, 1252.0000, 22.0000,  1134.0000, 1296.0000, 22.0000,  0, 0, 0
L 1165.0000, 1218.0000, 22.0000,  1134.0000, 1252.0000, 22.0000,  0, 0, 0
L 1241.0000, 1218.0000, 22.0000,  1165.0000, 1218.0000, 22.0000,  0, 0, 0
L 1274.0000, 1266.0000, 22.0000,  1241.0000, 1218.0000, 22.0000,  0, 0, 0
L 1274.0000, 1298.0000, 22.0000,  1274.0000, 1266.0000, 22.0000,  0, 0, 0
L 1264.0000, 1301.0000, 22.0000,  1274.0000, 1298.0000, 22.0000,  0, 0, 0
L 1263.0000, 1338.0000, 12.0000,  1264.0000, 1301.0000, 22.0000,  0, 0, 0
L 1299.0000, 1337.0000, 22.0000,  1263.0000, 1338.0000, 12.0000,  0, 0, 0
L 1299.0000, 1321.0000, 22.0000,  1299.0000, 1337.0000, 22.0000,  0, 0, 0
L 1357.0000, 1326.0000, 22.0000,  1299.0000, 1321.0000, 22.0000,  0, 0, 0
L 1384.0000, 1351.0000, 22.0000,  1357.0000, 1326.0000, 22.0000,  0, 0, 0
L 1381.0000, 1430.0000, 22.0000,  1384.0000, 1351.0000, 22.0000,  0, 0, 0
L 1327.0000, 1461.0000, 22.0000,  1381.0000, 1430.0000, 22.0000,  0, 0, 0
L 1300.0000, 1461.0000, 22.0000,  1327.0000, 1461.0000, 22.0000,  0, 0, 0
L 1299.0000, 1453.0000, 22.0000,  1300.0000, 1461.0000, 22.0000,  0, 0, 0
L 1275.0000, 1453.0000, 12.0000,  1299.0000, 1453.0000, 22.0000,  0, 0, 0
L 1263.0000, 1428.0000, 17.0000,  1275.0000, 1453.0000, 12.0000,  0, 0, 0
L 1244.0000, 1448.0000, 15.0000,  1263.0000, 1428.0000, 17.0000,  0, 0, 0
L 1264.0000, 1479.0000, 20.0000,  1244.0000, 1448.0000, 15.0000,  0, 0, 0
L 1267.0000, 1492.0000, 22.0000,  1264.0000, 1479.0000, 20.0000,  0, 0, 0
L 1280.0000, 1492.0000, 22.0000,  1267.0000, 1492.0000, 22.0000,  0, 0, 0
L 1279.0000, 1541.0000, 22.0000,  1280.0000, 1492.0000, 22.0000,  0, 0, 0
L 1248.0000, 1572.0000, 22.0000,  1279.0000, 1541.0000, 22.0000,  0, 0, 0
L 1173.0000, 1571.0000, 22.0000,  1248.0000, 1572.0000, 22.0000,  0, 0, 0
L 1146.0000, 1547.0000, 22.0000,  1173.0000, 1571.0000, 22.0000,  0, 0, 0
L 1140.0000, 1537.0000, 27.0000,  1146.0000, 1547.0000, 22.0000,  0, 0, 0
L 1146.0000, 1523.0000, 23.0000,  1140.0000, 1537.0000, 27.0000,  0, 0, 0
L 1141.0000, 1499.0000, 25.0000,  1146.0000, 1523.0000, 23.0000,  0, 0, 0
L 1147.0000, 1498.0000, 25.0000,  1141.0000, 1499.0000, 25.0000,  0, 0, 0
L 1145.0000, 1451.0000, 12.0000,  1147.0000, 1498.0000, 25.0000,  0, 0, 0
L 1124.0000, 1451.0000, 12.0000,  1145.0000, 1451.0000, 12.0000,  0, 0, 0
L 1125.0000, 1420.0000, 12.0000,  1124.0000, 1451.0000, 12.0000,  0, 0, 0
L 1115.0000, 1422.0000, 12.0000,  1125.0000, 1420.0000, 12.0000,  0, 0, 0
L 993.0000, 1418.0000, 12.0000,  1115.0000, 1422.0000, 12.0000,  0, 0, 0
L 996.0000, 1440.0000, 14.0000,  993.0000, 1418.0000, 12.0000,  0, 0, 0
L 993.0000, 1517.0000, 18.0000,  996.0000, 1440.0000, 14.0000,  0, 0, 0
L 959.0000, 1547.0000, 18.0000,  993.0000, 1517.0000, 18.0000,  0, 0, 0
L 884.0000, 1544.0000, 18.0000,  959.0000, 1547.0000, 18.0000,  0, 0, 0
L 862.0000, 1522.0000, 18.0000,  884.0000, 1544.0000, 18.0000,  0, 0, 0
L 856.0000, 1507.0000, 22.0000,  862.0000, 1522.0000, 18.0000,  0, 0, 0
L 866.0000, 1504.0000, 35.0000,  856.0000, 1507.0000, 22.0000,  0, 0, 0
L 866.0000, 1472.0000, 34.0000,  866.0000, 1504.0000, 35.0000,  0, 0, 0
L 887.0000, 1454.0000, 14.0000,  866.0000, 1472.0000, 34.0000,  0, 0, 0
L 866.0000, 1453.0000, 12.0000,  887.0000, 1454.0000, 14.0000,  0, 0, 0
L 868.0000, 1422.0000, 12.0000,  866.0000, 1453.0000, 12.0000,  0, 0, 0
L 862.0000, 1424.0000, 12.0000,  868.0000, 1422.0000, 12.0000,  0, 0, 0
L 862.0000, 1431.0000, 12.0000,  862.0000, 1424.0000, 12.0000,  0, 0, 0
L 742.0000, 1431.0000, 12.0000,  862.0000, 1431.0000, 12.0000,  0, 0, 0
L 744.0000, 1424.0000, 12.0000,  742.0000, 1431.0000, 12.0000,  0, 0, 0
L 734.0000, 1421.0000, 9.0000,  744.0000, 1424.0000, 12.0000,  0, 0, 0
L 734.0000, 1436.0000, 9.0000,  734.0000, 1421.0000, 9.0000,  0, 0, 0
L 727.0000, 1454.0000, 9.0000,  734.0000, 1436.0000, 9.0000,  0, 0, 0
L 712.0000, 1456.0000, 9.0000,  727.0000, 1454.0000, 9.0000,  0, 0, 0
L 715.0000, 1493.0000, 19.0000,  712.0000, 1456.0000, 9.0000,  0, 0, 0
L 719.0000, 1493.0000, 19.0000,  715.0000, 1493.0000, 19.0000,  0, 0, 0
L 719.0000, 1545.0000, 19.0000,  719.0000, 1493.0000, 19.0000,  0, 0, 0
L 681.0000, 1575.0000, 19.0000,  719.0000, 1545.0000, 19.0000,  0, 0, 0
L 608.0000, 1574.0000, 19.0000,  681.0000, 1575.0000, 19.0000,  0, 0, 0
L 579.0000, 1540.0000, 19.0000,  608.0000, 1574.0000, 19.0000,  0, 0, 0
L 579.0000, 1495.0000, 19.0000,  579.0000, 1540.0000, 19.0000,  0, 0, 0
L 595.0000, 1495.0000, 19.0000,  579.0000, 1495.0000, 19.0000,  0, 0, 0
L 595.0000, 1457.0000, 9.0000,  595.0000, 1495.0000, 19.0000,  0, 0, 0
L 561.0000, 1456.0000, 19.0000,  595.0000, 1457.0000, 9.0000,  0, 0, 0
L 560.0000, 1464.0000, 19.0000,  561.0000, 1456.0000, 19.0000,  0, 0, 0
L 508.0000, 1464.0000, 19.0000,  560.0000, 1464.0000, 19.0000,  0, 0, 0
L 475.0000, 1427.0000, 19.0000,  508.0000, 1464.0000, 19.0000,  0, 0, 0
L 475.0000, 1354.0000, 19.0000,  475.0000, 1427.0000, 19.0000,  0, 0, 0
L 508.0000, 1324.0000, 20.0000,  475.0000, 1354.0000, 19.0000,  0, 0, 0
L 560.0000, 1324.0000, 19.0000,  508.0000, 1324.0000, 20.0000,  0, 0, 0
L 566.0000, 1342.0000, 17.0000,  560.0000, 1324.0000, 19.0000,  0, 0, 0
L 595.0000, 1342.0000, 9.0000,  566.0000, 1342.0000, 17.0000,  0, 0, 0
L 594.0000, 1303.0000, 19.0000,  595.0000, 1342.0000, 9.0000,  0, 0, 0
L 585.0000, 1303.0000, 19.0000,  594.0000, 1303.0000, 19.0000,  0, 0, 0
L 585.0000, 1253.0000, 19.0000,  585.0000, 1303.0000, 19.0000,  0, 0, 0
L 623.0000, 1222.0000, 19.0000,  585.0000, 1253.0000, 19.0000,  0, 0, 0
L 698.0000, 1224.0000, 19.0000,  623.0000, 1222.0000, 19.0000,  0, 0, 0
L 719.0000, 1255.0000, 19.0000,  698.0000, 1224.0000, 19.0000,  0, 0, 0
L 719.0000, 1302.0000, 19.0000,  719.0000, 1255.0000, 19.0000,  0, 0, 0
L 712.0000, 1307.0000, 15.0000,  719.0000, 1302.0000, 19.0000,  0, 0, 0
L 715.0000, 1342.0000, 9.0000,  712.0000, 1307.0000, 15.0000,  0, 0, 0
L 734.0000, 1342.0000, 9.0000,  715.0000, 1342.0000, 9.0000,  0, 0, 0
L 732.0000, 1367.0000, 9.0000,  734.0000, 1342.0000, 9.0000,  0, 0, 0
L 741.0000, 1368.0000, 12.0000,  732.0000, 1367.0000, 9.0000,  0, 0, 0
L 746.0000, 1359.0000, 12.0000,  741.0000, 1368.0000, 12.0000,  0, 0, 0
L 857.0000, 1360.0000, 12.0000,  746.0000, 1359.0000, 12.0000,  0, 0, 0
L 869.0000, 1368.0000, 12.0000,  857.0000, 1360.0000, 12.0000,  0, 0, 0
L 868.0000, 1329.0000, 27.0000,  869.0000, 1368.0000, 12.0000,  0, 0, 0
L 893.0000, 1329.0000, 21.0000,  868.0000, 1329.0000, 27.0000,  0, 0, 0
L 894.0000, 699.0000, 21.0000,  893.0000, 1329.0000, 21.0000,  0, 0, 0
L 890.0000, 681.0000, 5.0000,  894.0000, 699.0000, 21.0000,  0, 0, 0
L 863.0000, 679.0000, 5.0000,  890.0000, 681.0000, 5.0000,  0, 0, 0
L 862.0000, 640.0000, 5.0000,  863.0000, 679.0000, 5.0000,  0, 0, 0
L 811.0000, 640.0000, 5.0000,  862.0000, 640.0000, 5.0000,  0, 0, 0
L 813.0000, 647.0000, 5.0000,  811.0000, 640.0000, 5.0000,  0, 0, 0
L 739.0000, 640.0000, 5.0000,  813.0000, 647.0000, 5.0000,  0, 0, 0
L 728.0000, 613.0000, 6.0000,  739.0000, 640.0000, 5.0000,  0, 0, 0
L 720.0000, 612.0000, 12.0000,  728.0000, 613.0000, 6.0000,  0, 0, 0
L 85.0000, 612.0000, 14.0000,  720.0000, 612.0000, 12.0000,  0, 0, 0
L 88.0000, 651.0000, 8.0000,  85.0000, 612.0000, 14.0000,  0, 0, 0
L 88.0000, 717.0000, 8.0000,  88.0000, 651.0000, 8.0000,  0, 0, 0
L 52.0000, 717.0000, 8.0000,  88.0000, 717.0000, 8.0000,  0, 0, 0
L 50.0000, 670.0000, 8.0000,  52.0000, 717.0000, 8.0000,  0, 0, 0
L 11.0000, 669.0000, 8.0000,  50.0000, 670.0000, 8.0000,  0, 0, 0
L 10.0000, 706.0000, 8.0000,  11.0000, 669.0000, 8.0000,  0, 0, 0
L -18.0000, 725.0000, 22.0000,  10.0000, 706.0000, 8.0000,  0, 0, 0
L -19.0000, 1371.0000, 22.0000,  -18.0000, 725.0000, 22.0000,  0, 0, 0
L 4.0000, 1373.0000, 22.0000,  -19.0000, 1371.0000, 22.0000,  0, 0, 0
L 98.0000, 1373.0000, 22.0000,  4.0000, 1373.0000, 22.0000,  0, 0, 0
L 46.0000, 1430.0000, 22.0000,  46.0000, 1448.0000, 22.0000,  0, 0, 0
L 98.0000, 1373.0000, 22.0000,  98.0000, 1430.0000, 22.0000,  0, 0, 0
L 98.0000, 1430.0000, 22.0000,  98.0000, 1448.0000, 22.0000,  0, 0, 0
L 46.0000, 1430.0000, 22.0000,  98.0000, 1430.0000, 22.0000,  199, 21, 133
L -209.0000, 1373.0000, 22.0000,  -209.0000, 1429.0000, 22.0000,  0, 0, 0
L -154.0000, 1429.0000, 22.0000,  -154.0000, 1448.0000, 22.0000,  0, 0, 0
L -209.0000, 1429.0000, 22.0000,  -209.0000, 1448.0000, 22.0000,  0, 0, 0
L -154.0000, 1429.0000, 22.0000,  -209.0000, 1429.0000, 22.0000,  199, 21, 133
L 1054.0000, -137.0000, -22.0000,  1081.0000, -138.0000, -22.0000,  0, 0, 0
L -368.0000, -177.0000, 15.0000,  -358.0000, -170.0000, 15.0000,  0, 0, 0
L -368.0000, -120.0000, 5.0000,  -368.0000, -177.0000, 15.0000,  0, 0, 0
L 173.5621, -1198.1003, 21.0020,  163.8914, -1198.1084, 21.0020,  0, 0, 0
L 163.8914, -1198.1084, 21.0020,  163.8914, -1198.1084, 21.0020,  240, 127, 0
L 163.8914, -1198.1084, 21.0020,  163.8916, -940.8932, 21.0020,  0, 0, 0
L 163.8916, -940.8932, 21.0020,  171.9569, -940.8906, 21.0020,  0, 0, 0
L 171.9569, -940.8906, 21.0020,  250.0737, -1041.2610, 21.0020,  0, 0, 0
L 250.0737, -1041.2610, 21.0020,  250.1079, -1054.1084, 21.0020,  0, 0, 0
L 250.1079, -1054.1084, 21.0020,  226.1083, -1054.1066, 21.0020,  0, 0, 0
L 226.1083, -1054.1066, 21.0020,  226.1078, -1060.8922, 21.0020,  0, 0, 0
L 226.1078, -1060.8922, 21.0020,  266.8920, -1060.8916, 21.0020,  0, 0, 0
L 266.8920, -1060.8916, 21.0020,  266.8914, -1055.8915, 21.0020,  0, 0, 0
L 266.8914, -1055.8915, 21.0020,  271.8917, -1055.8906, 21.0020,  0, 0, 0
L 271.8917, -1055.8906, 21.0020,  271.8917, -1015.1082, 21.0020,  0, 0, 0
L 271.8917, -1015.1082, 21.0020,  265.1082, -1015.1082, 21.0020,  0, 0, 0
L 265.1082, -1015.1082, 21.0020,  265.1086, -1040.1084, 21.0020,  0, 0, 0
L 265.1086, -1040.1084, 21.0020,  257.7558, -1040.0906, 21.0020,  0, 0, 0
L 257.7558, -1040.0906, 21.0020,  178.8915, -938.6600, 21.0020,  0, 0, 0
L 178.8915, -938.6600, 21.0020,  178.8915, -926.8914, 21.0020,  0, 0, 0
L 178.8915, -926.8914, 21.0020,  312.1084, -926.8912, 21.0020,  0, 0, 0
L 312.1084, -926.8912, 21.0020,  312.1078, -939.8911, 21.0020,  0, 0, 0
L 312.1078, -939.8911, 21.0020,  325.1086, -939.8914, 21.0020,  0, 0, 0
L 325.1086, -939.8914, 21.0020,  325.1085, -1015.1086, 21.0020,  0, 0, 0
L 325.1085, -1015.1086, 21.0020,  312.1077, -1015.1078, 21.0020,  0, 0, 0
L 312.1077, -1015.1078, 21.0020,  312.1082, -1055.8917, 21.0020,  0, 0, 0
L 312.1082, -1055.8917, 21.0020,  317.1084, -1055.8914, 21.0020,  0, 0, 0
L 317.1084, -1055.8914, 21.0020,  317.1067, -1061.8923, 21.0020,  0, 0, 0
L 317.1067, -1061.8923, 21.0020,  319.1084, -1061.8915, 21.0020,  0, 0, 0
L 319.1084, -1061.8915, 21.0020,  319.1073, -1069.8920, 21.0020,  0, 0, 0
L 319.1073, -1069.8920, 21.0020,  340.8922, -1069.8921, 21.0020,  0, 0, 0
L 340.8922, -1069.8921, 21.0020,  340.8914, -1062.4523, 21.0020,  0, 0, 0
L 340.8914, -1062.4523, 21.0020,  386.8919, -1062.4535, 21.0020,  0, 0, 0
L 384.9242, -1062.4535, 21.0020,  376.7827, -1065.8745, 21.0020,  127, 127, 127
L 376.7827, -1065.8745, 21.0020,  340.8914, -1062.4524, 21.0020,  127, 127, 127
L 386.8919, -1062.4535, 21.0020,  386.8917, -1050.1082, 21.0020,  0, 0, 0
L 386.8917, -1050.1082, 26.0020,  337.8912, -1050.1066, 26.0020,  0, 0, 0
L 337.8912, -1050.1066, 21.0020,  337.8914, -1006.8914, 21.0020,  0, 0, 0
L 337.8914, -1006.8914, 21.0020,  341.8917, -1006.8920, 21.0020,  0, 0, 0
L 341.8917, -1006.8920, 21.0020,  341.8920, -993.1077, 21.0020,  0, 0, 0
L 341.8920, -993.1077, 21.0020,  337.8914, -993.1085, 21.0020,  0, 0, 0
L 337.8914, -993.1085, 21.0020,  337.8915, -923.8914, 21.0020,  0, 0, 0
L 337.8915, -923.8914, 21.0020,  413.1085, -923.8914, 21.0020,  0, 0, 0
L 413.1085, -923.8914, 21.0020,  413.1059, -928.8917, 21.0020,  0, 0, 0
L 413.1059, -928.8917, 21.0020,  429.8922, -928.8928, 21.0020,  0, 0, 0
L 429.8922, -928.8928, 21.0020,  429.8914, -923.8916, 21.0020,  0, 0, 0
L 429.8914, -923.8916, 21.0020,  505.1084, -923.8915, 21.0020,  0, 0, 0
L 505.1084, -923.8915, 21.0020,  505.1084, -994.1083, 21.0020,  0, 0, 0
L 505.1084, -994.1083, 21.0020,  502.1077, -994.1076, 21.0020,  0, 0, 0
L 502.1077, -994.1076, 21.0020,  502.1080, -1006.8917, 21.0020,  0, 0, 0
L 502.1080, -1006.8917, 21.0020,  505.1084, -1006.8914, 21.0020,  0, 0, 0
L 505.1084, -1006.8914, 21.0020,  505.0809, -1044.7346, 21.0020,  0, 0, 0
L 505.0809, -1044.7346, 21.0020,  486.0070, -1050.0543, 21.0020,  0, 0, 0
L 486.0070, -1050.0543, 21.0020,  465.1082, -1050.1113, 25.8485,  0, 0, 0
L 465.1082, -1050.1113, 21.0020,  465.1075, -1061.8905, 21.0020,  0, 0, 0
L 465.1075, -1061.8905, 25.9651,  511.8916, -1061.8918, 21.0020,  0, 0, 0
L 511.8916, -1061.8918, 19.0020,  511.8915, -1051.8914, 19.0020,  0, 0, 0
L 511.8915, -1051.8914, 19.0020,  516.2262, -1051.8906, 19.0020,  0, 0, 0
L 516.2262, -1051.8906, 19.0020,  513.1926, -1053.5399, 19.0020,  0, 0, 0
L 513.1926, -1053.5399, 19.0020,  513.0953, -1059.6382, 19.0020,  0, 0, 0
L 513.0953, -1059.6382, 19.0020,  520.0256, -1061.9492, 19.0020,  0, 0, 0
L 520.0256, -1061.9492, 19.0020,  525.8916, -1059.6030, 19.0020,  0, 0, 0
L 525.8916, -1059.6030, 19.0020,  525.8920, -1053.4940, 19.0020,  0, 0, 0
L 525.8920, -1053.4940, 19.0020,  523.2172, -1051.8911, 19.0020,  0, 0, 0
L 523.2172, -1051.8911, 19.0020,  555.5099, -1051.8909, 19.0020,  0, 0, 0
L 555.5099, -1051.8909, 19.0020,  554.1072, -1052.9854, 19.0020,  0, 0, 0
L 554.1077, -1053.0334, 19.0020,  554.1064, -1058.5499, 19.0020,  0, 0, 0
L 554.1064, -1058.5499, 19.0020,  561.0377, -1062.0161, 19.0020,  0, 0, 0
L 561.0377, -1062.0161, 19.0020,  566.8917, -1058.5043, 19.0020,  0, 0, 0
L 566.8917, -1058.5043, 19.0020,  566.8926, -1053.1278, 19.0020,  0, 0, 0
L 566.8926, -1053.1278, 19.0020,  565.6100, -1051.8907, 19.0020,  0, 0, 0
L 565.6100, -1051.8907, 19.0020,  576.6177, -1051.8910, 19.0019,  0, 0, 0
L 576.6177, -1051.8910, 19.0019,  573.9428, -1053.4958, 19.0020,  0, 0, 0
L 573.9428, -1053.4958, 19.0020,  573.9421, -1059.6412, 19.0020,  0, 0, 0
L 573.9421, -1059.6412, 19.0010,  580.8582, -1061.9467, 19.0020,  0, 0, 0
L 580.8582, -1061.9467, 19.2082,  586.7274, -1059.6035, 19.0020,  0, 0, 0
L 586.7274, -1059.6035, 19.0020,  586.7270, -1055.1613, 19.0020,  0, 0, 0
L 586.7270, -1055.1613, 19.0020,  582.9403, -1051.8909, 19.0020,  0, 0, 0
L 582.9403, -1051.8909, 19.0020,  616.2085, -1051.8909, 19.0020,  0, 0, 0
L 616.2085, -1051.8909, 19.0020,  614.9421, -1053.4189, 19.0020,  0, 0, 0
L 614.9421, -1053.4189, 19.0020,  614.9431, -1058.4061, 19.0020,  0, 0, 0
L 614.9431, -1058.4061, 19.0020,  620.8832, -1061.9690, 19.0020,  0, 0, 0
L 620.8832, -1061.9690, 19.0020,  627.7272, -1058.5504, 19.0020,  0, 0, 0
L 627.7272, -1058.5504, 19.0020,  627.7266, -1052.9492, 19.0020,  0, 0, 0
L 627.7266, -1052.9492, 19.0020,  626.3245, -1051.8907, 19.0020,  0, 0, 0
L 626.3245, -1051.8907, 19.0020,  636.6005, -1051.8906, 19.0030,  0, 0, 0
L 636.6005, -1051.8906, 19.0030,  633.9429, -1054.1365, 19.0020,  0, 0, 0
L 633.9429, -1054.1365, 19.0020,  633.9424, -1059.0483, 19.0020,  0, 0, 0
L 633.9424, -1059.0483, 19.0020,  640.9741, -1061.9481, 19.0020,  0, 0, 0
L 640.9741, -1061.9481, 19.0020,  646.7267, -1058.6375, 19.0020,  0, 0, 0
L 646.7267, -1058.6375, 19.0020,  646.7267, -1054.9536, 19.0020,  0, 0, 0
L 646.7267, -1054.9536, 19.0020,  642.9401, -1051.8909, 19.0020,  0, 0, 0
L 642.9401, -1051.8909, 19.0020,  676.1916, -1051.8906, 19.0030,  0, 0, 0
L 676.1916, -1051.8906, 19.0030,  674.9413, -1053.0443, 19.0020,  0, 0, 0
L 674.9413, -1053.0443, 19.0020,  674.9426, -1057.6100, 19.0020,  0, 0, 0
L 674.9426, -1057.6100, 19.0020,  681.4362, -1061.6926, 19.0020,  0, 0, 0
L 681.4362, -1061.6926, 19.0020,  686.5842, -1059.1344, 19.0030,  0, 0, 0
L 686.5842, -1059.1344, 19.0030,  697.8424, -1062.8920, 19.0020,  0, 0, 0
L 697.8424, -1062.8920, 19.0020,  712.8917, -1062.8929, 16.0020,  0, 0, 0
L 712.8917, -1062.8929, 16.0020,  712.8912, -1049.2500, 16.0020,  0, 0, 0
L 712.8912, -1049.2500, 16.0020,  736.1965, -1005.5312, 16.0020,  0, 0, 0
L 173.5810, -1198.0826, 21.0020,  250.1085, -1120.7222, 21.0020,  0, 0, 0
L 250.1085, -1120.7222, 21.0020,  250.1085, -1107.8914, 21.0020,  0, 0, 0
L 250.1085, -1107.8914, 21.0020,  226.1080, -1107.8907, 21.0020,  0, 0, 0
L 226.1080, -1107.8907, 21.0020,  226.1078, -1101.1072, 21.0020,  0, 0, 0
L 226.1078, -1101.1072, 21.0020,  266.8919, -1101.1077, 21.0020,  0, 0, 0
L 266.8915, -1106.1083, 21.0020,  266.8919, -1101.1077, 21.0020,  0, 0, 0
L 266.8914, -1106.1075, 21.0020,  271.8915, -1106.1079, 21.0020,  0, 0, 0
L 271.8915, -1106.1079, 21.0020,  271.8916, -1147.8915, 21.0020,  0, 0, 0
L 271.8916, -1147.8915, 21.0020,  265.1114, -1147.8918, 21.0020,  0, 0, 0
L 265.1114, -1147.8918, 21.0020,  265.0269, -1121.8909, 21.0030,  0, 0, 0
L 265.0269, -1121.8909, 21.0030,  258.4358, -1121.9165, 21.0020,  0, 0, 0
L 258.4358, -1121.9165, 21.0020,  178.8916, -1202.3267, 21.0020,  0, 0, 0
L 178.8916, -1202.3267, 21.0020,  178.8913, -1212.1085, 21.0020,  0, 0, 0
L 178.8913, -1212.1085, 21.0020,  310.1086, -1212.1085, 21.0020,  0, 0, 0
L 310.1086, -1212.1085, 21.0020,  310.1086, -1198.1079, 21.0020,  0, 0, 0
L 310.1086, -1198.1079, 21.0020,  325.1086, -1198.1085, 21.0020,  0, 0, 0
L 325.1086, -1198.1085, 21.0020,  325.1085, -1147.8912, 21.0020,  0, 0, 0
L 325.1085, -1147.8912, 21.0020,  312.1065, -1147.8906, 21.0020,  0, 0, 0
L 312.1065, -1147.8906, 21.0020,  312.1080, -1106.1075, 21.0020,  0, 0, 0
L 317.1086, -1106.1084, 21.0020,  312.1080, -1106.1075, 21.0020,  0, 0, 0
L 317.1085, -1106.1085, 21.0020,  317.1068, -1100.1051, 21.0020,  0, 0, 0
L 319.0888, -1100.1084, 21.0020,  317.1068, -1100.1051, 21.0020,  0, 0, 0
L 319.1085, -1100.1084, 21.0020,  319.1070, -1092.1077, 21.0020,  0, 0, 0
L 319.1070, -1092.1077, 21.0020,  340.8915, -1092.1052, 21.0020,  0, 0, 0
L 340.8915, -1092.1052, 21.0020,  340.8925, -1100.1074, 21.0020,  0, 0, 0
L 340.8925, -1100.1074, 26.0020,  386.8915, -1100.1067, 26.0020,  0, 0, 0
L 386.8915, -1100.1067, 21.0020,  386.8923, -1111.8912, 21.0020,  0, 0, 0
L 386.8923, -1111.8912, 26.0020,  338.8913, -1111.8931, 26.0020,  0, 0, 0
L 338.8913, -1111.8931, 21.0020,  338.8915, -1151.1086, 21.0020,  0, 0, 0
L 338.8915, -1151.1086, 21.0020,  340.8911, -1151.1067, 21.0020,  0, 0, 0
L 340.8911, -1151.1067, 21.0020,  340.8918, -1164.8918, 21.0020,  0, 0, 0
L 338.8915, -1164.8912, 21.0020,  340.8918, -1164.8918, 21.0020,  0, 0, 0
L 338.8913, -1164.8914, 21.0020,  338.8913, -1234.1083, 21.0020,  0, 0, 0
L 338.8913, -1234.1083, 21.0020,  413.1087, -1234.1084, 21.0020,  0, 0, 0
L 413.1087, -1234.1084, 21.0020,  413.1081, -1231.1075, 21.0020,  0, 0, 0
L 428.8913, -1234.1085, 21.0020,  428.8925, -1231.1071, 21.0020,  0, 0, 0
L 428.8925, -1231.1071, 21.0020,  413.1081, -1231.1075, 21.0020,  0, 0, 0
L 428.8913, -1234.1085, 21.0020,  505.1085, -1234.1086, 21.0020,  0, 0, 0
L 505.1085, -1234.1086, 21.0020,  505.1085, -1164.8912, 21.0020,  0, 0, 0
L 505.1085, -1164.8912, 21.0020,  502.1080, -1164.8905, 21.0020,  0, 0, 0
L 502.1080, -1164.8905, 21.0020,  502.1076, -1152.1067, 21.0020,  0, 0, 0
L 505.1085, -1152.1083, 21.0020,  502.1076, -1152.1067, 21.0020,  0, 0, 0
L 505.1088, -1152.1085, 21.0020,  505.1086, -1115.7544, 21.0020,  0, 0, 0
L 505.1086, -1115.7544, 21.0020,  485.8777, -1111.8917, 21.0020,  0, 0, 0
L 485.8777, -1111.8917, 26.0020,  465.1079, -1111.8905, 26.0020,  0, 0, 0
L 465.1079, -1111.8905, 21.0020,  465.1076, -1100.1080, 21.0020,  0, 0, 0
L 465.1076, -1100.1080, 26.0020,  485.9583, -1100.1075, 26.0020,  0, 0, 0
L 485.9583, -1100.1075, 21.0020,  520.2222, -1096.0000, 21.0011,  0, 0, 0
L 902.9193, -1040.2522, 24.0020,  902.9213, -1031.7086, 24.0020,  0, 0, 0
L 902.9213, -1031.7086, 24.0020,  907.2153, -1024.1854, 24.0020,  0, 0, 0
L 907.2153, -1024.1854, 24.0020,  915.6865, -1019.9489, 24.0020,  0, 0, 0
L 915.6865, -1019.9489, 24.0020,  925.2299, -1018.8882, 24.0020,  0, 0, 0
L 925.2299, -1018.8882, 24.0020,  932.8182, -1023.2233, 24.0020,  0, 0, 0
L 932.8182, -1023.2233, 24.0020,  937.0784, -1031.7454, 24.0020,  0, 0, 0
L 937.0784, -1031.7454, 24.0020,  937.0790, -1040.2877, 24.0020,  0, 0, 0
L 937.0790, -1040.2877, 24.0020,  932.7744, -1047.8176, 24.0020,  0, 0, 0
L 932.7744, -1047.8176, 24.0020,  924.3099, -1052.0500, 24.0020,  0, 0, 0
L 924.3099, -1052.0500, 24.0020,  914.7664, -1053.1115, 24.0020,  0, 0, 0
L 914.7664, -1053.1115, 24.0020,  907.1740, -1048.7598, 24.0020,  0, 0, 0
L 907.1740, -1048.7598, 24.0020,  902.9193, -1040.2522, 24.0020,  0, 0, 0
L 882.9203, -1053.4471, 16.0020,  882.9194, -1019.5203, 16.0020,  127, 127, 127
L 882.9194, -1019.5203, 16.0020,  903.5856, -1000.9211, 16.0020,  127, 127, 127
L 903.5856, -1000.9211, 16.0020,  936.4293, -1000.9205, 16.0020,  127, 127, 127
L 936.4293, -1000.9205, 16.0020,  956.0792, -1019.5345, 16.0020,  127, 127, 127
L 956.0792, -1019.5345, 16.0020,  956.0797, -1055.5129, 16.0020,  127, 127, 127
L 956.0797, -1055.5129, 16.0020,  934.3798, -1073.0786, 16.0020,  127, 127, 127
L 934.3798, -1073.0786, 16.0020,  902.5532, -1073.0791, 16.0020,  127, 127, 127
L 902.5532, -1073.0791, 16.0020,  882.9203, -1053.4471, 16.0020,  127, 127, 127
L 886.9211, -1052.4655, 21.0020,  886.9206, -1021.5330, 21.0020,  127, 127, 127
L 886.9206, -1021.5330, 21.0020,  904.2833, -1005.1916, 21.0020,  127, 127, 127
L 904.2833, -1005.1916, 21.0020,  934.2227, -1004.9026, 21.0020,  127, 127, 127
L 934.2227, -1004.9026, 21.0020,  952.0788, -1021.5258, 21.0020,  127, 127, 127
L 952.0788, -1021.5258, 21.0020,  952.0792, -1053.4146, 21.0020,  127, 127, 127
L 952.0792, -1053.4146, 21.0020,  933.3991, -1069.0790, 21.0020,  127, 127, 127
L 933.3991, -1069.0790, 21.0020,  904.5715, -1069.0778, 21.0020,  127, 127, 127
L 904.5715, -1069.0778, 21.0020,  886.9211, -1052.4655, 21.0020,  127, 127, 127
L 969.0782, -1169.9214, 32.0019,  986.9214, -1169.9215, 32.0019,  0, 0, 0
L 986.9214, -1169.9215, 32.0019,  986.9197, -1161.2980, 32.0020,  0, 0, 0
L 986.9197, -1161.2980, 32.0020,  996.9612, -1156.8348, 32.0020,  0, 0, 0
L 996.9612, -1156.8348, 32.0020,  1008.1600, -1160.9209, 32.0021,  0, 0, 0
L 1029.0782, -1169.9211, 32.0019,  1029.0776, -1160.9197, 32.0020,  0, 0, 0
L 1029.0776, -1160.9197, 32.0020,  1008.1600, -1160.9209, 32.0020,  0, 0, 0
L 1029.0786, -1169.9213, 32.0019,  1046.9214, -1169.9214, 32.0020,  0, 0, 0
L 1046.9214, -1169.9214, 32.0020,  1046.9208, -1160.9205, 32.0020,  0, 0, 0
L 1046.9208, -1160.9205, 32.0020,  1069.4117, -1160.9210, 32.0020,  0, 0, 0
L 1069.4117, -1160.9210, 32.0020,  1070.2585, -1157.5365, 32.0020,  0, 0, 0
L 1070.2585, -1157.5365, 32.0020,  1070.6650, -1155.9016, 20.0020,  0, 0, 0
L 1070.6650, -1155.9016, 20.0020,  1074.0653, -1142.2828, 18.0020,  0, 0, 0
L 1074.0653, -1142.2828, 18.0020,  1082.4266, -1137.6387, 16.0020,  0, 0, 0
L 1082.4266, -1137.6387, 16.0020,  1092.8159, -1131.8678, 16.0020,  0, 0, 0
L 1092.8159, -1131.8678, 16.0020,  1119.7550, -1136.8395, 16.0020,  0, 0, 0
L 1119.7550, -1136.8395, 16.0020,  1139.9213, -1121.9177, 16.0020,  0, 0, 0
L 1139.9213, -1121.9177, 16.0020,  1139.9186, -1095.0204, 16.0020,  0, 0, 0
L 928.9210, -1172.7006, 32.0020,  928.9210, -1161.2970, 32.0020,  0, 0, 0
L 928.9210, -1161.2970, 32.0020,  938.9542, -1156.8383, 32.0020,  0, 0, 0
L 938.9542, -1156.8383, 32.0020,  949.0367, -1160.4750, 32.0020,  0, 0, 0
L 949.0367, -1160.4750, 32.0020,  959.0357, -1156.8346, 32.0020,  0, 0, 0
L 959.0357, -1156.8346, 32.0020,  969.0790, -1161.2976, 32.0020,  0, 0, 0
L 969.0790, -1161.2976, 32.0020,  969.0786, -1169.9213, 32.0020,  0, 0, 0
L 928.9210, -1172.7006, 30.0020,  933.2338, -1174.6176, 30.0020,  0, 0, 0
L 936.9091, -1205.5891, 7.0020,  936.9214, -1224.2332, 7.0020,  0, 0, 0
L 936.9214, -1224.2332, 6.0020,  947.9249, -1249.2830, 6.0020,  0, 0, 0
L 947.9249, -1249.2830, 6.0020,  947.9249, -1249.2830, 6.0020,  0, 0, 0
L 947.9249, -1249.2830, 6.0020,  943.6420, -1259.9214, 6.0020,  0, 0, 0
L 943.6420, -1259.9214, 6.0020,  896.4223, -1259.9065, 6.0020,  0, 0, 0
L 896.4223, -1259.9065, 6.0020,  892.0850, -1249.2300, 6.0020,  0, 0, 0
L 892.0850, -1249.2300, 6.0020,  903.0781, -1226.2446, 6.0020,  0, 0, 0
L 903.0781, -1226.2446, 7.0020,  903.0898, -1205.5890, 7.0020,  0, 0, 0
L 903.0898, -1205.5890, 7.0020,  903.0783, -1176.2697, 39.0020,  0, 0, 0
L 903.0783, -1176.2697, 39.0020,  906.7795, -1174.6117, 30.0020,  0, 0, 0
L 906.7795, -1174.6117, 30.0020,  911.0789, -1172.6996, 30.0020,  0, 0, 0
L 933.2299, -1174.6318, 30.0020,  936.9014, -1176.2477, 39.0020,  0, 0, 0
L 936.9014, -1176.2477, 39.0020,  936.9211, -1205.6108, 7.0020,  0, 0, 0
L 911.0789, -1172.6996, 32.0020,  911.0793, -1161.2982, 32.0020,  0, 0, 0
L 906.7763, -1174.6128, 30.0020,  933.2268, -1174.6145, 30.0020,  127, 127, 127
L 933.8810, -1179.9714, 28.0020,  906.1149, -1180.0142, 28.0020,  127, 127, 127
L 906.1123, -1187.9957, 20.0020,  933.8831, -1188.0212, 20.0020,  127, 127, 127
L 933.8855, -1196.0139, 12.0020,  906.1143, -1195.9866, 12.0020,  127, 127, 127
L 903.0974, -1205.5870, 7.0020,  936.9107, -1205.5891, 7.0020,  127, 127, 127
L 934.0781, -1155.9211, 20.0019,  1070.6476, -1155.9213, 20.0020,  127, 127, 127
L 1073.6179, -1143.9449, 18.0020,  763.2347, -1143.9572, 18.0039,  127, 127, 127
L 761.8257, -1140.1188, 18.0020,  734.0114, -1131.8766, 16.0020,  0, 0, 0
L 734.0114, -1131.8766, 16.0020,  716.4735, -1136.7495, 16.0020,  0, 0, 0
L 716.4735, -1136.7495, 16.0020,  705.3807, -1121.0688, 16.0020,  0, 0, 0
L 705.3807, -1121.0688, 16.0020,  713.0783, -1112.4081, 16.0020,  0, 0, 0
L 713.0783, -1112.4081, 16.0020,  713.0795, -1094.8844, 16.0020,  0, 0, 0
L 911.0793, -1161.2982, 32.0020,  901.0406, -1156.8364, 32.0020,  0, 0, 0
L 901.0406, -1156.8364, 32.0020,  891.0002, -1160.4880, 32.0020,  0, 0, 0
L 891.0002, -1160.4880, 32.0020,  880.9608, -1156.8361, 32.0020,  0, 0, 0
L 880.9608, -1156.8361, 32.0020,  870.9210, -1161.2974, 32.0020,  0, 0, 0
L 870.9210, -1161.2974, 32.0020,  870.9216, -1169.9214, 32.0020,  0, 0, 0
L 870.9216, -1169.9214, 32.0020,  853.0783, -1169.9214, 32.0020,  0, 0, 0
L 853.0783, -1169.9214, 32.0020,  853.0782, -1161.2961, 32.0020,  0, 0, 0
L 853.0782, -1161.2961, 32.0020,  843.0403, -1156.8369, 32.0020,  0, 0, 0
L 843.0403, -1156.8369, 32.0020,  831.8030, -1160.9213, 32.0020,  0, 0, 0
L 831.8030, -1160.9213, 32.0020,  810.9210, -1160.9199, 32.0020,  0, 0, 0
L 810.9210, -1160.9199, 32.0020,  810.9215, -1169.9214, 32.0020,  0, 0, 0
L 810.9215, -1169.9214, 32.0020,  793.0783, -1169.9215, 32.0020,  0, 0, 0
L 793.0783, -1169.9215, 32.0020,  793.0780, -1160.9210, 32.0020,  0, 0, 0
L 793.0780, -1160.9210, 32.0020,  769.4524, -1160.9182, 32.0020,  0, 0, 0
L 769.4524, -1160.9182, 32.0020,  768.3058, -1157.7910, 32.0020,  0, 0, 0
L 768.3058, -1157.7910, 32.0020,  767.6156, -1155.9110, 20.0020,  0, 0, 0
L 767.6156, -1155.9110, 20.0020,  764.0377, -1146.1506, 20.0020,  0, 0, 0
L 764.0377, -1146.1506, 20.0020,  761.8257, -1140.1188, 18.0020,  0, 0, 0
L 767.6329, -1155.9211, 20.0020,  906.9213, -1155.9215, 20.0020,  127, 127, 127
L 906.9211, -1146.9569, 20.0020,  906.9214, -1155.9213, 20.0020,  127, 127, 127
L 934.0782, -1155.9213, 20.0020,  934.0790, -1146.9567, 20.0020,  127, 127, 127
L 934.0790, -1146.9567, 20.0030,  906.9211, -1146.9569, 20.0030,  127, 127, 127
L 898.2012, 409.4677, 8.0769,  897.9974, 434.1866, 8.2474,  0, 0, 0
L 897.9974, 434.1866, 8.0020,  947.5980, 434.8084, 8.0020,  0, 0, 0
L 947.5980, 434.8084, 8.0020,  947.9014, 410.0792, 8.0020,  0, 0, 0
L 947.9014, 410.0792, 8.0020,  898.2012, 409.4677, 8.0020,  0, 0, 0
L 1070.3776, 528.8699, 8.0020,  1039.9474, 529.2428, 8.0020,  0, 0, 0
L 1039.9474, 529.2428, 8.0020,  1040.6340, 585.1943, 8.0020,  0, 0, 0
L 1040.6340, 585.1943, 8.0020,  1071.0613, 584.8223, 8.0020,  0, 0, 0
L 1071.0613, 584.8223, 8.0305,  1070.3776, 528.8699, 8.0020,  0, 0, 0
L 1087.5197, 495.0854, 8.0020,  1117.9169, 529.4038, 8.0020,  0, 0, 0
L 1117.9169, 529.4038, 8.0020,  1117.9214, 606.5181, 8.0020,  0, 0, 0
L 1117.9214, 606.5181, 8.0020,  1085.5632, 636.9208, 8.0020,  0, 0, 0
L 1085.5632, 636.9208, 8.0020,  1030.0754, 636.9187, 8.0020,  0, 0, 0
L 1021.9215, 635.9214, 2.0020,  1030.3407, 635.9197, 8.0020,  0, 0, 0
L 1030.0807, 636.9216, 8.0020,  1030.3407, 635.9197, 8.0020,  0, 0, 0
L 1021.9216, 635.9214, 2.0020,  1000.7684, 635.9200, 2.0020,  0, 0, 0
L 1021.9216, 497.0786, 2.0020,  998.8004, 497.0791, 2.0020,  0, 0, 0
L 1021.9216, 497.0785, 2.0020,  1037.9611, 497.0789, 8.0020,  0, 0, 0
L 1039.0784, 495.0784, 8.0020,  1087.4973, 495.0785, 8.0020,  0, 0, 0
L 405.1078, -1060.3273, 21.0020,  405.1199, -1050.7499, 21.0020,  0, 0, 0
L 446.8918, -1051.8439, 21.0020,  446.8922, -1060.2869, 21.0020,  0, 0, 0