L -40.0000, 71.0000, 0.0000,  -40.0000, 82.0000, 0.0000,  0, 0, 0
L -40.0000, 82.0000, 0.0000,  14.0000, 82.0000, 0.0000,  0, 0, 0
L 112.0000, 71.0000, 0.0000,  -28.0000, 71.0000, 0.0000,  0, 0, 0
L -28.0000, 71.0000, 0.0000,  -40.0000, 71.0000, 0.0000,  199, 21, 133
L 14.0000, 140.0000, 0.0000,  0.0000, 154.0000, -13.0000,  0, 0, 0
L 0.0000, 154.0000, -13.0000,  0.0000, 207.0000, -13.0000,  0, 0, 0
L 0.0000, 207.0000, -13.0000,  2.0000, 207.0000, -13.0000,  0, 0, 0
L 0.0000, 226.0000, -13.0000,  2.0000, 226.0000, -13.0000,  0, 0, 0
L 0.0000, 226.0000, -13.0000,  0.0000, 263.0000, -13.0000,  0, 0, 0
L 0.0000, 263.0000, -13.0000,  2.0000, 263.0000, -13.0000,  0, 0, 0
L 2.0000, 282.0000, -13.0000,  0.0000, 282.0000, -13.0000,  0, 0, 0
L 0.0000, 282.0000, -13.0000,  0.0000, 321.0000, -13.0000,  0, 0, 0
L 0.0000, 321.0000, -13.0000,  14.0000, 334.0000, -13.0000,  0, 0, 0
L 14.0000, 334.0000, -13.0000,  28.0000, 334.0000, -13.0000,  0, 0, 0
L 28.0000, 334.0000, -13.0000,  28.0000, 347.0000, -10.0000,  0, 0, 0
L 28.0000, 347.0000, -10.0000,  34.0000, 352.0000, -4.0000,  0, 0, 0
L 34.0000, 352.0000, -4.0000,  39.0000, 349.0000, -11.0000,  0, 0, 0
L 39.0000, 349.0000, -11.0000,  46.0000, 349.0000, -7.0000,  0, 0, 0
L 46.0000, 349.0000, -7.0000,  48.0000, 348.0000, -14.0000,  0, 0, 0
L 48.0000, 348.0000, -14.0000,  55.0000, 350.0000, -8.0000,  0, 0, 0
L 55.0000, 350.0000, -8.0000,  55.0000, 343.0000, -16.0000,  0, 0, 0
L 55.0000, 343.0000, -16.0000,  55.0000, 334.0000, -13.0000,  0, 0, 0
L 55.0000, 334.0000, -13.0000,  69.0000, 334.0000, -13.0000,  0, 0, 0
L 69.0000, 334.0000, -13.0000,  83.0000, 321.0000, -13.0000,  0, 0, 0
L 81.0000, 263.0000, -13.0000,  83.0000, 263.0000, -13.0000,  0, 0, 0
L 83.0000, 263.0000, -13.0000,  82.0000, 226.0000, -13.0000,  0, 0, 0
L 81.0000, 226.0000, -13.0000,  81.0000, 221.0000, -13.0000,  0, 0, 0
L 81.0000, 207.0000, -13.0000,  83.0000, 206.0000, -13.0000,  0, 0, 0
L 83.0000, 206.0000, -13.0000,  83.0000, 166.0000, -13.0000,  0, 0, 0
L 83.0000, 166.0000, -13.0000,  83.0000, 154.0000, -7.0000,  0, 0, 0
L 83.0000, 154.0000, -7.0000,  69.0000, 140.0000, 0.0000,  0, 0, 0
L 69.0000, 140.0000, 0.0000,  69.0000, 83.0000, 0.0000,  0, 0, 0
L 69.0000, 83.0000, 0.0000,  125.0000, 83.0000, 0.0000,  0, 0, 0
L 125.0000, 83.0000, 0.0000,  125.0000, 62.0000, 0.0000,  0, 0, 0
L 14.0000, 82.0000, 0.0000,  14.0000, 140.0000, 0.0000,  0, 0, 0
L -2.0000, 210.0000, -13.0000,  -70.0000, 210.0000, -13.0000,  0, 0, 0
L -2.0000, 222.0000, -13.0000,  -96.0000, 222.0000, -13.0000,  0, 0, 0
L -96.0000, 222.0000, -13.0000,  -97.0000, 178.0000, -13.0000,  0, 0, 0
L -97.0000, 178.0000, -13.0000,  -100.0000, 178.0000, -13.0000,  0, 0, 0
L -100.0000, 178.0000, -13.0000,  -100.0000, 222.0000, -13.0000,  0, 0, 0
L -100.0000, 222.0000, -13.0000,  -166.0000, 222.0000, -13.0000,  0, 0, 0
L -166.0000, 222.0000, -13.0000,  -166.0000, 126.0000, -13.0000,  0, 0, 0
L -166.0000, 126.0000, -13.0000,  -100.0000, 126.0000, -13.0000,  0, 0, 0
L -100.0000, 126.0000, -13.0000,  -100.0000, 170.0000, -13.0000,  0, 0, 0
L -100.0000, 170.0000, -13.0000,  -97.0000, 170.0000, -13.0000,  0, 0, 0
L -97.0000, 170.0000, -13.0000,  -97.0000, 126.0000, -13.0000,  0, 0, 0
L -97.0000, 126.0000, -13.0000,  -70.0000, 126.0000, -13.0000,  0, 0, 0
L -70.0000, 126.0000, -13.0000,  -70.0000, 165.0000, -13.0000,  0, 0, 0
L -70.0000, 165.0000, -13.0000,  -70.0000, 170.0000, -13.0000,  0, 0, 0
L -70.0000, 178.0000, -13.0000,  -70.0000, 210.0000, -13.0000,  0, 0, 0
L -70.0000, 170.0000, -13.0000,  -68.0000, 170.0000, -13.0000,  0, 0, 0
L -70.0000, 178.0000, -13.0000,  -68.0000, 178.0000, -13.0000,  0, 0, 0
L -67.0000, 178.0000, -13.0000,  -67.0000, 206.0000, -13.0000,  0, 0, 0
L -67.0000, 206.0000, -13.0000,  -14.0000, 206.0000, -13.0000,  0, 0, 0
L -14.0000, 206.0000, -13.0000,  -14.0000, 126.0000, -13.0000,  0, 0, 0
L -14.0000, 126.0000, -13.0000,  -66.0000, 126.0000, -13.0000,  0, 0, 0
L -66.0000, 126.0000, -13.0000,  -67.0000, 165.0000, -13.0000,  0, 0, 0
L -67.0000, 165.0000, -13.0000,  -67.0000, 170.0000, -13.0000,  0, 0, 0
L -2.0000, 266.0000, -13.0000,  -97.0000, 266.0000, -13.0000,  0, 0, 0
L -97.0000, 266.0000, -13.0000,  -97.0000, 310.0000, -13.0000,  0, 0, 0
L -100.0000, 318.0000, -13.0000,  -98.0000, 318.0000, -13.0000,  0, 0, 0
L -97.0000, 310.0000, -13.0000,  -98.0000, 310.0000, -13.0000,  0, 0, 0
L -100.0000, 318.0000, -13.0000,  -100.0000, 334.0000, -13.0000,  0, 0, 0
L -100.0000, 334.0000, -13.0000,  -152.0000, 334.0000, -13.0000,  0, 0, 0
L -152.0000, 334.0000, -13.0000,  -152.0000, 306.0000, -13.0000,  0, 0, 0
L -152.0000, 306.0000, -13.0000,  -170.0000, 306.0000, -13.0000,  0, 0, 0
L -170.0000, 306.0000, -13.0000,  -170.0000, 310.0000, -13.0000,  0, 0, 0
L -178.0000, 306.0000, -13.0000,  -178.0000, 310.0000, -13.0000,  0, 0, 0
L -178.0000, 310.0000, -13.0000,  -194.0000, 310.0000, -13.0000,  0, 0, 0
L -194.0000, 310.0000, -13.0000,  -194.0000, 334.0000, -13.0000,  0, 0, 0
L -194.0000, 334.0000, -13.0000,  -156.0000, 334.0000, -13.0000,  0, 0, 0
L -156.0000, 310.0000, -13.0000,  -156.0000, 334.0000, -13.0000,  0, 0, 0
L -156.0000, 310.0000, -13.0000,  -170.0000, 310.0000, -13.0000,  0, 0, 0
L -178.0000, 306.0000, -13.0000,  -194.0000, 306.0000, -13.0000,  0, 0, 0
L -194.0000, 306.0000, -13.0000,  -194.0000, 266.0000, -13.0000,  0, 0, 0
L -194.0000, 266.0000, -13.0000,  -100.0000, 266.0000, -13.0000,  0, 0, 0
L -100.0000, 266.0000, -13.0000,  -100.0000, 310.0000, -13.0000,  0, 0, 0
L -97.0000, 318.0000, -13.0000,  -97.0000, 350.0000, -13.0000,  0, 0, 0
L -97.0000, 350.0000, -13.0000,  -111.0000, 364.0000, -13.0000,  0, 0, 0
L -111.0000, 364.0000, -13.0000,  -110.0000, 391.0000, -13.0000,  0, 0, 0
L -110.0000, 391.0000, -13.0000,  -97.0000, 404.0000, -13.0000,  0, 0, 0
L -97.0000, 404.0000, -13.0000,  -70.0000, 404.0000, -13.0000,  0, 0, 0
L -70.0000, 404.0000, -13.0000,  -56.0000, 391.0000, -13.0000,  0, 0, 0
L -56.0000, 391.0000, -13.0000,  -56.0000, 364.0000, -13.0000,  0, 0, 0
L -56.0000, 364.0000, -13.0000,  -70.0000, 350.0000, -13.0000,  0, 0, 0
L -70.0000, 350.0000, -13.0000,  -70.0000, 318.0000, -13.0000,  0, 0, 0
L -87.0000, 370.0000, -13.0000,  -90.0000, 374.0000, -13.0000,  255, 255, 0
L -90.0000, 381.0000, -13.0000,  -87.0000, 384.0000, -13.0000,  255, 255, 0
L -80.0000, 384.0000, -13.0000,  -77.0000, 381.0000, -13.0000,  255, 255, 0
L -77.0000, 374.0000, -13.0000,  -80.0000, 370.0000, -13.0000,  255, 255, 0
L -70.0000, 278.0000, -13.0000,  -70.0000, 310.0000, -13.0000,  0, 0, 0
L -70.0000, 310.0000, -13.0000,  -68.0000, 310.0000, -13.0000,  0, 0, 0
L -67.0000, 310.0000, -13.0000,  -66.0000, 282.0000, -13.0000,  0, 0, 0
L -66.0000, 282.0000, -13.0000,  -2.0000, 282.0000, -13.0000,  0, 0, 0
L -2.0000, 282.0000, -13.0000,  -2.0000, 334.0000, -13.0000,  0, 0, 0
L -2.0000, 334.0000, -13.0000,  -66.0000, 334.0000, -13.0000,  0, 0, 0
L -66.0000, 334.0000, -13.0000,  -67.0000, 318.0000, -13.0000,  0, 0, 0
L -70.0000, 278.0000, -13.0000,  -2.0000, 278.0000, -13.0000,  0, 0, 0
L 81.0000, 207.0000, -13.0000,  81.0000, 212.0000, -13.0000,  0, 0, 0
L 81.0000, 212.0000, -13.0000,  83.0000, 212.0000, -13.0000,  0, 0, 0
L 86.0000, 210.0000, -13.0000,  86.0000, 212.0000, -13.0000,  0, 0, 0
L 154.0000, 210.0000, -13.0000,  86.0000, 210.0000, -13.0000,  0, 0, 0
L 156.0000, 222.0000, -13.0000,  86.0000, 222.0000, -13.0000,  0, 0, 0
L 82.0000, 226.0000, -13.0000,  81.0000, 226.0000, -13.0000,  0, 0, 0
L 180.0000, 178.0000, -13.0000,  180.0000, 254.0000, -13.0000,  0, 0, 0
L 180.0000, 254.0000, -13.0000,  128.0000, 254.0000, -13.0000,  0, 0, 0
L 128.0000, 254.0000, -13.0000,  128.0000, 226.0000, -13.0000,  0, 0, 0
L 128.0000, 226.0000, -13.0000,  156.0000, 226.0000, -13.0000,  0, 0, 0
L 156.0000, 226.0000, -13.0000,  156.0000, 222.0000, -13.0000,  0, 0, 0
L 180.0000, 170.0000, -13.0000,  182.0000, 170.0000, -13.0000,  0, 0, 0
L 180.0000, 178.0000, -13.0000,  182.0000, 178.0000, -13.0000,  0, 0, 0
L 184.0000, 178.0000, -13.0000,  184.0000, 222.0000, -13.0000,  0, 0, 0
L 184.0000, 222.0000, -13.0000,  250.0000, 222.0000, -13.0000,  0, 0, 0
L 250.0000, 222.0000, -13.0000,  250.0000, 126.0000, -13.0000,  0, 0, 0
L 250.0000, 126.0000, -13.0000,  184.0000, 126.0000, -13.0000,  0, 0, 0
L 184.0000, 126.0000, -13.0000,  184.0000, 170.0000, -13.0000,  0, 0, 0
L 180.0000, 170.0000, -13.0000,  180.0000, 126.0000, -13.0000,  0, 0, 0
L 180.0000, 126.0000, -13.0000,  154.0000, 126.0000, -13.0000,  0, 0, 0
L 154.0000, 126.0000, -13.0000,  154.0000, 170.0000, -13.0000,  0, 0, 0
L 154.0000, 178.0000, -13.0000,  152.0000, 178.0000, -13.0000,  0, 0, 0
L 154.0000, 170.0000, -13.0000,  152.0000, 170.0000, -13.0000,  0, 0, 0
L 150.0000, 170.0000, -13.0000,  150.0000, 126.0000, -13.0000,  0, 0, 0
L 150.0000, 126.0000, -13.0000,  98.0000, 126.0000, -13.0000,  0, 0, 0
L 98.0000, 126.0000, -13.0000,  98.0000, 206.0000, -13.0000,  0, 0, 0
L 98.0000, 206.0000, -13.0000,  150.0000, 206.0000, -13.0000,  0, 0, 0
L 150.0000, 178.0000, -13.0000,  150.0000, 206.0000, -13.0000,  0, 0, 0
L 154.0000, 178.0000, -13.0000,  154.0000, 210.0000, -13.0000,  0, 0, 0
L 86.0000, 278.0000, -13.0000,  154.0000, 278.0000, -13.0000,  0, 0, 0
L 154.0000, 278.0000, -13.0000,  154.0000, 290.0000, -13.0000,  0, 0, 0
L 154.0000, 290.0000, -13.0000,  154.0000, 310.0000, -13.0000,  0, 0, 0
L 86.0000, 266.0000, -13.0000,  180.0000, 266.0000, -13.0000,  0, 0, 0
L 180.0000, 266.0000, -13.0000,  180.0000, 310.0000, -13.0000,  0, 0, 0
L 180.0000, 318.0000, -13.0000,  180.0000, 351.0000, -15.0000,  0, 0, 0
L 202.0000, 338.0000, -14.0000,  180.0000, 351.0000, -15.0000,  0, 0, 0
L 188.0000, 347.0000, -14.0000,  187.0000, 351.0000, -16.0000,  0, 0, 0
L 187.0000, 351.0000, -16.0000,  179.0000, 355.0000, -16.0000,  0, 0, 0
L 179.0000, 355.0000, -16.0000,  174.0000, 353.0000, -14.0000,  0, 0, 0
L 174.0000, 353.0000, -14.0000,  167.0000, 357.0000, -14.0000,  0, 0, 0
L 167.0000, 357.0000, -14.0000,  162.0000, 355.0000, -14.0000,  0, 0, 0
L 162.0000, 355.0000, -14.0000,  155.0000, 349.0000, -13.0000,  0, 0, 0
L 155.0000, 349.0000, -13.0000,  153.0000, 352.0000, -14.0000,  0, 0, 0
L 153.0000, 352.0000, -14.0000,  152.0000, 352.0000, -14.0000,  0, 0, 0
L 152.0000, 352.0000, -14.0000,  154.0000, 349.0000, -13.0000,  0, 0, 0
L 154.0000, 349.0000, -13.0000,  154.0000, 318.0000, -13.0000,  0, 0, 0
L 180.0000, 318.0000, -13.0000,  184.0000, 318.0000, -13.0000,  0, 0, 0
L 180.0000, 310.0000, -13.0000,  184.0000, 310.0000, -13.0000,  0, 0, 0
L 184.0000, 310.0000, -13.0000,  184.0000, 266.0000, -13.0000,  0, 0, 0
L 184.0000, 266.0000, -13.0000,  250.0000, 266.0000, -13.0000,  0, 0, 0
L 250.0000, 266.0000, -13.0000,  250.0000, 334.0000, -13.0000,  0, 0, 0
L 250.0000, 334.0000, -13.0000,  245.0000, 334.0000, -13.0000,  0, 0, 0
L 238.0000, 334.0000, -13.0000,  221.0000, 334.0000, -13.0000,  0, 0, 0
L 209.0000, 334.0000, -13.0000,  184.0000, 334.0000, -13.0000,  0, 0, 0
L 184.0000, 334.0000, -13.0000,  184.0000, 318.0000, -13.0000,  0, 0, 0
L 221.0000, 334.0000, -13.0000,  218.0000, 338.0000, -13.0000,  0, 0, 0
L 218.0000, 338.0000, -13.0000,  242.0000, 338.0000, -13.0000,  0, 0, 0
L 238.0000, 334.0000, -13.0000,  242.0000, 338.0000, -13.0000,  0, 0, 0
L 249.0000, 338.0000, -13.0000,  245.0000, 334.0000, -13.0000,  0, 0, 0
L 249.0000, 338.0000, -13.0000,  254.0000, 338.0000, -14.0000,  0, 0, 0
L 254.0000, 338.0000, -14.0000,  254.0000, 328.0000, -18.0000,  0, 0, 0
L 254.0000, 328.0000, -18.0000,  258.0000, 323.0000, -19.0000,  0, 0, 0
L 258.0000, 323.0000, -19.0000,  263.0000, 324.0000, -19.0000,  0, 0, 0
L 263.0000, 324.0000, -19.0000,  275.0000, 322.0000, -20.0000,  0, 0, 0
L 275.0000, 322.0000, -20.0000,  278.0000, 329.0000, -22.0000,  0, 0, 0
L 278.0000, 329.0000, -22.0000,  274.0000, 341.0000, -24.0000,  0, 0, 0
L 274.0000, 341.0000, -24.0000,  278.0000, 355.0000, -22.0000,  0, 0, 0
L 278.0000, 355.0000, -22.0000,  276.0000, 365.0000, -21.0000,  0, 0, 0
L 276.0000, 365.0000, -21.0000,  268.0000, 369.0000, -20.0000,  0, 0, 0
L 268.0000, 377.0000, -21.0000,  268.0000, 369.0000, -21.0000,  0, 0, 0
L 268.0000, 377.0000, -21.0000,  263.0000, 380.0000, -22.0000,  0, 0, 0
L 263.0000, 380.0000, -22.0000,  253.0000, 381.0000, -25.0000,  0, 0, 0
L 253.0000, 381.0000, -25.0000,  249.0000, 388.0000, -27.0000,  0, 0, 0
L 249.0000, 388.0000, -27.0000,  240.0000, 386.0000, -28.0000,  0, 0, 0
L 240.0000, 386.0000, -28.0000,  231.0000, 390.0000, -29.0000,  0, 0, 0
L 231.0000, 390.0000, -29.0000,  214.0000, 385.0000, -35.0000,  0, 0, 0
L 214.0000, 385.0000, -35.0000,  212.0000, 380.0000, -37.0000,  0, 0, 0
L 212.0000, 380.0000, -37.0000,  201.0000, 378.0000, -41.0000,  0, 0, 0
L 201.0000, 378.0000, -41.0000,  193.0000, 382.0000, -41.0000,  0, 0, 0
L 193.0000, 382.0000, -41.0000,  188.0000, 393.0000, -40.0000,  0, 0, 0
L 189.0000, 396.0000, -39.0000,  188.0000, 393.0000, -40.0000,  0, 0, 0
L 189.0000, 396.0000, -39.0000,  180.0000, 405.0000, -41.0000,  0, 0, 0
L 180.0000, 405.0000, -41.0000,  180.0000, 476.0000, -41.0000,  0, 0, 0
L 180.0000, 476.0000, -41.0000,  226.0000, 476.0000, -41.0000,  0, 0, 0
L 209.0000, 334.0000, -13.0000,  207.0000, 338.0000, -13.0000,  0, 0, 0
L 207.0000, 338.0000, -13.0000,  202.0000, 338.0000, -14.0000,  0, 0, 0
L 202.0000, 338.0000, -14.0000,  206.0000, 349.0000, -15.0000,  150, 150, 150
L 206.0000, 349.0000, -15.0000,  212.0000, 350.0000, -15.0000,  150, 150, 150
L 212.0000, 350.0000, -15.0000,  217.0000, 355.0000, -17.0000,  150, 150, 150
L 217.0000, 355.0000, -17.0000,  228.0000, 349.0000, -13.0000,  150, 150, 150
L 228.0000, 349.0000, -13.0000,  238.0000, 351.0000, -13.0000,  150, 150, 150
L 238.0000, 351.0000, -13.0000,  250.0000, 345.0000, -13.0000,  150, 150, 150
L 250.0000, 345.0000, -13.0000,  258.0000, 348.0000, -15.0000,  150, 150, 150
L 258.0000, 348.0000, -15.0000,  259.0000, 340.0000, -26.0000,  150, 150, 150
L 273.0000, 354.0000, -27.0000,  269.0000, 342.0000, -26.0000,  150, 150, 150
L 269.0000, 342.0000, -26.0000,  259.0000, 340.0000, -26.0000,  150, 150, 150
L 273.0000, 354.0000, -27.0000,  263.0000, 362.0000, -21.0000,  150, 150, 150
L 263.0000, 362.0000, -21.0000,  259.0000, 370.0000, -22.0000,  150, 150, 150
L 259.0000, 370.0000, -22.0000,  247.0000, 376.0000, -25.0000,  150, 150, 150
L 247.0000, 376.0000, -25.0000,  235.0000, 379.0000, -32.0000,  150, 150, 150
L 235.0000, 379.0000, -32.0000,  229.0000, 370.0000, -39.0000,  150, 150, 150
L 152.0000, 352.0000, -14.0000,  140.0000, 364.0000, -41.0000,  0, 0, 0
L 140.0000, 364.0000, -41.0000,  140.0000, 391.0000, -41.0000,  0, 0, 0
L 140.0000, 391.0000, -41.0000,  154.0000, 405.0000, -41.0000,  0, 0, 0
L 154.0000, 405.0000, -41.0000,  154.0000, 476.0000, -41.0000,  0, 0, 0
L 154.0000, 476.0000, -41.0000,  111.0000, 476.0000, -41.0000,  0, 0, 0
L 224.0000, 502.0000, -41.0000,  98.0000, 502.0000, -41.0000,  0, 0, 0
L 224.0000, 502.0000, -41.0000,  224.0000, 532.0000, -41.0000,  0, 0, 0
L 224.0000, 532.0000, -41.0000,  197.0000, 532.0000, -41.0000,  0, 0, 0
L 194.0000, 544.0000, -41.0000,  197.0000, 544.0000, -41.0000,  0, 0, 0
L 236.0000, 472.0000, -41.0000,  264.0000, 472.0000, -41.0000,  0, 0, 0
L 264.0000, 472.0000, -41.0000,  264.0000, 420.0000, -41.0000,  0, 0, 0
L 264.0000, 420.0000, -41.0000,  196.0000, 420.0000, -41.0000,  0, 0, 0
L 196.0000, 420.0000, -41.0000,  196.0000, 472.0000, -41.0000,  0, 0, 0
L 196.0000, 472.0000, -41.0000,  226.0000, 472.0000, -41.0000,  0, 0, 0
L 236.0000, 544.0000, -41.0000,  236.0000, 474.0000, -41.0000,  0, 0, 0
L 194.0000, 532.0000, -41.0000,  194.0000, 518.0000, -41.0000,  0, 0, 0
L 194.0000, 518.0000, -41.0000,  154.0000, 518.0000, -41.0000,  0, 0, 0
L 154.0000, 518.0000, -41.0000,  154.0000, 548.0000, -41.0000,  0, 0, 0
L 194.0000, 556.0000, -69.0000,  194.0000, 568.0000, -69.0000,  0, 0, 0
L 194.0000, 568.0000, -69.0000,  194.0000, 578.0000, -69.0000,  0, 0, 0
L 194.0000, 568.0000, -69.0000,  192.0000, 566.0000, -69.0000,  150, 150, 150
L 187.0000, 566.0000, -69.0000,  192.0000, 566.0000, -69.0000,  150, 150, 150
L 187.0000, 566.0000, -69.0000,  185.0000, 568.0000, -68.0000,  150, 150, 150
L 185.0000, 568.0000, -68.0000,  183.0000, 569.0000, -67.0000,  150, 150, 150
L 183.0000, 569.0000, -67.0000,  180.0000, 572.0000, -67.0000,  150, 150, 150
L 180.0000, 572.0000, -67.0000,  182.0000, 574.0000, -68.0000,  150, 150, 150
L 182.0000, 574.0000, -68.0000,  183.0000, 576.0000, -68.0000,  150, 150, 150
L 183.0000, 576.0000, -68.0000,  185.0000, 578.0000, -69.0000,  150, 150, 150
L 185.0000, 578.0000, -69.0000,  194.0000, 578.0000, -69.0000,  150, 150, 150
L 181.0000, 628.0000, -69.0000,  194.0000, 628.0000, -69.0000,  0, 0, 0
L 168.0000, 628.0000, -69.0000,  154.0000, 628.0000, -69.0000,  0, 0, 0
L 154.0000, 628.0000, -69.0000,  154.0000, 602.0000, -69.0000,  0, 0, 0
L 154.0000, 602.0000, -69.0000,  154.0000, 598.6000, -67.2000,  0, 0, 0
L 164.0000, 602.0000, -69.0000,  168.0000, 602.0000, -69.0000,  150, 150, 150
L 168.0000, 602.0000, -69.0000,  168.0000, 546.0000, -61.0000,  150, 150, 150
L 168.0000, 546.0000, -61.0000,  180.0000, 546.0000, -65.0000,  150, 150, 150
L 180.0000, 546.0000, -65.0000,  180.0000, 554.0000, -64.0000,  150, 150, 150
L 180.0000, 554.0000, -64.0000,  183.0000, 556.0000, -68.0000,  150, 150, 150
L 194.0000, 556.0000, -69.0000,  183.0000, 556.0000, -68.0000,  150, 150, 150
L 188.0000, 584.0000, -67.0000,  185.0000, 584.0000, -69.0000,  150, 150, 150
L 183.0000, 584.0000, -69.0000,  180.0000, 587.0000, -69.0000,  150, 150, 150
L 180.0000, 587.0000, -69.0000,  180.0000, 602.0000, -69.0000,  150, 150, 150
L 180.0000, 602.0000, -69.0000,  184.0000, 602.0000, -69.0000,  150, 150, 150
L 184.0000, 602.0000, -69.0000,  185.0000, 584.0000, -69.0000,  150, 150, 150
L 191.0000, 586.0000, -63.0000,  188.0000, 584.0000, -67.0000,  150, 150, 150
L 194.0000, 589.0000, -69.0000,  191.0000, 586.0000, -63.0000,  150, 150, 150
L 164.0000, 542.0000, -41.0000,  184.0000, 542.0000, -41.0000,  150, 150, 150
L 184.0000, 542.0000, -41.0000,  184.0000, 554.0000, -44.0000,  150, 150, 150
L 184.0000, 554.0000, -46.0000,  184.0000, 554.0000, -44.0000,  150, 150, 150
L 194.0000, 544.0000, -41.0000,  194.0000, 553.0000, -45.0000,  0, 0, 0
L 194.0000, 553.0000, -45.0000,  187.0000, 553.0000, -45.0000,  150, 150, 150
L 187.0000, 553.0000, -45.0000,  186.0000, 554.0000, -46.0000,  150, 150, 150
L 186.0000, 554.0000, -46.0000,  184.0000, 554.0000, -46.0000,  150, 150, 150
L 124.0000, 460.0000, -41.0000,  124.0000, 364.0000, -41.0000,  0, 0, 0
L 124.0000, 364.0000, -41.0000,  72.0000, 364.0000, -41.0000,  0, 0, 0
L 72.0000, 364.0000, -41.0000,  72.0000, 422.0000, -41.0000,  0, 0, 0
L 72.0000, 422.0000, -41.0000,  70.0000, 422.0000, -41.0000,  0, 0, 0
L 69.0000, 422.0000, -41.0000,  69.0000, 406.0000, -41.0000,  0, 0, 0
L 69.0000, 406.0000, -41.0000,  55.0000, 392.0000, -41.0000,  0, 0, 0
L 55.0000, 392.0000, -41.0000,  55.0000, 384.0000, -36.0000,  0, 0, 0
L 55.0000, 384.0000, -36.0000,  53.0000, 384.0000, -33.0000,  0, 0, 0
L 53.0000, 384.0000, -33.0000,  48.0000, 382.0000, -37.0000,  0, 0, 0
L 48.0000, 382.0000, -37.0000,  42.0000, 379.0000, -32.0000,  0, 0, 0
L 42.0000, 379.0000, -32.0000,  36.0000, 378.0000, -30.0000,  0, 0, 0
L 36.0000, 378.0000, -30.0000,  30.0000, 380.0000, -29.0000,  0, 0, 0
L 30.0000, 380.0000, -29.0000,  29.0000, 382.0000, -31.0000,  0, 0, 0
L 29.0000, 382.0000, -31.0000,  28.0000, 392.0000, -40.0000,  0, 0, 0
L 28.0000, 392.0000, -40.0000,  14.0000, 406.0000, -41.0000,  0, 0, 0
L 14.0000, 406.0000, -41.0000,  14.0000, 422.0000, -41.0000,  0, 0, 0
L 14.0000, 422.0000, -41.0000,  12.0000, 422.0000, -41.0000,  0, 0, 0
L 11.0000, 422.0000, -41.0000,  11.0000, 364.0000, -41.0000,  0, 0, 0
L 11.0000, 364.0000, -41.0000,  -55.0000, 364.0000, -41.0000,  0, 0, 0
L -55.0000, 364.0000, -41.0000,  -55.0000, 408.0000, -41.0000,  0, 0, 0
L -55.0000, 416.0000, -41.0000,  -54.0000, 460.0000, -41.0000,  0, 0, 0
L -54.0000, 460.0000, -41.0000,  -27.0000, 460.0000, -41.0000,  0, 0, 0
L -27.0000, 460.0000, -41.0000,  -27.0000, 560.0000, -41.0000,  0, 0, 0
L 14.0000, 572.0000, -41.0000,  14.0000, 576.5000, -41.0000,  0, 0, 0
L 14.0000, 600.0000, -41.0000,  69.0000, 600.0000, -41.0000,  0, 0, 0
L 69.0000, 600.0000, -41.0000,  69.0000, 532.0000, -41.0000,  0, 0, 0
L 69.0000, 532.0000, -41.0000,  14.0000, 532.0000, -41.0000,  0, 0, 0
L 14.0000, 532.0000, -41.0000,  14.0000, 560.0000, -41.0000,  0, 0, 0
L 11.0000, 572.0000, -41.0000,  13.0000, 572.0000, -41.0000,  0, 0, 0
L 14.0000, 560.0000, -41.0000,  13.0000, 560.0000, -41.0000,  0, 0, 0
L 13.0000, 560.0000, -41.0000,  -14.0000, 560.0000, -41.0000,  0, 0, 0
L -14.0000, 560.0000, -41.0000,  -14.0000, 460.0000, -41.0000,  0, 0, 0
L -56.0000, 600.0000, -41.0000,  -111.0000, 600.0000, -41.0000,  0, 0, 0
L -111.0000, 600.0000, -41.0000,  -111.0000, 572.0000, -41.0000,  0, 0, 0
L -111.0000, 560.0000, -41.0000,  -111.0000, 532.0000, -41.0000,  0, 0, 0
L -110.0000, 572.0000, -41.0000,  -111.0000, 572.0000, -41.0000,  0, 0, 0
L -156.0000, 560.0000, -41.0000,  -113.0000, 560.0000, -41.0000,  0, 0, 0
L -156.0000, 556.0000, -41.0000,  -126.0000, 556.0000, -41.0000,  0, 0, 0
L -126.0000, 556.0000, -41.0000,  -126.0000, 504.0000, -41.0000,  0, 0, 0
L -126.0000, 504.0000, -41.0000,  -195.0000, 504.0000, -41.0000,  0, 0, 0
L -195.0000, 504.0000, -41.0000,  -195.0000, 556.0000, -41.0000,  0, 0, 0
L -195.0000, 556.0000, -41.0000,  -167.0000, 556.0000, -41.0000,  0, 0, 0
L -167.0000, 572.0000, -41.0000,  -167.0000, 558.0000, -41.0000,  0, 0, 0
L -14.0000, 460.0000, -41.0000,  11.0000, 460.0000, -41.0000,  0, 0, 0
L 11.0000, 460.0000, -41.0000,  11.0000, 430.0000, -41.0000,  0, 0, 0
L -55.0000, 416.0000, -41.0000,  -58.0000, 416.0000, -41.0000,  0, 0, 0
L -55.0000, 408.0000, -41.0000,  -58.0000, 408.0000, -41.0000,  0, 0, 0
L -58.0000, 408.0000, -41.0000,  -58.0000, 392.0000, -41.0000,  0, 0, 0
L -58.0000, 392.0000, -41.0000,  -111.0000, 392.0000, -41.0000,  0, 0, 0
L -111.0000, 392.0000, -41.0000,  -111.0000, 460.0000, -41.0000,  0, 0, 0
L -111.0000, 460.0000, -41.0000,  -58.0000, 460.0000, -41.0000,  0, 0, 0
L -58.0000, 460.0000, -41.0000,  -58.0000, 416.0000, -41.0000,  0, 0, 0
L 14.0000, 430.0000, -41.0000,  14.0000, 447.0000, -41.0000,  0, 0, 0
L 14.0000, 447.0000, -41.0000,  28.0000, 460.0000, -41.0000,  0, 0, 0
L 28.0000, 460.0000, -41.0000,  55.0000, 460.0000, -41.0000,  0, 0, 0
L 55.0000, 460.0000, -41.0000,  69.0000, 447.0000, -41.0000,  0, 0, 0
L 69.0000, 430.0000, -41.0000,  69.0000, 447.0000, -41.0000,  0, 0, 0
L 69.0000, 430.0000, -41.0000,  70.0000, 430.0000, -41.0000,  0, 0, 0
L 72.0000, 430.0000, -41.0000,  72.0000, 460.0000, -41.0000,  0, 0, 0
L 151.0000, 318.0000, -13.0000,  151.0000, 334.0000, -13.0000,  0, 0, 0
L 151.0000, 334.0000, -13.0000,  86.0000, 334.0000, -13.0000,  0, 0, 0
L 86.0000, 334.0000, -13.0000,  86.0000, 282.0000, -13.0000,  0, 0, 0
L 86.0000, 282.0000, -13.0000,  151.0000, 282.0000, -13.0000,  0, 0, 0
L 151.0000, 282.0000, -13.0000,  151.0000, 310.0000, -13.0000,  0, 0, 0
L 11.0000, 430.0000, -41.0000,  12.0000, 430.0000, -41.0000,  0, 0, 0
L 181.0000, 652.0000, -70.0000,  191.0000, 662.0000, -70.0000,  0, 255, 0
L 191.0000, 662.0000, -70.0000,  191.0000, 683.0000, -70.0000,  0, 255, 0
L 191.0000, 683.0000, -70.0000,  162.0000, 692.0000, -70.0000,  0, 255, 0
L 162.0000, 692.0000, -70.0000,  142.0000, 683.0000, -70.0000,  0, 255, 0
L 142.0000, 683.0000, -70.0000,  142.0000, 669.0000, -69.0000,  0, 255, 0
L 142.0000, 669.0000, -69.0000,  140.0000, 659.0000, -69.0000,  0, 255, 0
L 140.0000, 659.0000, -69.0000,  140.0000, 656.0000, -69.0000,  0, 255, 0
L 140.0000, 656.0000, -69.0000,  83.0000, 656.0000, -69.0000,  0, 255, 0
L 83.0000, 656.0000, -69.0000,  83.0000, 667.0000, -69.0000,  0, 255, 0
L 83.0000, 667.0000, -69.0000,  82.0000, 667.0000, -69.0000,  0, 255, 0
L 81.0000, 672.0000, -69.0000,  81.0000, 670.0000, -69.0000,  0, 255, 0
L 82.0000, 667.0000, -69.0000,  81.0000, 667.0000, -69.0000,  0, 255, 0
L 70.0000, 667.0000, -69.0000,  72.0000, 667.0000, -69.0000,  0, 255, 0
L 72.0000, 672.0000, -69.0000,  72.0000, 670.0000, -69.0000,  0, 255, 0
L 70.0000, 667.0000, -69.0000,  70.0000, 656.0000, -69.0000,  0, 255, 0
L 70.0000, 656.0000, -69.0000,  14.0000, 656.0000, -69.0000,  0, 255, 0
L 14.0000, 656.0000, -69.0000,  14.0000, 630.0000, -69.0000,  0, 255, 0
L 14.0000, 630.0000, -69.0000,  28.0000, 630.0000, -69.0000,  0, 255, 0
L 28.0000, 630.0000, -69.0000,  28.0000, 605.0000, -69.0000,  0, 255, 0
L 28.0000, 605.0000, -69.0000,  30.0000, 605.0000, -69.0000,  0, 255, 0
L 30.0000, 600.0000, -69.0000,  30.0000, 603.0000, -69.0000,  0, 255, 0
L 39.0000, 600.0000, -69.0000,  39.0000, 603.0000, -69.0000,  0, 255, 0
L 41.0000, 605.0000, -69.0000,  39.0000, 605.0000, -69.0000,  0, 255, 0
L 41.0000, 605.0000, -69.0000,  41.0000, 630.0000, -69.0000,  0, 255, 0
L 145.0000, 630.0000, -69.0000,  155.0000, 644.0000, -69.0000,  0, 255, 0
L 155.0000, 644.0000, -69.0000,  162.0000, 644.0000, -70.0000,  0, 255, 0
L 162.0000, 644.0000, -70.0000,  168.0000, 640.0000, -69.0000,  0, 255, 0
L 39.0000, 600.0000, -69.0000,  69.0000, 600.0000, -69.0000,  0, 255, 0
L 69.0000, 600.0000, -69.0000,  69.0000, 532.0000, -69.0000,  0, 255, 0
L 69.0000, 532.0000, -69.0000,  14.0000, 532.0000, -69.0000,  0, 255, 0
L 14.0000, 532.0000, -69.0000,  14.0000, 600.0000, -69.0000,  0, 255, 0
L 14.0000, 600.0000, -69.0000,  30.0000, 600.0000, -69.0000,  0, 255, 0
L 121.0000, 593.0000, -70.0000,  98.0000, 615.0000, -70.0000,  0, 255, 0
L 98.0000, 615.0000, -70.0000,  98.0000, 610.0000, -70.0000,  0, 255, 0
L 121.0000, 593.0000, -70.0000,  111.0000, 574.0000, -69.0000,  0, 255, 0
L 111.0000, 574.0000, -69.0000,  111.0000, 517.0000, -69.0000,  0, 255, 0
L 95.0000, 610.0000, -69.0000,  98.0000, 610.0000, -70.0000,  0, 255, 0
L 111.0000, 517.0000, -69.0000,  139.0000, 489.0000, -67.0000,  0, 255, 0
L 139.0000, 489.0000, -67.0000,  139.0000, 461.0000, -68.0000,  0, 255, 0
L 139.0000, 461.0000, -68.0000,  153.0000, 447.0000, -71.0000,  0, 255, 0
L 153.0000, 447.0000, -71.0000,  167.0000, 419.0000, -75.0000,  0, 255, 0
L 167.0000, 419.0000, -75.0000,  167.0000, 406.0000, -76.0000,  0, 255, 0
L 167.0000, 406.0000, -76.0000,  139.0000, 350.0000, -86.0000,  0, 255, 0
L 139.0000, 350.0000, -86.0000,  111.0000, 336.0000, -86.0000,  0, 255, 0
L 111.0000, 336.0000, -86.0000,  84.0000, 350.0000, -83.0000,  0, 255, 0
L 84.0000, 350.0000, -83.0000,  84.0000, 377.0000, -80.0000,  0, 255, 0
L 84.0000, 377.0000, -80.0000,  111.0000, 390.0000, -80.0000,  0, 255, 0
L 111.0000, 390.0000, -80.0000,  125.0000, 376.0000, -82.0000,  0, 255, 0
L 125.0000, 376.0000, -82.0000,  140.0000, 391.0000, -79.0000,  0, 255, 0
L 140.0000, 391.0000, -79.0000,  140.0000, 406.0000, -76.0000,  0, 255, 0
L 140.0000, 406.0000, -76.0000,  126.0000, 434.0000, -72.0000,  0, 255, 0
L 126.0000, 434.0000, -72.0000,  126.0000, 449.0000, -71.0000,  0, 255, 0
L 126.0000, 449.0000, -71.0000,  97.0000, 434.0000, -64.0000,  0, 255, 0
L 97.0000, 434.0000, -64.0000,  70.0000, 448.0000, -69.0000,  0, 255, 0
L 70.0000, 448.0000, -69.0000,  55.0000, 448.0000, -69.0000,  0, 255, 0
L 55.0000, 448.0000, -69.0000,  41.0000, 420.0000, -70.0000,  0, 255, 0
L 41.0000, 420.0000, -70.0000,  26.0000, 405.0000, -68.0000,  0, 255, 0
L 26.0000, 405.0000, -68.0000,  13.0000, 378.0000, -69.0000,  0, 255, 0
L 13.0000, 378.0000, -70.0000,  -14.0000, 364.0000, -70.0000,  0, 255, 0
L -14.0000, 364.0000, -70.0000,  -56.0000, 364.0000, -69.0000,  0, 255, 0
L -56.0000, 364.0000, -69.0000,  -70.0000, 350.0000, -69.0000,  0, 255, 0
L -70.0000, 350.0000, -69.0000,  -97.0000, 350.0000, -69.0000,  0, 255, 0
L -97.0000, 350.0000, -69.0000,  -111.0000, 364.0000, -69.0000,  0, 255, 0
L -111.0000, 364.0000, -69.0000,  -111.0000, 391.0000, -69.0000,  0, 255, 0
L -111.0000, 391.0000, -69.0000,  -97.0000, 404.0000, -69.0000,  0, 255, 0
L -97.0000, 404.0000, -69.0000,  -70.0000, 404.0000, -69.0000,  0, 255, 0
L -70.0000, 404.0000, -69.0000,  -51.0000, 386.0000, -69.0000,  0, 255, 0
L -51.0000, 386.0000, -69.0000,  -13.0000, 404.0000, -68.0000,  0, 255, 0
L -13.0000, 404.0000, -68.0000,  14.0000, 433.0000, -69.0000,  0, 255, 0
L 14.0000, 433.0000, -69.0000,  14.0000, 462.0000, -69.0000,  0, 255, 0
L 14.0000, 462.0000, -69.0000,  0.0000, 462.0000, -76.0000,  0, 255, 0
L 0.0000, 462.0000, -76.0000,  -14.0000, 447.0000, -77.0000,  0, 255, 0
L -14.0000, 447.0000, -77.0000,  -14.0000, 434.0000, -77.0000,  0, 255, 0
L -14.0000, 434.0000, -77.0000,  -28.0000, 420.0000, -77.0000,  0, 255, 0
L -28.0000, 420.0000, -77.0000,  -55.0000, 420.0000, -77.0000,  0, 255, 0
L -55.0000, 420.0000, -77.0000,  -55.0000, 447.0000, -77.0000,  0, 255, 0
L -55.0000, 447.0000, -77.0000,  -42.0000, 459.0000, -77.0000,  0, 255, 0
L -43.0000, 478.0000, -77.0000,  -56.0000, 491.0000, -82.0000,  0, 255, 0
L -43.0000, 478.0000, -77.0000,  -36.0000, 482.0000, -78.0000,  0, 255, 0
L -36.0000, 482.0000, -78.0000,  -26.0000, 475.0000, -75.0000,  0, 255, 0
L -26.0000, 475.0000, -75.0000,  -19.0000, 461.0000, -77.0000,  0, 255, 0
L -19.0000, 461.0000, -77.0000,  -26.0000, 450.0000, -78.0000,  0, 255, 0
L -26.0000, 450.0000, -78.0000,  -40.0000, 456.0000, -77.0000,  0, 255, 0
L -40.0000, 456.0000, -77.0000,  -42.0000, 459.0000, -77.0000,  0, 255, 0
L -56.0000, 491.0000, -82.0000,  -70.0000, 462.0000, -83.0000,  0, 255, 0
L -70.0000, 462.0000, -83.0000,  -97.0000, 448.0000, -83.0000,  0, 255, 0
L -97.0000, 448.0000, -83.0000,  -111.0000, 462.0000, -81.0000,  0, 255, 0
L -111.0000, 462.0000, -81.0000,  -111.0000, 489.0000, -75.0000,  0, 255, 0
L -111.0000, 489.0000, -75.0000,  -69.0000, 502.0000, -79.0000,  0, 255, 0
L -69.0000, 502.0000, -79.0000,  -42.0000, 502.0000, -78.0000,  0, 255, 0
L -42.0000, 502.0000, -78.0000,  -29.0000, 489.0000, -78.0000,  0, 255, 0
L -29.0000, 489.0000, -78.0000,  0.0000, 475.0000, -74.0000,  0, 255, 0
L 0.0000, 475.0000, -74.0000,  13.0000, 474.0000, -69.0000,  0, 255, 0
L 13.0000, 474.0000, -69.0000,  42.0000, 502.0000, -69.0000,  0, 255, 0
L 42.0000, 502.0000, -69.0000,  84.0000, 517.0000, -70.0000,  0, 255, 0
L 81.0000, 672.0000, -69.0000,  128.0000, 672.0000, -60.0000,  0, 255, 0
L 128.0000, 672.0000, -60.0000,  126.0000, 681.0000, -60.0000,  0, 255, 0
L 126.0000, 681.0000, -60.0000,  130.0000, 694.0000, -60.0000,  0, 255, 0
L 130.0000, 694.0000, -60.0000,  139.0000, 696.0000, -60.0000,  0, 255, 0
L 139.0000, 696.0000, -60.0000,  139.0000, 700.0000, -63.0000,  0, 255, 0
L 139.0000, 700.0000, -63.0000,  142.0000, 700.0000, -62.0000,  0, 255, 0
L 142.0000, 697.0000, -60.0000,  142.0000, 700.0000, -62.0000,  0, 255, 0
L 142.0000, 697.0000, -60.0000,  148.0000, 700.0000, -61.0000,  0, 255, 0
L 148.0000, 700.0000, -61.0000,  150.0000, 712.0000, -71.0000,  0, 255, 0
L 150.0000, 712.0000, -71.0000,  154.0000, 712.0000, -71.0000,  0, 255, 0
L 154.0000, 712.0000, -71.0000,  156.0000, 723.0000, -71.0000,  0, 255, 0
L 156.0000, 723.0000, -71.0000,  151.0000, 740.0000, -70.0000,  0, 255, 0
L 151.0000, 740.0000, -70.0000,  157.0000, 756.0000, -70.0000,  0, 255, 0
L 157.0000, 756.0000, -70.0000,  173.0000, 766.0000, -70.0000,  0, 255, 0
L 173.0000, 766.0000, -70.0000,  173.0000, 783.0000, -71.0000,  0, 255, 0
L 173.0000, 783.0000, -71.0000,  155.0000, 802.0000, -72.0000,  0, 255, 0
L 155.0000, 802.0000, -72.0000,  131.0000, 786.0000, -71.0000,  0, 255, 0
L 131.0000, 786.0000, -71.0000,  118.0000, 784.0000, -70.0000,  0, 255, 0
L 118.0000, 784.0000, -70.0000,  113.0000, 780.0000, -71.0000,  0, 255, 0
L 113.0000, 780.0000, -71.0000,  91.0000, 780.0000, -71.0000,  0, 255, 0
L 91.0000, 780.0000, -71.0000,  91.0000, 784.0000, -69.0000,  0, 255, 0
L 91.0000, 784.0000, -69.0000,  111.0000, 784.0000, -69.0000,  0, 255, 0
L 111.0000, 784.0000, -69.0000,  139.0000, 812.0000, -69.0000,  0, 255, 0
L 139.0000, 812.0000, -69.0000,  139.0000, 840.0000, -69.0000,  0, 255, 0
L 139.0000, 840.0000, -69.0000,  178.0000, 840.0000, -69.0000,  0, 255, 0
L 178.0000, 842.0000, -69.0000,  180.0000, 842.0000, -69.0000,  0, 255, 0
L 182.0000, 842.0000, -69.0000,  182.0000, 798.0000, -69.0000,  0, 255, 0
L 182.0000, 798.0000, -69.0000,  237.0000, 798.0000, -69.0000,  0, 255, 0
L 237.0000, 798.0000, -69.0000,  237.0000, 894.0000, -69.0000,  0, 255, 0
L 237.0000, 894.0000, -69.0000,  209.0000, 894.0000, -69.0000,  0, 255, 0
L 209.0000, 894.0000, -69.0000,  209.0000, 909.0000, -71.0000,  0, 255, 0
L 209.0000, 909.0000, -71.0000,  223.0000, 937.0000, -70.0000,  0, 255, 0
L 223.0000, 937.0000, -70.0000,  222.0000, 965.0000, -71.0000,  0, 255, 0
L 222.0000, 965.0000, -71.0000,  209.0000, 992.0000, -71.0000,  0, 255, 0
L 209.0000, 992.0000, -71.0000,  181.0000, 1006.0000, -68.0000,  0, 255, 0
L 181.0000, 1006.0000, -68.0000,  111.0000, 978.0000, -69.0000,  0, 255, 0
L 111.0000, 978.0000, -69.0000,  111.0000, 1006.0000, -69.0000,  0, 255, 0
L 111.0000, 1006.0000, -69.0000,  28.0000, 1006.0000, -69.0000,  0, 255, 0
L 28.0000, 1006.0000, -69.0000,  28.0000, 952.0000, -69.0000,  0, 255, 0
L 28.0000, 952.0000, -69.0000,  72.0000, 952.0000, -69.0000,  0, 255, 0
L 81.0000, 952.0000, -69.0000,  81.0000, 950.0000, -69.0000,  0, 255, 0
L 72.0000, 947.0000, -69.0000,  72.0000, 950.0000, -69.0000,  0, 255, 0
L 81.0000, 947.0000, -69.0000,  83.0000, 947.0000, -69.0000,  0, 255, 0
L 83.0000, 947.0000, -69.0000,  83.0000, 908.0000, -69.0000,  0, 255, 0
L 70.0000, 947.0000, -69.0000,  72.0000, 947.0000, -69.0000,  0, 255, 0
L 81.0000, 952.0000, -69.0000,  111.0000, 952.0000, -69.0000,  0, 255, 0
L 111.0000, 952.0000, -69.0000,  111.0000, 966.0000, -69.0000,  0, 255, 0
L 70.0000, 947.0000, -69.0000,  70.0000, 908.0000, -69.0000,  0, 255, 0
L 70.0000, 908.0000, -69.0000,  42.0000, 908.0000, -69.0000,  0, 255, 0
L 42.0000, 908.0000, -69.0000,  14.0000, 881.0000, -69.0000,  0, 255, 0
L 14.0000, 881.0000, -69.0000,  14.0000, 852.0000, -69.0000,  0, 255, 0
L 14.0000, 852.0000, -69.0000,  -24.0000, 852.0000, -69.0000,  0, 255, 0
L -24.0000, 852.0000, -69.0000,  -24.0000, 850.0000, -69.0000,  0, 255, 0
L -24.0000, 842.0000, -69.0000,  -26.0000, 842.0000, -69.0000,  0, 255, 0
L -28.0000, 850.0000, -69.0000,  -26.0000, 850.0000, -69.0000,  0, 255, 0
L -28.0000, 850.0000, -69.0000,  -28.0000, 894.0000, -69.0000,  0, 255, 0
L -28.0000, 894.0000, -69.0000,  -83.0000, 894.0000, -69.0000,  0, 255, 0
L -83.0000, 836.0000, -69.0000,  -87.0000, 836.0000, -69.0000,  0, 255, 0
L -87.0000, 836.0000, -69.0000,  -87.0000, 838.0000, -69.0000,  0, 255, 0
L -87.0000, 838.0000, -69.0000,  -98.0000, 838.0000, -69.0000,  0, 255, 0
L -98.0000, 838.0000, -69.0000,  -98.0000, 867.0000, -69.0000,  0, 255, 0
L -98.0000, 867.0000, -69.0000,  -126.0000, 894.0000, -69.0000,  0, 255, 0
L -126.0000, 894.0000, -69.0000,  -153.0000, 880.0000, -69.0000,  0, 255, 0
L -153.0000, 880.0000, -69.0000,  -180.0000, 853.0000, -69.0000,  0, 255, 0
L -180.0000, 853.0000, -69.0000,  -166.0000, 825.0000, -68.0000,  0, 255, 0
L -166.0000, 825.0000, -68.0000,  -139.0000, 798.0000, -69.0000,  0, 255, 0
L -139.0000, 798.0000, -69.0000,  -126.0000, 798.0000, -69.0000,  0, 255, 0
L -126.0000, 798.0000, -69.0000,  -98.0000, 812.0000, -66.0000,  0, 255, 0
L -98.0000, 812.0000, -66.0000,  -98.0000, 826.0000, -69.0000,  0, 255, 0
L -98.0000, 826.0000, -69.0000,  -87.0000, 826.0000, -69.0000,  0, 255, 0
L -87.0000, 828.0000, -69.0000,  -83.0000, 828.0000, -69.0000,  0, 255, 0
L -87.0000, 826.0000, -69.0000,  -87.0000, 828.0000, -69.0000,  0, 255, 0
L -83.0000, 836.0000, -69.0000,  -83.0000, 894.0000, -69.0000,  0, 255, 0
L -83.0000, 828.0000, -69.0000,  -83.0000, 798.0000, -69.0000,  0, 255, 0
L -83.0000, 798.0000, -69.0000,  -28.0000, 798.0000, -69.0000,  0, 255, 0
L -28.0000, 798.0000, -69.0000,  -28.0000, 842.0000, -69.0000,  0, 255, 0
L -24.0000, 842.0000, -69.0000,  -24.0000, 840.0000, -69.0000,  0, 255, 0
L -24.0000, 840.0000, -69.0000,  14.0000, 840.0000, -69.0000,  0, 255, 0
L 14.0000, 840.0000, -69.0000,  14.0000, 812.0000, -69.0000,  0, 255, 0
L 14.0000, 812.0000, -69.0000,  42.0000, 784.0000, -69.0000,  0, 255, 0
L 42.0000, 784.0000, -69.0000,  70.0000, 784.0000, -69.0000,  0, 255, 0
L 70.0000, 784.0000, -69.0000,  70.0000, 745.0000, -69.0000,  0, 255, 0
L 70.0000, 745.0000, -69.0000,  72.0000, 745.0000, -69.0000,  0, 255, 0
L 72.0000, 745.0000, -69.0000,  72.0000, 740.0000, -69.0000,  0, 255, 0
L 72.0000, 740.0000, -69.0000,  28.0000, 740.0000, -69.0000,  0, 255, 0
L 28.0000, 740.0000, -69.0000,  28.0000, 710.0000, -69.0000,  0, 255, 0
L 28.0000, 702.0000, -69.0000,  28.0000, 672.0000, -69.0000,  0, 255, 0
L 28.0000, 672.0000, -69.0000,  72.0000, 672.0000, -69.0000,  0, 255, 0
L 24.0000, 700.0000, -69.0000,  24.0000, 702.0000, -69.0000,  0, 255, 0
L 28.0000, 702.0000, -69.0000,  26.0000, 702.0000, -69.0000,  0, 255, 0
L 24.0000, 710.0000, -69.0000,  24.0000, 712.0000, -69.0000,  0, 255, 0
L 24.0000, 712.0000, -69.0000,  -28.0000, 712.0000, -69.0000,  0, 255, 0
L -28.0000, 712.0000, -69.0000,  -28.0000, 754.0000, -69.0000,  0, 255, 0
L -28.0000, 754.0000, -69.0000,  -64.0000, 754.0000, -64.0000,  0, 255, 0
L -64.0000, 754.0000, -64.0000,  -58.0000, 749.0000, -64.0000,  0, 255, 0
L -58.0000, 749.0000, -64.0000,  -56.0000, 742.0000, -64.0000,  0, 255, 0
L -56.0000, 742.0000, -64.0000,  -41.0000, 742.0000, -67.0000,  0, 255, 0
L -41.0000, 742.0000, -67.0000,  -41.0000, 712.0000, -69.0000,  0, 255, 0
L -41.0000, 712.0000, -69.0000,  -111.0000, 712.0000, -68.0000,  0, 255, 0
L -111.0000, 712.0000, -68.0000,  -111.0000, 684.0000, -69.0000,  0, 255, 0
L -98.0000, 700.0000, -69.0000,  -98.0000, 684.0000, -69.0000,  0, 255, 0
L -98.0000, 684.0000, -69.0000,  -84.0000, 684.0000, -67.0000,  0, 255, 0
L -84.0000, 684.0000, -67.0000,  -84.0000, 644.0000, -60.0000,  0, 255, 0
L -84.0000, 644.0000, -60.0000,  -139.0000, 644.0000, -60.0000,  0, 255, 0
L -139.0000, 644.0000, -60.0000,  -139.0000, 684.0000, -69.0000,  0, 255, 0
L -139.0000, 684.0000, -69.0000,  -111.0000, 684.0000, -69.0000,  0, 255, 0
L -98.0000, 700.0000, -69.0000,  -41.0000, 700.0000, -69.0000,  0, 255, 0
L -41.0000, 700.0000, -69.0000,  -41.0000, 644.0000, -60.0000,  0, 255, 0
L -41.0000, 644.0000, -60.0000,  -34.0000, 648.0000, -60.0000,  0, 255, 0
L -34.0000, 648.0000, -60.0000,  -28.0000, 650.0000, -59.0000,  0, 255, 0
L -28.0000, 650.0000, -59.0000,  -28.0000, 700.0000, -69.0000,  0, 255, 0
L -28.0000, 700.0000, -69.0000,  24.0000, 700.0000, -69.0000,  0, 255, 0
L 24.0000, 710.0000, -69.0000,  26.0000, 710.0000, -69.0000,  0, 255, 0
L 178.0000, 840.0000, -69.0000,  178.0000, 842.0000, -69.0000,  0, 255, 0
L 182.0000, 850.0000, -69.0000,  180.0000, 850.0000, -69.0000,  0, 255, 0
L 178.0000, 852.0000, -69.0000,  178.0000, 850.0000, -69.0000,  0, 255, 0
L 178.0000, 852.0000, -69.0000,  139.0000, 852.0000, -69.0000,  0, 255, 0
L 139.0000, 852.0000, -69.0000,  139.0000, 881.0000, -69.0000,  0, 255, 0
L 139.0000, 881.0000, -69.0000,  111.0000, 908.0000, -69.0000,  0, 255, 0
L 111.0000, 908.0000, -69.0000,  83.0000, 908.0000, -69.0000,  0, 255, 0
L 182.0000, 850.0000, -69.0000,  182.0000, 894.0000, -69.0000,  0, 255, 0
L 182.0000, 894.0000, -69.0000,  196.0000, 894.0000, -69.0000,  0, 255, 0
L 180.0000, 842.0000, -69.0000,  182.0000, 842.0000, -69.0000,  0, 255, 0
L 196.0000, 894.0000, -69.0000,  196.0000, 937.0000, -71.0000,  0, 255, 0
L 196.0000, 937.0000, -71.0000,  211.0000, 951.0000, -70.0000,  0, 255, 0
L 211.0000, 951.0000, -70.0000,  195.0000, 966.0000, -71.0000,  0, 255, 0
L 195.0000, 966.0000, -71.0000,  181.0000, 952.0000, -70.0000,  0, 255, 0
L 181.0000, 952.0000, -70.0000,  140.0000, 952.0000, -70.0000,  0, 255, 0
L 140.0000, 952.0000, -70.0000,  126.0000, 966.0000, -71.0000,  0, 255, 0
L 126.0000, 966.0000, -70.0000,  111.0000, 966.0000, -69.0000,  0, 255, 0
L 125.0000, 62.0000, 0.0000,  112.0000, 62.0000, 0.0000,  0, 0, 0
L 112.0000, 71.0000, 0.0000,  112.0000, 62.0000, 0.0000,  0, 0, 0
L 194.0000, 578.0000, -69.0000,  194.0000, 589.0000, -69.0000,  0, 0, 0
L 185.0000, 584.0000, -69.0000,  183.0000, 584.0000, -69.0000,  150, 150, 150
L 194.0000, 589.0000, -69.0000,  194.0000, 628.0000, -69.0000,  0, 0, 0
L 81.0000, 950.0000, -69.0000,  81.0000, 947.0000, -69.0000,  0, 255, 0
L 72.0000, 950.0000, -69.0000,  72.0000, 952.0000, -69.0000,  0, 255, 0
L 81.0000, 950.0000, -69.0000,  79.0000, 950.0000, -69.0000,  205, 133, 63
L 79.0000, 947.0000, -69.0000,  74.0000, 947.0000, -69.0000,  205, 133, 63
L 74.0000, 952.0000, -69.0000,  79.0000, 952.0000, -69.0000,  205, 133, 63
L 79.0000, 947.0000, -69.0000,  79.0000, 950.0000, -69.0000,  205, 133, 63
L 79.0000, 950.0000, -69.0000,  79.0000, 952.0000, -69.0000,  205, 133, 63
L 74.0000, 947.0000, -69.0000,  74.0000, 950.0000, -69.0000,  205, 133, 63
L 74.0000, 950.0000, -69.0000,  72.0000, 950.0000, -69.0000,  205, 133, 63
L 74.0000, 950.0000, -69.0000,  74.0000, 952.0000, -69.0000,  205, 133, 63
L 178.0000, 844.0000, -69.0000,  178.0000, 848.0000, -69.0000,  205, 133, 63
L 182.0000, 848.0000, -69.0000,  182.0000, 844.0000, -69.0000,  205, 133, 63
L 180.0000, 850.0000, -69.0000,  178.0000, 850.0000, -69.0000,  0, 255, 0
L 180.0000, 842.0000, -69.0000,  180.0000, 844.0000, -69.0000,  205, 133, 63
L 182.0000, 848.0000, -69.0000,  180.0000, 848.0000, -69.0000,  205, 133, 63
L 180.0000, 848.0000, -69.0000,  180.0000, 850.0000, -69.0000,  205, 133, 63
L 180.0000, 848.0000, -69.0000,  178.0000, 848.0000, -69.0000,  205, 133, 63
L 182.0000, 844.0000, -69.0000,  180.0000, 844.0000, -69.0000,  205, 133, 63
L 180.0000, 844.0000, -69.0000,  178.0000, 844.0000, -69.0000,  205, 133, 63
L -24.0000, 848.0000, -69.0000,  -24.0000, 844.0000, -69.0000,  205, 133, 63
L -26.0000, 842.0000, -69.0000,  -28.0000, 842.0000, -69.0000,  0, 255, 0
L -26.0000, 842.0000, -69.0000,  -26.0000, 844.0000, -69.0000,  205, 133, 63
L -26.0000, 850.0000, -69.0000,  -24.0000, 850.0000, -69.0000,  0, 255, 0
L -24.0000, 848.0000, -69.0000,  -26.0000, 848.0000, -69.0000,  205, 133, 63
L -26.0000, 848.0000, -69.0000,  -26.0000, 850.0000, -69.0000,  205, 133, 63
L -26.0000, 848.0000, -69.0000,  -28.0000, 848.0000, -69.0000,  205, 133, 63
L -24.0000, 844.0000, -69.0000,  -26.0000, 844.0000, -69.0000,  205, 133, 63
L -26.0000, 844.0000, -69.0000,  -28.0000, 844.0000, -69.0000,  205, 133, 63
L -28.0000, 844.0000, -69.0000,  -28.0000, 848.0000, -69.0000,  205, 133, 63
L 26.0000, 702.0000, -69.0000,  24.0000, 702.0000, -69.0000,  0, 255, 0
L 26.0000, 710.0000, -69.0000,  28.0000, 710.0000, -69.0000,  0, 255, 0
L 26.0000, 702.0000, -69.0000,  26.0000, 704.0000, -69.0000,  205, 133, 63
L 24.0000, 708.0000, -69.0000,  24.0000, 704.0000, -69.0000,  205, 133, 63
L 28.0000, 704.0000, -69.0000,  28.0000, 708.0000, -69.0000,  205, 133, 63
L 24.0000, 704.0000, -69.0000,  26.0000, 704.0000, -69.0000,  205, 133, 63
L 26.0000, 704.0000, -69.0000,  28.0000, 704.0000, -69.0000,  205, 133, 63
L 24.0000, 708.0000, -69.0000,  26.0000, 708.0000, -69.0000,  205, 133, 63
L 26.0000, 708.0000, -69.0000,  26.0000, 710.0000, -69.0000,  205, 133, 63
L 26.0000, 708.0000, -69.0000,  28.0000, 708.0000, -69.0000,  205, 133, 63
L 79.0000, 667.0000, -69.0000,  74.0000, 667.0000, -69.0000,  205, 133, 63
L 79.0000, 672.0000, -69.0000,  74.0000, 672.0000, -69.0000,  205, 133, 63
L 79.0000, 667.0000, -69.0000,  79.0000, 670.0000, -69.0000,  205, 133, 63
L 74.0000, 667.0000, -69.0000,  74.0000, 670.0000, -69.0000,  205, 133, 63
L 72.0000, 670.0000, -69.0000,  72.0000, 667.0000, -69.0000,  0, 255, 0
L 81.0000, 670.0000, -69.0000,  81.0000, 667.0000, -69.0000,  0, 255, 0
L 72.0000, 670.0000, -69.0000,  74.0000, 670.0000, -69.0000,  205, 133, 63
L 79.0000, 670.0000, -69.0000,  79.0000, 672.0000, -69.0000,  205, 133, 63
L 74.0000, 670.0000, -69.0000,  74.0000, 672.0000, -69.0000,  205, 133, 63
L 79.0000, 670.0000, -69.0000,  81.0000, 670.0000, -69.0000,  205, 133, 63
L 37.0000, 600.0000, -69.0000,  32.0000, 600.0000, -69.0000,  205, 133, 63
L 37.0000, 605.0000, -69.0000,  32.0000, 605.0000, -69.0000,  205, 133, 63
L 39.0000, 603.0000, -69.0000,  39.0000, 605.0000, -69.0000,  0, 255, 0
L 30.0000, 603.0000, -69.0000,  30.0000, 605.0000, -69.0000,  0, 255, 0
L 39.0000, 603.0000, -69.0000,  37.0000, 603.0000, -69.0000,  205, 133, 63
L 32.0000, 600.0000, -69.0000,  32.0000, 603.0000, -69.0000,  205, 133, 63
L 32.0000, 603.0000, -69.0000,  30.0000, 603.0000, -69.0000,  205, 133, 63
L 32.0000, 603.0000, -69.0000,  32.0000, 605.0000, -69.0000,  205, 133, 63
L 37.0000, 600.0000, -69.0000,  37.0000, 603.0000, -69.0000,  205, 133, 63
L 37.0000, 603.0000, -69.0000,  37.0000, 605.0000, -69.0000,  205, 133, 63
L 168.0000, 634.0000, -69.0000,  168.0000, 640.0000, -69.0000,  0, 255, 0
L 168.0000, 628.0000, -69.0000,  168.0000, 631.0000, -69.0000,  0, 0, 0
L 181.0000, 628.0000, -69.0000,  181.0000, 631.0000, -69.0000,  0, 0, 0
L 181.0000, 634.0000, -69.0000,  181.0000, 652.0000, -70.0000,  0, 255, 0
L 181.0000, 631.0000, -69.0000,  181.0000, 634.0000, -69.0000,  0, 0, 0
L 168.0000, 631.0000, -69.0000,  168.0000, 634.0000, -69.0000,  0, 0, 0
L 181.0000, 631.0000, -69.0000,  177.0000, 631.0000, -69.0000,  205, 133, 63
L 177.0000, 628.0000, -69.0000,  171.0000, 628.0000, -69.0000,  205, 133, 63
L 171.0000, 634.0000, -69.0000,  177.0000, 634.0000, -69.0000,  205, 133, 63
L 177.0000, 628.0000, -69.0000,  177.0000, 631.0000, -69.0000,  205, 133, 63
L 177.0000, 631.0000, -69.0000,  177.0000, 634.0000, -69.0000,  205, 133, 63
L 171.0000, 628.0000, -69.0000,  171.0000, 631.0000, -69.0000,  205, 133, 63
L 171.0000, 631.0000, -69.0000,  168.0000, 631.0000, -69.0000,  205, 133, 63
L 171.0000, 631.0000, -69.0000,  171.0000, 634.0000, -69.0000,  205, 133, 63
L 95.0000, 630.0000, -69.0000,  95.0000, 627.0000, -69.0000,  0, 255, 0
L 84.0000, 630.0000, -69.0000,  84.0000, 627.0000, -69.0000,  0, 255, 0
L 95.0000, 627.0000, -69.0000,  95.0000, 610.0000, -69.0000,  0, 255, 0
L 84.0000, 627.0000, -69.0000,  84.0000, 517.0000, -69.0000,  0, 255, 0
L 95.0000, 630.0000, -69.0000,  145.0000, 630.0000, -69.0000,  0, 255, 0
L 84.0000, 630.0000, -69.0000,  41.0000, 630.0000, -69.0000,  0, 255, 0
L 226.0000, 472.0000, -41.0000,  226.0000, 474.0000, -41.0000,  0, 0, 0
L 229.0000, 472.0000, -41.0000,  234.0000, 472.0000, -41.0000,  205, 133, 63
L 229.0000, 476.0000, -41.0000,  234.0000, 476.0000, -41.0000,  205, 133, 63
L 226.0000, 474.0000, -41.0000,  226.0000, 476.0000, -41.0000,  0, 0, 0
L 236.0000, 474.0000, -41.0000,  236.0000, 472.0000, -41.0000,  0, 0, 0
L 226.0000, 474.0000, -41.0000,  229.0000, 474.0000, -41.0000,  205, 133, 63
L 234.0000, 472.0000, -41.0000,  234.0000, 474.0000, -41.0000,  205, 133, 63
L 234.0000, 474.0000, -41.0000,  236.0000, 474.0000, -41.0000,  205, 133, 63
L 234.0000, 474.0000, -41.0000,  234.0000, 476.0000, -41.0000,  205, 133, 63
L 229.0000, 476.0000, -41.0000,  229.0000, 474.0000, -41.0000,  205, 133, 63
L 229.0000, 474.0000, -41.0000,  229.0000, 472.0000, -41.0000,  205, 133, 63
L 151.0000, 318.0000, -13.0000,  152.0000, 318.0000, -13.0000,  0, 0, 0
L 151.0000, 310.0000, -13.0000,  152.0000, 310.0000, -13.0000,  0, 0, 0
L 151.0000, 316.0000, -13.0000,  151.0000, 312.0000, -13.0000,  205, 133, 63
L 154.0000, 312.0000, -13.0000,  154.0000, 316.0000, -13.0000,  205, 133, 63
L 152.0000, 310.0000, -13.0000,  154.0000, 310.0000, -13.0000,  0, 0, 0
L 152.0000, 318.0000, -13.0000,  154.0000, 318.0000, -13.0000,  0, 0, 0
L 152.0000, 310.0000, -13.0000,  152.0000, 312.0000, -13.0000,  205, 133, 63
L 151.0000, 316.0000, -13.0000,  152.0000, 316.0000, -13.0000,  205, 133, 63
L 152.0000, 316.0000, -13.0000,  152.0000, 318.0000, -13.0000,  205, 133, 63
L 152.0000, 316.0000, -13.0000,  154.0000, 316.0000, -13.0000,  205, 133, 63
L 151.0000, 312.0000, -13.0000,  152.0000, 312.0000, -13.0000,  205, 133, 63
L 152.0000, 312.0000, -13.0000,  154.0000, 312.0000, -13.0000,  205, 133, 63
L 86.0000, 276.0000, -13.0000,  84.0000, 276.0000, -13.0000,  0, 0, 0
L 81.0000, 268.0000, -13.0000,  81.0000, 263.0000, -13.0000,  0, 0, 0
L 83.0000, 321.0000, -13.0000,  83.0000, 282.0000, -13.0000,  0, 0, 0
L 83.0000, 282.0000, -13.0000,  81.0000, 282.0000, -13.0000,  0, 0, 0
L 86.0000, 268.0000, -13.0000,  84.0000, 268.0000, -13.0000,  0, 0, 0
L 81.0000, 282.0000, -13.0000,  81.0000, 276.0000, -13.0000,  0, 0, 0
L 86.0000, 268.0000, -13.0000,  86.0000, 266.0000, -13.0000,  0, 0, 0
L 86.0000, 278.0000, -13.0000,  86.0000, 276.0000, -13.0000,  0, 0, 0
L 81.0000, 274.0000, -13.0000,  81.0000, 270.0000, -13.0000,  255, 255, 0
L 86.0000, 270.0000, -13.0000,  86.0000, 274.0000, -13.0000,  255, 255, 0
L 84.0000, 268.0000, -13.0000,  81.0000, 268.0000, -13.0000,  0, 0, 0
L 84.0000, 276.0000, -13.0000,  81.0000, 276.0000, -13.0000,  0, 0, 0
L 84.0000, 268.0000, -13.0000,  84.0000, 270.0000, -13.0000,  255, 255, 0
L 81.0000, 270.0000, -13.0000,  84.0000, 270.0000, -13.0000,  255, 255, 0
L 84.0000, 270.0000, -13.0000,  86.0000, 270.0000, -13.0000,  255, 255, 0
L 81.0000, 274.0000, -13.0000,  84.0000, 274.0000, -13.0000,  255, 255, 0
L 84.0000, 274.0000, -13.0000,  84.0000, 276.0000, -13.0000,  255, 255, 0
L 84.0000, 274.0000, -13.0000,  86.0000, 274.0000, -13.0000,  255, 255, 0
L 86.0000, 221.0000, -13.0000,  84.0000, 221.0000, -13.0000,  0, 0, 0
L 86.0000, 222.0000, -13.0000,  86.0000, 221.0000, -13.0000,  0, 0, 0
L 86.0000, 214.0000, -13.0000,  86.0000, 219.0000, -13.0000,  205, 133, 63
L 81.0000, 214.0000, -13.0000,  81.0000, 219.0000, -13.0000,  205, 133, 63
L 83.0000, 212.0000, -13.0000,  86.0000, 212.0000, -13.0000,  0, 0, 0
L 84.0000, 221.0000, -13.0000,  81.0000, 221.0000, -13.0000,  0, 0, 0
L 83.0000, 212.0000, -13.0000,  83.0000, 214.0000, -13.0000,  205, 133, 63
L 81.0000, 214.0000, -13.0000,  83.0000, 214.0000, -13.0000,  205, 133, 63
L 83.0000, 214.0000, -13.0000,  86.0000, 214.0000, -13.0000,  205, 133, 63
L 81.0000, 219.0000, -13.0000,  84.0000, 219.0000, -13.0000,  205, 133, 63
L 84.0000, 219.0000, -13.0000,  84.0000, 221.0000, -13.0000,  205, 133, 63
L 84.0000, 219.0000, -13.0000,  86.0000, 219.0000, -13.0000,  205, 133, 63
L -40.0000, 71.0000, 0.0000,  -40.0000, 63.0000, 0.0000,  0, 0, 0
L -28.0000, 71.0000, 0.0000,  -28.0000, 63.0000, 0.0000,  0, 0, 0
L -67.0000, 172.0000, -13.0000,  -67.0000, 176.0000, -13.0000,  205, 133, 63
L -70.0000, 172.0000, -13.0000,  -70.0000, 176.0000, -13.0000,  205, 133, 63
L -68.0000, 178.0000, -13.0000,  -67.0000, 178.0000, -13.0000,  0, 0, 0
L -68.0000, 170.0000, -13.0000,  -67.0000, 170.0000, -13.0000,  0, 0, 0
L -68.0000, 178.0000, -13.0000,  -68.0000, 176.0000, -13.0000,  205, 133, 63
L -70.0000, 172.0000, -13.0000,  -68.0000, 172.0000, -13.0000,  205, 133, 63
L -68.0000, 172.0000, -13.0000,  -68.0000, 170.0000, -13.0000,  205, 133, 63
L -68.0000, 172.0000, -13.0000,  -67.0000, 172.0000, -13.0000,  205, 133, 63
L -70.0000, 176.0000, -13.0000,  -68.0000, 176.0000, -13.0000,  205, 133, 63
L -68.0000, 176.0000, -13.0000,  -67.0000, 176.0000, -13.0000,  205, 133, 63
L -3.0000, 212.0000, -13.0000,  -2.0000, 210.0000, -13.0000,  0, 0, 0
L 2.0000, 207.0000, -13.0000,  2.0000, 212.0000, -13.0000,  0, 0, 0
L -2.0000, 221.0000, -13.0000,  -2.0000, 222.0000, -13.0000,  0, 0, 0
L 2.0000, 221.0000, -13.0000,  2.0000, 226.0000, -13.0000,  0, 0, 0
L 2.0000, 212.0000, -13.0000,  0.0000, 212.0000, -13.0000,  0, 0, 0
L -2.0000, 221.0000, -13.0000,  0.0000, 221.0000, -13.0000,  0, 0, 0
L 2.0000, 214.0000, -13.0000,  2.0000, 218.0000, -13.0000,  205, 133, 63
L -3.0000, 214.0000, -13.0000,  -2.0000, 218.0000, -13.0000,  205, 133, 63
L 0.0000, 221.0000, -13.0000,  2.0000, 221.0000, -13.0000,  0, 0, 0
L 0.0000, 212.0000, -13.0000,  -3.0000, 212.0000, -13.0000,  0, 0, 0
L 0.0000, 221.0000, -13.0000,  0.0000, 218.0000, -13.0000,  205, 133, 63
L -3.0000, 214.0000, -13.0000,  0.0000, 214.0000, -13.0000,  205, 133, 63
L 0.0000, 214.0000, -13.0000,  0.0000, 212.0000, -13.0000,  205, 133, 63
L 0.0000, 214.0000, -13.0000,  2.0000, 214.0000, -13.0000,  205, 133, 63
L 2.0000, 218.0000, -13.0000,  0.0000, 218.0000, -13.0000,  205, 133, 63
L 0.0000, 218.0000, -13.0000,  -2.0000, 218.0000, -13.0000,  205, 133, 63
L -2.0000, 278.0000, -13.0000,  -2.0000, 277.0000, -13.0000,  0, 0, 0
L -2.0000, 268.0000, -13.0000,  0.0000, 268.0000, -13.0000,  0, 0, 0
L -2.0000, 268.0000, -13.0000,  -2.0000, 266.0000, -13.0000,  0, 0, 0
L 2.0000, 276.0000, -13.0000,  2.0000, 282.0000, -13.0000,  0, 0, 0
L 2.0000, 263.0000, -13.0000,  2.0000, 268.0000, -13.0000,  0, 0, 0
L 2.0000, 276.0000, -13.0000,  0.0000, 277.0000, -13.0000,  0, 0, 0
L 2.0000, 274.0000, -13.0000,  2.0000, 270.0000, -13.0000,  205, 133, 63
L -2.0000, 274.0000, -13.0000,  -2.0000, 270.0000, -13.0000,  205, 133, 63
L 0.0000, 277.0000, -13.0000,  -2.0000, 277.0000, -13.0000,  0, 0, 0
L 0.0000, 268.0000, -13.0000,  2.0000, 268.0000, -13.0000,  0, 0, 0
L 0.0000, 277.0000, -13.0000,  0.0000, 274.0000, -13.0000,  205, 133, 63
L -2.0000, 270.0000, -13.0000,  0.0000, 270.0000, -13.0000,  205, 133, 63
L 0.0000, 270.0000, -13.0000,  0.0000, 268.0000, -13.0000,  205, 133, 63
L 0.0000, 270.0000, -13.0000,  2.0000, 270.0000, -13.0000,  205, 133, 63
L -2.0000, 274.0000, -13.0000,  0.0000, 274.0000, -13.0000,  205, 133, 63
L 0.0000, 274.0000, -13.0000,  2.0000, 274.0000, -13.0000,  205, 133, 63
L -156.0000, 560.0000, -41.0000,  -156.0000, 558.0000, -41.0000,  0, 0, 0
L -159.0000, 556.0000, -41.0000,  -164.0000, 556.0000, -41.0000,  205, 133, 63
L -159.0000, 560.0000, -41.0000,  -164.0000, 560.0000, -41.0000,  205, 133, 63
L -156.0000, 558.0000, -41.0000,  -156.0000, 556.0000, -41.0000,  0, 0, 0
L -167.0000, 558.0000, -41.0000,  -167.0000, 556.0000, -41.0000,  0, 0, 0
L -156.0000, 558.0000, -41.0000,  -159.0000, 558.0000, -41.0000,  205, 133, 63
L -164.0000, 560.0000, -41.0000,  -164.0000, 558.0000, -41.0000,  205, 133, 63
L -164.0000, 558.0000, -41.0000,  -167.0000, 558.0000, -41.0000,  205, 133, 63
L -164.0000, 558.0000, -41.0000,  -164.0000, 556.0000, -41.0000,  205, 133, 63
L -159.0000, 560.0000, -41.0000,  -159.0000, 558.0000, -41.0000,  205, 133, 63
L -159.0000, 558.0000, -41.0000,  -159.0000, 556.0000, -41.0000,  205, 133, 63
L -111.0000, 572.0000, -41.0000,  -113.0000, 572.0000, -41.0000,  0, 0, 0
L -113.0000, 572.0000, -41.0000,  -167.0000, 572.0000, -41.0000,  0, 0, 0
L -111.0000, 569.0000, -41.0000,  -111.0000, 563.0000, -41.0000,  205, 133, 63
L -116.0000, 569.0000, -41.0000,  -116.0000, 563.0000, -41.0000,  205, 133, 63
L -113.0000, 560.0000, -41.0000,  -111.0000, 560.0000, -41.0000,  0, 0, 0
L -113.0000, 572.0000, -41.0000,  -113.0000, 569.0000, -41.0000,  205, 133, 63
L -111.0000, 563.0000, -41.0000,  -113.0000, 563.0000, -41.0000,  205, 133, 63
L -113.0000, 563.0000, -41.0000,  -113.0000, 560.0000, -41.0000,  205, 133, 63
L -113.0000, 563.0000, -41.0000,  -116.0000, 563.0000, -41.0000,  205, 133, 63
L -111.0000, 569.0000, -41.0000,  -113.0000, 569.0000, -41.0000,  205, 133, 63
L -113.0000, 569.0000, -41.0000,  -116.0000, 569.0000, -41.0000,  205, 133, 63
L -27.0000, 560.0000, -41.0000,  -53.0000, 560.0000, -41.0000,  0, 0, 0
L -56.0000, 532.0000, -41.0000,  -56.0000, 560.0000, -41.0000,  0, 0, 0
L -111.0000, 532.0000, -41.0000,  -56.0000, 532.0000, -41.0000,  0, 0, 0
L -56.0000, 572.0000, -41.0000,  -53.0000, 572.0000, -41.0000,  0, 0, 0
L -56.0000, 572.0000, -41.0000,  -56.0000, 600.0000, -41.0000,  0, 0, 0
L -53.0000, 572.0000, -41.0000,  11.0000, 572.0000, -41.0000,  0, 0, 0
L -56.0000, 569.0000, -41.0000,  -56.0000, 563.0000, -41.0000,  205, 133, 63
L -50.0000, 569.0000, -41.0000,  -50.0000, 563.0000, -41.0000,  205, 133, 63
L -53.0000, 560.0000, -41.0000,  -56.0000, 560.0000, -41.0000,  0, 0, 0
L -53.0000, 572.0000, -41.0000,  -53.0000, 569.0000, -41.0000,  205, 133, 63
L -50.0000, 563.0000, -41.0000,  -53.0000, 563.0000, -41.0000,  205, 133, 63
L -53.0000, 563.0000, -41.0000,  -53.0000, 560.0000, -41.0000,  205, 133, 63
L -53.0000, 563.0000, -41.0000,  -56.0000, 563.0000, -41.0000,  205, 133, 63
L -50.0000, 569.0000, -41.0000,  -53.0000, 569.0000, -41.0000,  205, 133, 63
L -53.0000, 569.0000, -41.0000,  -56.0000, 569.0000, -41.0000,  205, 133, 63
L 11.0000, 563.0000, -41.0000,  11.0000, 569.0000, -41.0000,  205, 133, 63
L 14.0000, 569.0000, -41.0000,  14.0000, 566.5000, -41.0000,  205, 133, 63
L 11.0000, 563.0000, -41.0000,  13.0000, 563.0000, -41.0000,  205, 133, 63
L 11.0000, 569.0000, -41.0000,  13.0000, 569.0000, -41.0000,  205, 133, 63
L 13.0000, 572.0000, -41.0000,  14.0000, 572.0000, -41.0000,  0, 0, 0
L 13.0000, 572.0000, -41.0000,  13.0000, 569.0000, -41.0000,  205, 133, 63
L 13.0000, 563.0000, -41.0000,  14.0000, 563.0000, -41.0000,  205, 133, 63
L 13.0000, 569.0000, -41.0000,  14.0000, 569.0000, -41.0000,  205, 133, 63
L 13.0000, 563.0000, -41.0000,  13.0000, 560.0000, -41.0000,  205, 133, 63
L 197.0000, 544.0000, -41.0000,  236.0000, 544.0000, -41.0000,  0, 0, 0
L 194.0000, 535.0000, -41.0000,  194.0000, 541.0000, -41.0000,  205, 133, 63
L 199.0000, 535.0000, -41.0000,  199.0000, 541.0000, -41.0000,  205, 133, 63
L 197.0000, 532.0000, -41.0000,  194.0000, 532.0000, -41.0000,  0, 0, 0
L 197.0000, 532.0000, -41.0000,  197.0000, 535.0000, -41.0000,  205, 133, 63
L 194.0000, 541.0000, -41.0000,  197.0000, 541.0000, -41.0000,  205, 133, 63
L 197.0000, 541.0000, -41.0000,  197.0000, 544.0000, -41.0000,  205, 133, 63
L 197.0000, 541.0000, -41.0000,  199.0000, 541.0000, -41.0000,  205, 133, 63
L 194.0000, 535.0000, -41.0000,  197.0000, 535.0000, -41.0000,  205, 133, 63
L 197.0000, 535.0000, -41.0000,  199.0000, 535.0000, -41.0000,  205, 133, 63
L 110.0000, 460.0000, -41.0000,  124.0000, 460.0000, -41.0000,  0, 0, 0
L 98.0000, 463.0000, -41.0000,  98.0000, 502.0000, -41.0000,  0, 0, 0
L 111.0000, 476.0000, -41.0000,  110.0000, 463.0000, -41.0000,  0, 0, 0
L 98.0000, 460.0000, -41.0000,  98.0000, 463.0000, -41.0000,  0, 0, 0
L 72.0000, 460.0000, -41.0000,  98.0000, 460.0000, -41.0000,  0, 0, 0
L 107.0000, 460.0000, -41.0000,  101.0000, 460.0000, -41.0000,  205, 133, 63
L 107.0000, 465.0000, -41.0000,  107.0000, 463.0000, -41.0000,  205, 133, 63
L 110.0000, 463.0000, -41.0000,  110.0000, 460.0000, -41.0000,  0, 0, 0
L 110.0000, 463.0000, -41.0000,  107.0000, 463.0000, -41.0000,  205, 133, 63
L 101.0000, 463.0000, -41.0000,  101.0000, 460.0000, -41.0000,  205, 133, 63
L 107.0000, 463.0000, -41.0000,  107.0000, 460.0000, -41.0000,  205, 133, 63
L 101.0000, 463.0000, -41.0000,  98.0000, 463.0000, -41.0000,  205, 133, 63
L 101.0000, 465.0000, -41.0000,  107.0000, 465.0000, -41.0000,  205, 133, 63
L 101.0000, 465.0000, -41.0000,  101.0000, 463.0000, -41.0000,  205, 133, 63
L 69.0000, 424.0000, -41.0000,  69.0000, 428.0000, -41.0000,  205, 133, 63
L 72.0000, 428.0000, -41.0000,  72.0000, 424.0000, -41.0000,  205, 133, 63
L 70.0000, 430.0000, -41.0000,  72.0000, 430.0000, -41.0000,  0, 0, 0
L 70.0000, 422.0000, -41.0000,  69.0000, 422.0000, -41.0000,  0, 0, 0
L 70.0000, 430.0000, -41.0000,  70.0000, 428.0000, -41.0000,  205, 133, 63
L 72.0000, 424.0000, -41.0000,  70.0000, 424.0000, -41.0000,  205, 133, 63
L 70.0000, 424.0000, -41.0000,  70.0000, 422.0000, -41.0000,  205, 133, 63
L 70.0000, 424.0000, -41.0000,  69.0000, 424.0000, -41.0000,  205, 133, 63
L 72.0000, 428.0000, -41.0000,  70.0000, 428.0000, -41.0000,  205, 133, 63
L 70.0000, 428.0000, -41.0000,  69.0000, 428.0000, -41.0000,  205, 133, 63
L 11.0000, 428.0000, -41.0000,  11.0000, 424.0000, -41.0000,  205, 133, 63
L 14.0000, 424.0000, -41.0000,  14.0000, 428.0000, -41.0000,  205, 133, 63
L 12.0000, 430.0000, -41.0000,  14.0000, 430.0000, -41.0000,  0, 0, 0
L 12.0000, 422.0000, -41.0000,  11.0000, 422.0000, -41.0000,  0, 0, 0
L 12.0000, 430.0000, -41.0000,  12.0000, 428.0000, -41.0000,  205, 133, 63
L 14.0000, 424.0000, -41.0000,  12.0000, 424.0000, -41.0000,  205, 133, 63
L 12.0000, 424.0000, -41.0000,  12.0000, 422.0000, -41.0000,  205, 133, 63
L 12.0000, 424.0000, -41.0000,  11.0000, 424.0000, -41.0000,  205, 133, 63
L 11.0000, 428.0000, -41.0000,  12.0000, 428.0000, -41.0000,  205, 133, 63
L 12.0000, 428.0000, -41.0000,  14.0000, 428.0000, -41.0000,  205, 133, 63
L -70.0000, 316.0000, -13.0000,  -70.0000, 312.0000, -13.0000,  205, 133, 63
L -67.0000, 316.0000, -13.0000,  -67.0000, 312.0000, -13.0000,  205, 133, 63
L -68.0000, 310.0000, -13.0000,  -67.0000, 310.0000, -13.0000,  0, 0, 0
L -68.0000, 318.0000, -13.0000,  -67.0000, 318.0000, -13.0000,  0, 0, 0
L -68.0000, 310.0000, -13.0000,  -68.0000, 312.0000, -13.0000,  205, 133, 63
L -67.0000, 316.0000, -13.0000,  -68.0000, 316.0000, -13.0000,  205, 133, 63
L -68.0000, 316.0000, -13.0000,  -68.0000, 318.0000, -13.0000,  205, 133, 63
L -68.0000, 316.0000, -13.0000,  -70.0000, 316.0000, -13.0000,  205, 133, 63
L -67.0000, 312.0000, -13.0000,  -68.0000, 312.0000, -13.0000,  205, 133, 63
L -68.0000, 312.0000, -13.0000,  -70.0000, 312.0000, -13.0000,  205, 133, 63
L -70.0000, 318.0000, -13.0000,  -68.0000, 318.0000, -13.0000,  0, 0, 0
L -97.0000, 312.0000, -13.0000,  -97.0000, 316.0000, -13.0000,  205, 133, 63
L -100.0000, 316.0000, -13.0000,  -100.0000, 312.0000, -13.0000,  205, 133, 63
L -98.0000, 310.0000, -13.0000,  -100.0000, 310.0000, -13.0000,  0, 0, 0
L -98.0000, 318.0000, -13.0000,  -97.0000, 318.0000, -13.0000,  0, 0, 0
L -98.0000, 310.0000, -13.0000,  -98.0000, 312.0000, -13.0000,  205, 133, 63
L -97.0000, 316.0000, -13.0000,  -98.0000, 316.0000, -13.0000,  205, 133, 63
L -98.0000, 316.0000, -13.0000,  -98.0000, 318.0000, -13.0000,  205, 133, 63
L -98.0000, 316.0000, -13.0000,  -100.0000, 316.0000, -13.0000,  205, 133, 63
L -97.0000, 312.0000, -13.0000,  -98.0000, 312.0000, -13.0000,  205, 133, 63
L -98.0000, 312.0000, -13.0000,  -100.0000, 312.0000, -13.0000,  205, 133, 63
L 180.0000, 176.0000, -13.0000,  180.0000, 172.0000, -13.0000,  205, 133, 63
L 184.0000, 176.0000, -13.0000,  184.0000, 172.0000, -13.0000,  205, 133, 63
L 182.0000, 170.0000, -13.0000,  184.0000, 170.0000, -13.0000,  0, 0, 0
L 182.0000, 178.0000, -13.0000,  184.0000, 178.0000, -13.0000,  0, 0, 0
L 182.0000, 170.0000, -13.0000,  182.0000, 172.0000, -13.0000,  205, 133, 63
L 184.0000, 172.0000, -13.0000,  182.0000, 172.0000, -13.0000,  205, 133, 63
L 182.0000, 172.0000, -13.0000,  180.0000, 172.0000, -13.0000,  205, 133, 63
L 180.0000, 176.0000, -13.0000,  182.0000, 176.0000, -13.0000,  205, 133, 63
L 182.0000, 176.0000, -13.0000,  182.0000, 178.0000, -13.0000,  205, 133, 63
L 182.0000, 176.0000, -13.0000,  184.0000, 176.0000, -13.0000,  205, 133, 63
L 150.0000, 176.0000, -13.0000,  150.0000, 172.0000, -13.0000,  205, 133, 63
L 154.0000, 176.0000, -13.0000,  154.0000, 172.0000, -13.0000,  205, 133, 63
L 152.0000, 170.0000, -13.0000,  150.0000, 170.0000, -13.0000,  0, 0, 0
L 152.0000, 178.0000, -13.0000,  150.0000, 178.0000, -13.0000,  0, 0, 0
L 152.0000, 170.0000, -13.0000,  152.0000, 172.0000, -13.0000,  205, 133, 63
L 154.0000, 176.0000, -13.0000,  152.0000, 176.0000, -13.0000,  205, 133, 63
L 152.0000, 176.0000, -13.0000,  152.0000, 178.0000, -13.0000,  205, 133, 63
L 152.0000, 176.0000, -13.0000,  150.0000, 176.0000, -13.0000,  205, 133, 63
L 154.0000, 172.0000, -13.0000,  152.0000, 172.0000, -13.0000,  205, 133, 63
L 152.0000, 172.0000, -13.0000,  150.0000, 172.0000, -13.0000,  205, 133, 63
L 154.0000, 548.0000, -41.0000,  164.0000, 548.0000, -41.0000,  150, 150, 150
L 164.0000, 542.0000, -41.0000,  164.0000, 548.0000, -41.0000,  150, 150, 150
L 164.0000, 602.0000, -69.0000,  154.0000, 602.0000, -69.0000,  150, 150, 150
L 164.0000, 548.0000, -41.0000,  164.0000, 551.4000, -42.8000,  150, 150, 150
L 154.0000, 575.0000, -55.0000,  154.0000, 571.6000, -53.2000,  0, 0, 0
L 164.0000, 575.0000, -55.0000,  164.0000, 578.4000, -56.8000,  150, 150, 150
L 154.0000, 575.0000, -55.0000,  164.0000, 575.0000, -55.0000,  150, 150, 150
L 154.0000, 561.5000, -48.0000,  154.0000, 558.1000, -46.2000,  0, 0, 0
L 164.0000, 561.5000, -48.0000,  164.0000, 564.9000, -49.8000,  150, 150, 150
L 154.0000, 561.5000, -48.0000,  164.0000, 561.5000, -48.0000,  150, 150, 150
L 154.0000, 554.8000, -44.5000,  154.0000, 551.4000, -42.8000,  0, 0, 0
L 164.0000, 554.8000, -44.5000,  164.0000, 558.1000, -46.2000,  150, 150, 150
L 154.0000, 554.8000, -44.5000,  164.0000, 554.8000, -44.5000,  150, 150, 150
L 154.0000, 568.2000, -51.5000,  154.0000, 564.9000, -49.8000,  0, 0, 0
L 164.0000, 568.2000, -51.5000,  164.0000, 571.6000, -53.2000,  150, 150, 150
L 154.0000, 568.2000, -51.5000,  164.0000, 568.2000, -51.5000,  150, 150, 150
L 154.0000, 588.5000, -62.0000,  154.0000, 585.1000, -60.2000,  0, 0, 0
L 164.0000, 588.5000, -62.0000,  164.0000, 591.9000, -63.8000,  150, 150, 150
L 154.0000, 588.5000, -62.0000,  164.0000, 588.5000, -62.0000,  150, 150, 150
L 154.0000, 581.8000, -58.5000,  154.0000, 578.4000, -56.8000,  0, 0, 0
L 164.0000, 581.8000, -58.5000,  164.0000, 585.1000, -60.2000,  150, 150, 150
L 154.0000, 581.8000, -58.5000,  164.0000, 581.8000, -58.5000,  150, 150, 150
L 154.0000, 595.2000, -65.5000,  154.0000, 591.9000, -63.8000,  0, 0, 0
L 164.0000, 595.2000, -65.5000,  164.0000, 598.6000, -67.2000,  150, 150, 150
L 154.0000, 595.2000, -65.5000,  164.0000, 595.2000, -65.5000,  150, 150, 150
L 154.0000, 598.6000, -67.2000,  154.0000, 595.2000, -65.5000,  0, 0, 0
L 164.0000, 598.6000, -67.2000,  164.0000, 602.0000, -69.0000,  150, 150, 150
L 154.0000, 598.6000, -67.2000,  164.0000, 598.6000, -67.2000,  150, 150, 150
L 154.0000, 591.9000, -63.8000,  154.0000, 588.5000, -62.0000,  0, 0, 0
L 164.0000, 591.9000, -63.8000,  164.0000, 595.2000, -65.5000,  150, 150, 150
L 154.0000, 591.9000, -63.8000,  164.0000, 591.9000, -63.8000,  150, 150, 150
L 154.0000, 585.1000, -60.2000,  154.0000, 581.8000, -58.5000,  0, 0, 0
L 164.0000, 585.1000, -60.2000,  164.0000, 588.5000, -62.0000,  150, 150, 150
L 154.0000, 585.1000, -60.2000,  164.0000, 585.1000, -60.2000,  150, 150, 150
L 154.0000, 578.4000, -56.8000,  154.0000, 575.0000, -55.0000,  0, 0, 0
L 164.0000, 578.4000, -56.8000,  164.0000, 581.8000, -58.5000,  150, 150, 150
L 154.0000, 578.4000, -56.8000,  164.0000, 578.4000, -56.8000,  150, 150, 150
L 154.0000, 571.6000, -53.2000,  154.0000, 568.2000, -51.5000,  0, 0, 0
L 164.0000, 571.6000, -53.2000,  164.0000, 575.0000, -55.0000,  150, 150, 150
L 154.0000, 571.6000, -53.2000,  164.0000, 571.6000, -53.2000,  150, 150, 150
L 154.0000, 564.9000, -49.8000,  154.0000, 561.5000, -48.0000,  0, 0, 0
L 164.0000, 564.9000, -49.8000,  164.0000, 568.2000, -51.5000,  150, 150, 150
L 154.0000, 564.9000, -49.8000,  164.0000, 564.9000, -49.8000,  150, 150, 150
L 154.0000, 558.1000, -46.2000,  154.0000, 554.8000, -44.5000,  0, 0, 0
L 164.0000, 558.1000, -46.2000,  164.0000, 561.5000, -48.0000,  150, 150, 150
L 154.0000, 558.1000, -46.2000,  164.0000, 558.1000, -46.2000,  150, 150, 150
L 154.0000, 551.4000, -42.8000,  154.0000, 548.0000, -41.0000,  0, 0, 0
L 164.0000, 551.4000, -42.8000,  164.0000, 554.8000, -44.5000,  150, 150, 150
L 154.0000, 551.4000, -42.8000,  164.0000, 551.4000, -42.8000,  150, 150, 150
L -80.0000, 370.0000, -69.0000,  -87.0000, 370.0000, -69.0000,  255, 255, 0
L -90.0000, 374.0000, -69.0000,  -90.0000, 381.0000, -69.0000,  255, 255, 0
L -80.0000, 384.0000, -69.0000,  -87.0000, 384.0000, -69.0000,  255, 255, 0
L -77.0000, 381.0000, -69.0000,  -77.0000, 374.0000, -69.0000,  255, 255, 0
L -77.0000, 374.0000, -13.0000,  -77.0000, 381.0000, -13.0000,  255, 255, 0
L -80.0000, 384.0000, -13.0000,  -87.0000, 384.0000, -13.0000,  255, 255, 0
L -90.0000, 381.0000, -13.0000,  -90.0000, 374.0000, -13.0000,  255, 255, 0
L -87.0000, 370.0000, -13.0000,  -80.0000, 370.0000, -13.0000,  255, 255, 0
L -77.0000, 381.0000, -69.0000,  -80.0000, 384.0000, -69.0000,  255, 255, 0
L -87.0000, 384.0000, -69.0000,  -90.0000, 381.0000, -69.0000,  255, 255, 0
L -90.0000, 374.0000, -69.0000,  -87.0000, 370.0000, -69.0000,  255, 255, 0
L -80.0000, 370.0000, -69.0000,  -77.0000, 374.0000, -69.0000,  255, 255, 0
L -77.0000, 381.0000, -69.0000,  -77.0000, 381.0000, -13.0000,  255, 255, 0
L -80.0000, 384.0000, -13.0000,  -80.0000, 384.0000, -69.0000,  255, 255, 0
L -87.0000, 384.0000, -13.0000,  -87.0000, 384.0000, -69.0000,  255, 255, 0
L -77.0000, 374.0000, -69.0000,  -77.0000, 374.0000, -13.0000,  255, 255, 0
L -80.0000, 370.0000, -13.0000,  -80.0000, 370.0000, -69.0000,  255, 255, 0
L -87.0000, 370.0000, -13.0000,  -87.0000, 370.0000, -69.0000,  255, 255, 0
L -90.0000, 374.0000, -13.0000,  -90.0000, 374.0000, -69.0000,  255, 255, 0
L -90.0000, 381.0000, -13.0000,  -90.0000, 381.0000, -69.0000,  255, 255, 0
L 14.0000, 580.1000, -41.0000,  14.0000, 600.0000, -41.0000,  0, 0, 0
L 14.0000, 580.1000, -41.0000,  17.5000, 580.1000, -41.0000,  255, 255, 0
L 14.0000, 563.0000, -41.0000,  17.5000, 563.0000, -41.0000,  255, 255, 0
L 27.9000, 563.0000, -41.0000,  27.9000, 567.3000, -41.0000,  255, 255, 0
L 27.9000, 563.0000, -41.0000,  14.0000, 580.1000, -41.0000,  255, 255, 0
L 27.9000, 571.5000, -41.0000,  27.9000, 575.8000, -41.0000,  255, 255, 0
L 21.0000, 580.1000, -41.0000,  24.5000, 580.1000, -41.0000,  255, 255, 0
L 27.9000, 571.5000, -41.0000,  21.0000, 580.1000, -41.0000,  255, 255, 0
L 27.9000, 575.8000, -41.0000,  27.9000, 580.1000, -41.0000,  255, 255, 0
L 24.5000, 580.1000, -41.0000,  27.9000, 580.1000, -41.0000,  255, 255, 0
L 27.9000, 575.8000, -41.0000,  24.5000, 580.1000, -41.0000,  255, 255, 0
L 27.9000, 567.3000, -41.0000,  27.9000, 571.5000, -41.0000,  255, 255, 0
L 17.5000, 580.1000, -41.0000,  21.0000, 580.1000, -41.0000,  255, 255, 0
L 27.9000, 567.3000, -41.0000,  17.5000, 580.1000, -41.0000,  255, 255, 0
L 21.0000, 563.0000, -41.0000,  24.5000, 563.0000, -41.0000,  255, 255, 0
L 21.0000, 563.0000, -41.0000,  14.0000, 572.0000, -41.0000,  255, 255, 0
L 24.5000, 563.0000, -41.0000,  27.9000, 563.0000, -41.0000,  255, 255, 0
L 14.0000, 576.5000, -41.0000,  14.0000, 580.1000, -41.0000,  0, 0, 0
L 24.5000, 563.0000, -41.0000,  14.0000, 576.5000, -41.0000,  255, 255, 0
L 17.5000, 563.0000, -41.0000,  21.0000, 563.0000, -41.0000,  255, 255, 0
L 14.0000, 566.5000, -41.0000,  14.0000, 563.0000, -41.0000,  205, 133, 63
L 17.5000, 563.0000, -41.0000,  14.0000, 566.5000, -41.0000,  255, 255, 0
L 80.8000, 740.8000, -64.5000,  98.4000, 740.9000, -63.2000,  0, 255, 0
L 98.4000, 740.9000, -63.2000,  98.9000, 742.8000, -61.8000,  0, 255, 0
L 98.9000, 742.8000, -61.8000,  98.2000, 744.6000, -60.6000,  0, 255, 0
L 98.2000, 744.6000, -60.6000,  97.9000, 744.6000, -60.6000,  0, 255, 0
L 97.9000, 744.6000, -60.6000,  116.2000, 740.8000, -66.7000,  0, 255, 0
L 116.2000, 740.8000, -66.7000,  115.7000, 750.8000, -65.6000,  0, 255, 0
L 115.7000, 750.8000, -65.6000,  115.1000, 752.7000, -64.8000,  0, 255, 0
L 115.1000, 752.7000, -64.8000,  114.0000, 753.9000, -64.1000,  0, 255, 0
L 114.0000, 753.9000, -64.1000,  109.7000, 759.1000, -66.7000,  0, 255, 0
L 109.7000, 759.1000, -66.7000,  109.0000, 760.7000, -66.8000,  0, 255, 0
L 109.0000, 760.7000, -66.8000,  105.5000, 769.3000, -71.4000,  0, 255, 0
L 105.5000, 769.3000, -71.4000,  104.2000, 770.7000, -71.4000,  0, 255, 0
L 104.2000, 770.7000, -71.4000,  102.4000, 771.0000, -71.3000,  0, 255, 0
L 102.4000, 771.0000, -71.3000,  91.8000, 772.8000, -68.4000,  0, 255, 0
L 91.8000, 772.8000, -68.4000,  89.6000, 772.3000, -67.4000,  0, 255, 0
L 89.6000, 772.3000, -67.4000,  87.8000, 773.0000, -65.8000,  0, 255, 0
L 87.8000, 773.0000, -65.8000,  87.3000, 774.8000, -66.2000,  0, 255, 0
L 87.3000, 774.8000, -66.2000,  86.8000, 776.8000, -66.9000,  0, 255, 0
L 86.8000, 776.8000, -66.9000,  86.4000, 778.7000, -67.8000,  0, 255, 0
L 86.4000, 778.7000, -67.8000,  85.6000, 780.4000, -68.8000,  0, 255, 0
L 85.6000, 780.4000, -68.8000,  83.9000, 779.6000, -66.0000,  0, 255, 0
L 83.9000, 779.6000, -66.0000,  83.2000, 778.1000, -65.9000,  0, 255, 0
L 83.2000, 778.1000, -65.9000,  79.6000, 771.1000, -69.6000,  0, 255, 0
L 79.6000, 771.1000, -69.6000,  79.2000, 769.3000, -68.6000,  0, 255, 0
L 79.2000, 769.3000, -68.6000,  78.7000, 767.2000, -67.3000,  0, 255, 0
L 78.7000, 767.2000, -67.3000,  78.8000, 765.3000, -66.0000,  0, 255, 0
L 78.8000, 765.3000, -66.0000,  79.2000, 750.2000, -63.1000,  0, 255, 0
L 79.2000, 750.2000, -63.1000,  79.4000, 748.2000, -63.4000,  0, 255, 0
L 79.4000, 748.2000, -63.4000,  78.1000, 746.8000, -64.3000,  0, 255, 0
L 78.1000, 746.8000, -64.3000,  76.6000, 745.7000, -65.3000,  0, 255, 0
L 76.6000, 745.7000, -65.3000,  76.6000, 743.9000, -67.7000,  0, 255, 0
L 76.6000, 743.9000, -67.7000,  77.6000, 742.5000, -67.4000,  0, 255, 0
L 77.6000, 742.5000, -67.4000,  78.8000, 741.0000, -67.1000,  0, 255, 0
L 78.8000, 741.0000, -67.1000,  80.7000, 740.8000, -65.3000,  0, 255, 0
L 194.0000, 553.0000, -45.0000,  194.0000, 556.0000, -69.0000,  0, 0, 0
L 95.0000, 630.0000, -69.0000,  84.0000, 630.0000, -69.0000,  255, 255, 0
L 95.0000, 627.0000, -69.0000,  84.0000, 627.0000, -69.0000,  255, 255, 0
