L 1000.0000, 0.0000, 0.0000,  1000.0000, -50.0000, 0.0000,  255, 0, 0
L -20.0000, 50.0000, 0.0000,  -50.0000, 20.0000, 0.0000,  255, 0, 0
L 50.0000, 20.0000, 0.0000,  20.0000, 50.0000, 0.0000,  255, 0, 0
L 20.0000, -50.0000, 0.0000,  50.0000, -20.0000, 0.0000,  255, 0, 0
L -50.0000, -20.0000, 0.0000,  -20.0000, -50.0000, 0.0000,  255, 0, 0
L -50.0000, 20.0000, 0.0000,  -50.0000, -20.0000, 0.0000,  255, 0, 0
L 20.0000, 50.0000, 0.0000,  -20.0000, 50.0000, 0.0000,  255, 0, 0
L 50.0000, -20.0000, 0.0000,  50.0000, 20.0000, 0.0000,  255, 0, 0
L -20.0000, -50.0000, 0.0000,  20.0000, -50.0000, 0.0000,  255, 0, 0
L 580.0000, -20.0000, 0.0000,  540.0000, -20.0000, 0.0000,  255, 0, 0
L 580.0000, -90.0000, 0.0000,  580.0000, -20.0000, 0.0000,  255, 0, 0
L 540.0000, -90.0000, 0.0000,  580.0000, -90.0000, 0.0000,  255, 0, 0
L 540.0000, -20.0000, 0.0000,  540.0000, -90.0000, 0.0000,  255, 0, 0
L 520.0000, -20.0000, 0.0000,  480.0000, -20.0000, 0.0000,  255, 0, 0
L 520.0000, -90.0000, 0.0000,  520.0000, -20.0000, 0.0000,  255, 0, 0
L 480.0000, -90.0000, 0.0000,  520.0000, -90.0000, 0.0000,  255, 0, 0
L 480.0000, -20.0000, 0.0000,  480.0000, -90.0000, 0.0000,  255, 0, 0
L 460.0000, -90.0000, 0.0000,  450.0000, -80.0000, 0.0000,  255, 0, 0
L 460.0000, -20.0000, 0.0000,  460.0000, -90.0000, 0.0000,  255, 0, 0
L 0.0000, -250.0000, 0.0000,  0.0000, 250.0000, 0.0000,  255, 0, 0
L -250.0000, 0.0000, 0.0000,  1000.0000, 0.0000, 0.0000,  255, 0, 0
L -120.0000, -80.0000, 0.0000,  -120.0000, -60.0000, 0.0000,  255, 0, 0
L -120.0000, -60.0000, 0.0000,  -120.0000, -40.0000, 0.0000,  255, 0, 0
L -100.0000, -60.0000, 0.0000,  -120.0000, -60.0000, 0.0000,  255, 0, 0
L -120.0000, -60.0000, 0.0000,  -140.0000, -60.0000, 0.0000,  255, 0, 0
L -90.0000, -50.0000, 0.0000,  -100.0000, -30.0000, 0.0000,  255, 0, 0
L -60.0000, -80.0000, 0.0000,  -60.0000, -60.0000, 0.0000,  255, 0, 0
L -60.0000, -60.0000, 0.0000,  -60.0000, -40.0000, 0.0000,  255, 0, 0
L -40.0000, -60.0000, 0.0000,  -60.0000, -60.0000, 0.0000,  255, 0, 0
L -60.0000, -60.0000, 0.0000,  -80.0000, -60.0000, 0.0000,  255, 0, 0
L 100.0000, 60.0000, 0.0000,  120.0000, 60.0000, 0.0000,  255, 0, 0
L 120.0000, 60.0000, 0.0000,  140.0000, 60.0000, 0.0000,  255, 0, 0
L 90.0000, 70.0000, 0.0000,  80.0000, 90.0000, 0.0000,  255, 0, 0
L 40.0000, 60.0000, 0.0000,  60.0000, 60.0000, 0.0000,  255, 0, 0
L 60.0000, 60.0000, 0.0000,  80.0000, 60.0000, 0.0000,  255, 0, 0
L -100.0000, 60.0000, 0.0000,  -120.0000, 60.0000, 0.0000,  255, 0, 0
L -120.0000, 60.0000, 0.0000,  -140.0000, 60.0000, 0.0000,  255, 0, 0
L -90.0000, 70.0000, 0.0000,  -100.0000, 90.0000, 0.0000,  255, 0, 0
L -60.0000, 80.0000, 0.0000,  -60.0000, 60.0000, 0.0000,  255, 0, 0
L -60.0000, 60.0000, 0.0000,  -60.0000, 40.0000, 0.0000,  255, 0, 0
L -40.0000, 60.0000, 0.0000,  -60.0000, 60.0000, 0.0000,  255, 0, 0
L -60.0000, 60.0000, 0.0000,  -80.0000, 60.0000, 0.0000,  255, 0, 0
L 100.0000, -60.0000, 0.0000,  120.0000, -60.0000, 0.0000,  255, 0, 0
L 120.0000, -60.0000, 0.0000,  140.0000, -60.0000, 0.0000,  255, 0, 0
L 90.0000, -50.0000, 0.0000,  80.0000, -30.0000, 0.0000,  255, 0, 0
L 60.0000, -80.0000, 0.0000,  60.0000, -60.0000, 0.0000,  255, 0, 0
L 60.0000, -60.0000, 0.0000,  60.0000, -40.0000, 0.0000,  255, 0, 0
L 40.0000, -60.0000, 0.0000,  60.0000, -60.0000, 0.0000,  255, 0, 0
L 60.0000, -60.0000, 0.0000,  80.0000, -60.0000, 0.0000,  255, 0, 0
L 599.0000, -90.0000, 0.0000,  637.3000, -90.0000, 0.0000,  255, 0, 0
L 599.0000, -20.0000, 0.0000,  637.3000, -20.0000, 0.0000,  255, 0, 0
L 599.0000, -90.0000, 0.0000,  599.0000, -20.0000, 0.0000,  255, 0, 0
L 637.3000, -90.0000, 0.0000,  637.3000, -20.0000, 0.0000,  255, 0, 0
L 2300.0000, 3300.0000, 0.0000,  2300.0000, 3360.0000, 0.0000,  0, 0, 0
L 2340.0000, 3360.0000, 0.0000,  2300.0000, 3360.0000, 0.0000,  0, 0, 0
L 2360.0000, 3330.0000, 0.0000,  2390.0000, 3330.0000, 0.0000,  0, 0, 0
L 2360.0000, 3360.0000, 0.0000,  2390.0000, 3360.0000, 0.0000,  0, 0, 0
L 2360.0000, 3300.0000, 0.0000,  2360.0000, 3360.0000, 0.0000,  0, 0, 0
L 2390.0000, 3300.0000, 0.0000,  2360.0000, 3300.0000, 0.0000,  0, 0, 0
L 2440.0000, 3360.0000, 0.0000,  2410.0000, 3360.0000, 0.0000,  0, 0, 0
L 2410.0000, 3300.0000, 0.0000,  2440.0000, 3300.0000, 0.0000,  0, 0, 0
L 2410.0000, 3360.0000, 0.0000,  2410.0000, 3300.0000, 0.0000,  0, 0, 0
L 2440.0000, 3360.0000, 0.0000,  2440.0000, 3330.0000, 0.0000,  0, 0, 0
L 2440.0000, 3330.0000, 0.0000,  2420.0000, 3330.0000, 0.0000,  0, 0, 0
L 2460.0000, 3330.0000, 0.0000,  2490.0000, 3330.0000, 0.0000,  0, 0, 0
L 2460.0000, 3360.0000, 0.0000,  2490.0000, 3360.0000, 0.0000,  0, 0, 0
L 2460.0000, 3300.0000, 0.0000,  2460.0000, 3360.0000, 0.0000,  0, 0, 0
L 2490.0000, 3300.0000, 0.0000,  2460.0000, 3300.0000, 0.0000,  0, 0, 0
L 2540.0000, 3360.0000, 0.0000,  2540.0000, 3300.0000, 0.0000,  0, 0, 0
L 2510.0000, 3300.0000, 0.0000,  2540.0000, 3360.0000, 0.0000,  0, 0, 0
L 2510.0000, 3360.0000, 0.0000,  2510.0000, 3300.0000, 0.0000,  0, 0, 0
L 2570.0000, 3360.0000, 0.0000,  2570.0000, 3300.0000, 0.0000,  0, 0, 0
L 2580.0000, 3360.0000, 0.0000,  2560.0000, 3360.0000, 0.0000,  0, 0, 0
L 2590.0000, 3330.0000, 0.0000,  2580.0000, 3360.0000, 0.0000,  0, 0, 0
L 2580.0000, 3300.0000, 0.0000,  2590.0000, 3330.0000, 0.0000,  0, 0, 0
L 2560.0000, 3300.0000, 0.0000,  2580.0000, 3300.0000, 0.0000,  0, 0, 0
L 2300.0000, 3470.0000, 0.0000,  2360.0000, 3470.0000, 0.0000,  0, 0, 0
L 2300.0000, 3390.0000, 0.0000,  2360.0000, 3390.0000, 0.0000,  0, 0, 0
L 2330.0000, 3443.0000, 0.0000,  2330.0000, 3417.0000, 0.0000,  205, 133, 63
L 2360.0000, 3470.0000, 0.0000,  2420.0000, 3470.0000, 0.0000,  0, 0, 0
L 2360.0000, 3470.0000, 0.0000,  2360.0000, 3443.0000, 0.0000,  205, 133, 63
L 2330.0000, 3443.0000, 0.0000,  2390.0000, 3443.0000, 0.0000,  205, 133, 63
L 2330.0000, 3417.0000, 0.0000,  2360.0000, 3417.0000, 0.0000,  205, 133, 63
L 2360.0000, 3417.0000, 0.0000,  2390.0000, 3417.0000, 0.0000,  205, 133, 63
L 2360.0000, 3390.0000, 0.0000,  2420.0000, 3390.0000, 0.0000,  0, 0, 0
L 2360.0000, 3417.0000, 0.0000,  2360.0000, 3390.0000, 0.0000,  205, 133, 63
L 2390.0000, 3443.0000, 0.0000,  2390.0000, 3417.0000, 0.0000,  205, 133, 63
L 2470.0000, 3460.0000, 0.0000,  2470.0000, 3400.0000, 0.0000,  0, 0, 0
L 2480.0000, 3460.0000, 0.0000,  2460.0000, 3460.0000, 0.0000,  0, 0, 0
L 2490.0000, 3430.0000, 0.0000,  2480.0000, 3460.0000, 0.0000,  0, 0, 0
L 2480.0000, 3400.0000, 0.0000,  2490.0000, 3430.0000, 0.0000,  0, 0, 0
L 2460.0000, 3400.0000, 0.0000,  2480.0000, 3400.0000, 0.0000,  0, 0, 0
L 2510.0000, 3400.0000, 0.0000,  2540.0000, 3400.0000, 0.0000,  0, 0, 0
L 2510.0000, 3460.0000, 0.0000,  2540.0000, 3460.0000, 0.0000,  0, 0, 0
L 2510.0000, 3400.0000, 0.0000,  2510.0000, 3460.0000, 0.0000,  0, 0, 0
L 2540.0000, 3400.0000, 0.0000,  2540.0000, 3460.0000, 0.0000,  0, 0, 0
L 2560.0000, 3400.0000, 0.0000,  2590.0000, 3400.0000, 0.0000,  0, 0, 0
L 2560.0000, 3460.0000, 0.0000,  2590.0000, 3460.0000, 0.0000,  0, 0, 0
L 2560.0000, 3400.0000, 0.0000,  2560.0000, 3460.0000, 0.0000,  0, 0, 0
L 2590.0000, 3400.0000, 0.0000,  2590.0000, 3460.0000, 0.0000,  0, 0, 0
L 2610.0000, 3400.0000, 0.0000,  2610.0000, 3430.0000, 0.0000,  0, 0, 0
L 2610.0000, 3430.0000, 0.0000,  2610.0000, 3460.0000, 0.0000,  0, 0, 0
L 2610.0000, 3430.0000, 0.0000,  2630.0000, 3430.0000, 0.0000,  0, 0, 0
L 2650.0000, 3430.0000, 0.0000,  2650.0000, 3400.0000, 0.0000,  0, 0, 0
L 2610.0000, 3400.0000, 0.0000,  2650.0000, 3400.0000, 0.0000,  0, 0, 0
L 2630.0000, 3430.0000, 0.0000,  2650.0000, 3430.0000, 0.0000,  0, 0, 0
L 2650.0000, 3460.0000, 0.0000,  2630.0000, 3430.0000, 0.0000,  0, 0, 0
L 2300.0000, 3510.0000, 0.0000,  2300.0000, 3540.0000, 0.0000,  255, 210, 0
L 2300.0000, 3510.0000, 0.0000,  2320.0000, 3510.0000, 0.0000,  255, 210, 0
L 2320.0000, 3570.0000, 0.0000,  2300.0000, 3570.0000, 0.0000,  255, 210, 0
L 2300.0000, 3540.0000, 0.0000,  2300.0000, 3570.0000, 0.0000,  255, 210, 0
L 2320.0000, 3540.0000, 0.0000,  2300.0000, 3540.0000, 0.0000,  255, 210, 0
L 2320.0000, 3540.0000, 0.0000,  2340.0000, 3525.0000, 0.0000,  255, 210, 0
L 2320.0000, 3510.0000, 0.0000,  2340.0000, 3525.0000, 0.0000,  255, 210, 0
L 2320.0000, 3540.0000, 0.0000,  2340.0000, 3555.0000, 0.0000,  255, 210, 0
L 2340.0000, 3555.0000, 0.0000,  2320.0000, 3570.0000, 0.0000,  255, 210, 0
L 2370.0000, 3540.0000, 0.0000,  2390.0000, 3540.0000, 0.0000,  255, 210, 0
L 2380.0000, 3510.0000, 0.0000,  2400.0000, 3570.0000, 0.0000,  255, 210, 0
L 2360.0000, 3570.0000, 0.0000,  2380.0000, 3510.0000, 0.0000,  255, 210, 0
L 2450.0000, 3570.0000, 0.0000,  2450.0000, 3510.0000, 0.0000,  255, 210, 0
L 2420.0000, 3510.0000, 0.0000,  2450.0000, 3570.0000, 0.0000,  255, 210, 0
L 2420.0000, 3570.0000, 0.0000,  2420.0000, 3510.0000, 0.0000,  255, 210, 0
L 2470.0000, 3510.0000, 0.0000,  2470.0000, 3540.0000, 0.0000,  255, 210, 0
L 2470.0000, 3540.0000, 0.0000,  2470.0000, 3570.0000, 0.0000,  255, 210, 0
L 2470.0000, 3540.0000, 0.0000,  2510.0000, 3570.0000, 0.0000,  255, 210, 0
L 2470.0000, 3540.0000, 0.0000,  2510.0000, 3510.0000, 0.0000,  255, 210, 0
L 2530.0000, 3540.0000, 0.0000,  2560.0000, 3540.0000, 0.0000,  255, 210, 0
L 2530.0000, 3570.0000, 0.0000,  2560.0000, 3570.0000, 0.0000,  255, 210, 0
L 2530.0000, 3510.0000, 0.0000,  2530.0000, 3570.0000, 0.0000,  255, 210, 0
L 2560.0000, 3510.0000, 0.0000,  2530.0000, 3510.0000, 0.0000,  255, 210, 0
L 2580.0000, 3510.0000, 0.0000,  2580.0000, 3540.0000, 0.0000,  255, 210, 0
L 2580.0000, 3540.0000, 0.0000,  2580.0000, 3570.0000, 0.0000,  255, 210, 0
L 2580.0000, 3540.0000, 0.0000,  2600.0000, 3540.0000, 0.0000,  255, 210, 0
L 2620.0000, 3540.0000, 0.0000,  2620.0000, 3510.0000, 0.0000,  255, 210, 0
L 2580.0000, 3510.0000, 0.0000,  2620.0000, 3510.0000, 0.0000,  255, 210, 0
L 2600.0000, 3540.0000, 0.0000,  2620.0000, 3540.0000, 0.0000,  255, 210, 0
L 2620.0000, 3570.0000, 0.0000,  2600.0000, 3540.0000, 0.0000,  255, 210, 0
L 2330.0000, 3660.0000, 0.0000,  2300.0000, 3660.0000, 0.0000,  255, 255, 255
L 2300.0000, 3600.0000, 0.0000,  2330.0000, 3600.0000, 0.0000,  255, 255, 255
L 2300.0000, 3660.0000, 0.0000,  2300.0000, 3600.0000, 0.0000,  255, 255, 255
L 2350.0000, 3600.0000, 0.0000,  2380.0000, 3600.0000, 0.0000,  255, 255, 255
L 2350.0000, 3660.0000, 0.0000,  2380.0000, 3660.0000, 0.0000,  255, 255, 255
L 2350.0000, 3600.0000, 0.0000,  2350.0000, 3660.0000, 0.0000,  255, 255, 255
L 2380.0000, 3600.0000, 0.0000,  2380.0000, 3660.0000, 0.0000,  255, 255, 255
L 2440.0000, 3600.0000, 0.0000,  2440.0000, 3660.0000, 0.0000,  255, 255, 255
L 2420.0000, 3630.0000, 0.0000,  2440.0000, 3600.0000, 0.0000,  255, 255, 255
L 2400.0000, 3600.0000, 0.0000,  2420.0000, 3630.0000, 0.0000,  255, 255, 255
L 2400.0000, 3660.0000, 0.0000,  2400.0000, 3600.0000, 0.0000,  255, 255, 255
L 2500.0000, 3600.0000, 0.0000,  2500.0000, 3660.0000, 0.0000,  255, 255, 255
L 2480.0000, 3630.0000, 0.0000,  2500.0000, 3600.0000, 0.0000,  255, 255, 255
L 2460.0000, 3600.0000, 0.0000,  2480.0000, 3630.0000, 0.0000,  255, 255, 255
L 2460.0000, 3660.0000, 0.0000,  2460.0000, 3600.0000, 0.0000,  255, 255, 255
L 2520.0000, 3630.0000, 0.0000,  2550.0000, 3630.0000, 0.0000,  255, 255, 255
L 2520.0000, 3660.0000, 0.0000,  2550.0000, 3660.0000, 0.0000,  255, 255, 255
L 2520.0000, 3600.0000, 0.0000,  2520.0000, 3660.0000, 0.0000,  255, 255, 255
L 2550.0000, 3600.0000, 0.0000,  2520.0000, 3600.0000, 0.0000,  255, 255, 255
L 2600.0000, 3660.0000, 0.0000,  2600.0000, 3600.0000, 0.0000,  255, 255, 255
L 2570.0000, 3600.0000, 0.0000,  2600.0000, 3660.0000, 0.0000,  255, 255, 255
L 2570.0000, 3660.0000, 0.0000,  2570.0000, 3600.0000, 0.0000,  255, 255, 255
L 2640.0000, 3600.0000, 0.0000,  2640.0000, 3660.0000, 0.0000,  255, 255, 255
L 2620.0000, 3600.0000, 0.0000,  2660.0000, 3600.0000, 0.0000,  255, 255, 255
L 2330.0000, 3750.0000, 0.0000,  2300.0000, 3750.0000, 0.0000,  0, 0, 0
L 2300.0000, 3690.0000, 0.0000,  2330.0000, 3690.0000, 0.0000,  0, 0, 0
L 2300.0000, 3750.0000, 0.0000,  2300.0000, 3690.0000, 0.0000,  0, 0, 0
L 2330.0000, 3750.0000, 0.0000,  2330.0000, 3720.0000, 0.0000,  0, 0, 0
L 2330.0000, 3720.0000, 0.0000,  2310.0000, 3720.0000, 0.0000,  0, 0, 0
L 2350.0000, 3720.0000, 0.0000,  2380.0000, 3720.0000, 0.0000,  0, 0, 0
L 2350.0000, 3750.0000, 0.0000,  2380.0000, 3750.0000, 0.0000,  0, 0, 0
L 2350.0000, 3690.0000, 0.0000,  2350.0000, 3750.0000, 0.0000,  0, 0, 0
L 2380.0000, 3690.0000, 0.0000,  2350.0000, 3690.0000, 0.0000,  0, 0, 0
L 2430.0000, 3750.0000, 0.0000,  2430.0000, 3690.0000, 0.0000,  0, 0, 0
L 2400.0000, 3690.0000, 0.0000,  2430.0000, 3750.0000, 0.0000,  0, 0, 0
L 2400.0000, 3750.0000, 0.0000,  2400.0000, 3690.0000, 0.0000,  0, 0, 0
L 2450.0000, 3720.0000, 0.0000,  2480.0000, 3720.0000, 0.0000,  0, 0, 0
L 2450.0000, 3750.0000, 0.0000,  2480.0000, 3750.0000, 0.0000,  0, 0, 0
L 2450.0000, 3690.0000, 0.0000,  2450.0000, 3750.0000, 0.0000,  0, 0, 0
L 2480.0000, 3690.0000, 0.0000,  2450.0000, 3690.0000, 0.0000,  0, 0, 0
L 2500.0000, 3690.0000, 0.0000,  2500.0000, 3720.0000, 0.0000,  0, 0, 0
L 2500.0000, 3720.0000, 0.0000,  2500.0000, 3750.0000, 0.0000,  0, 0, 0
L 2500.0000, 3720.0000, 0.0000,  2520.0000, 3720.0000, 0.0000,  0, 0, 0
L 2540.0000, 3720.0000, 0.0000,  2540.0000, 3690.0000, 0.0000,  0, 0, 0
L 2500.0000, 3690.0000, 0.0000,  2540.0000, 3690.0000, 0.0000,  0, 0, 0
L 2520.0000, 3720.0000, 0.0000,  2540.0000, 3720.0000, 0.0000,  0, 0, 0
L 2540.0000, 3750.0000, 0.0000,  2520.0000, 3720.0000, 0.0000,  0, 0, 0
L 2570.0000, 3720.0000, 0.0000,  2590.0000, 3720.0000, 0.0000,  0, 0, 0
L 2580.0000, 3690.0000, 0.0000,  2600.0000, 3750.0000, 0.0000,  0, 0, 0
L 2560.0000, 3750.0000, 0.0000,  2580.0000, 3690.0000, 0.0000,  0, 0, 0
L 2620.0000, 3690.0000, 0.0000,  2620.0000, 3750.0000, 0.0000,  0, 0, 0
L 2660.0000, 3750.0000, 0.0000,  2620.0000, 3750.0000, 0.0000,  0, 0, 0
L 2330.0000, 3840.0000, 0.0000,  2300.0000, 3840.0000, 0.0000,  0, 0, 255
L 2300.0000, 3780.0000, 0.0000,  2330.0000, 3780.0000, 0.0000,  0, 0, 255
L 2300.0000, 3840.0000, 0.0000,  2300.0000, 3780.0000, 0.0000,  0, 0, 255
L 2330.0000, 3840.0000, 0.0000,  2330.0000, 3810.0000, 0.0000,  0, 0, 255
L 2330.0000, 3810.0000, 0.0000,  2310.0000, 3810.0000, 0.0000,  0, 0, 255
L 2350.0000, 3780.0000, 0.0000,  2350.0000, 3810.0000, 0.0000,  0, 0, 255
L 2350.0000, 3810.0000, 0.0000,  2350.0000, 3840.0000, 0.0000,  0, 0, 255
L 2350.0000, 3810.0000, 0.0000,  2370.0000, 3810.0000, 0.0000,  0, 0, 255
L 2390.0000, 3810.0000, 0.0000,  2390.0000, 3780.0000, 0.0000,  0, 0, 255
L 2350.0000, 3780.0000, 0.0000,  2390.0000, 3780.0000, 0.0000,  0, 0, 255
L 2370.0000, 3810.0000, 0.0000,  2390.0000, 3810.0000, 0.0000,  0, 0, 255
L 2390.0000, 3840.0000, 0.0000,  2370.0000, 3810.0000, 0.0000,  0, 0, 255
L 2410.0000, 3780.0000, 0.0000,  2440.0000, 3780.0000, 0.0000,  0, 0, 255
L 2410.0000, 3840.0000, 0.0000,  2440.0000, 3840.0000, 0.0000,  0, 0, 255
L 2410.0000, 3780.0000, 0.0000,  2410.0000, 3840.0000, 0.0000,  0, 0, 255
L 2440.0000, 3780.0000, 0.0000,  2440.0000, 3840.0000, 0.0000,  0, 0, 255
L 2500.0000, 3780.0000, 0.0000,  2500.0000, 3840.0000, 0.0000,  0, 0, 255
L 2460.0000, 3780.0000, 0.0000,  2460.0000, 3840.0000, 0.0000,  0, 0, 255
L 2460.0000, 3840.0000, 0.0000,  2500.0000, 3840.0000, 0.0000,  0, 0, 255
L 2550.0000, 3840.0000, 0.0000,  2550.0000, 3780.0000, 0.0000,  0, 0, 255
L 2520.0000, 3780.0000, 0.0000,  2550.0000, 3840.0000, 0.0000,  0, 0, 255
L 2520.0000, 3840.0000, 0.0000,  2520.0000, 3780.0000, 0.0000,  0, 0, 255
L 2580.0000, 3840.0000, 0.0000,  2580.0000, 3780.0000, 0.0000,  0, 0, 255
L 2590.0000, 3840.0000, 0.0000,  2570.0000, 3840.0000, 0.0000,  0, 0, 255
L 2600.0000, 3810.0000, 0.0000,  2590.0000, 3840.0000, 0.0000,  0, 0, 255
L 2590.0000, 3780.0000, 0.0000,  2600.0000, 3810.0000, 0.0000,  0, 0, 255
L 2570.0000, 3780.0000, 0.0000,  2590.0000, 3780.0000, 0.0000,  0, 0, 255
L 2680.0000, 3780.0000, 0.0000,  2680.0000, 3810.0000, 0.0000,  0, 0, 255
L 2680.0000, 3840.0000, 0.0000,  2720.0000, 3840.0000, 0.0000,  0, 0, 255
L 2720.0000, 3810.0000, 0.0000,  2680.0000, 3810.0000, 0.0000,  0, 0, 255
L 2680.0000, 3780.0000, 0.0000,  2720.0000, 3780.0000, 0.0000,  0, 0, 255
L 2720.0000, 3810.0000, 0.0000,  2720.0000, 3840.0000, 0.0000,  0, 0, 255
L 2770.0000, 3810.0000, 0.0000,  2740.0000, 3810.0000, 0.0000,  0, 0, 255
L 2770.0000, 3780.0000, 0.0000,  2770.0000, 3810.0000, 0.0000,  0, 0, 255
L 2740.0000, 3780.0000, 0.0000,  2770.0000, 3780.0000, 0.0000,  0, 0, 255
L 2740.0000, 3840.0000, 0.0000,  2740.0000, 3780.0000, 0.0000,  0, 0, 255
L 2800.0000, 3810.0000, 0.0000,  2820.0000, 3810.0000, 0.0000,  0, 0, 255
L 2810.0000, 3780.0000, 0.0000,  2830.0000, 3840.0000, 0.0000,  0, 0, 255
L 2790.0000, 3840.0000, 0.0000,  2810.0000, 3780.0000, 0.0000,  0, 0, 255
L 2880.0000, 3840.0000, 0.0000,  2890.0000, 3780.0000, 0.0000,  0, 0, 255
L 2870.0000, 3810.0000, 0.0000,  2880.0000, 3840.0000, 0.0000,  0, 0, 255
L 2860.0000, 3840.0000, 0.0000,  2870.0000, 3810.0000, 0.0000,  0, 0, 255
L 2850.0000, 3780.0000, 0.0000,  2860.0000, 3840.0000, 0.0000,  0, 0, 255
L 2940.0000, 3840.0000, 0.0000,  2940.0000, 3780.0000, 0.0000,  0, 0, 255
L 2910.0000, 3780.0000, 0.0000,  2940.0000, 3840.0000, 0.0000,  0, 0, 255
L 2910.0000, 3840.0000, 0.0000,  2910.0000, 3780.0000, 0.0000,  0, 0, 255
L 2330.0000, 3930.0000, 0.0000,  2300.0000, 3930.0000, 0.0000,  128, 128, 128
L 2300.0000, 3870.0000, 0.0000,  2330.0000, 3870.0000, 0.0000,  128, 128, 128
L 2300.0000, 3930.0000, 0.0000,  2300.0000, 3870.0000, 0.0000,  128, 128, 128
L 2330.0000, 3930.0000, 0.0000,  2330.0000, 3900.0000, 0.0000,  128, 128, 128
L 2330.0000, 3900.0000, 0.0000,  2310.0000, 3900.0000, 0.0000,  128, 128, 128
L 2390.0000, 3870.0000, 0.0000,  2390.0000, 3930.0000, 0.0000,  128, 128, 128
L 2350.0000, 3870.0000, 0.0000,  2350.0000, 3930.0000, 0.0000,  128, 128, 128
L 2350.0000, 3930.0000, 0.0000,  2390.0000, 3930.0000, 0.0000,  128, 128, 128
L 2410.0000, 3870.0000, 0.0000,  2410.0000, 3930.0000, 0.0000,  128, 128, 128
L 2430.0000, 3870.0000, 0.0000,  2430.0000, 3930.0000, 0.0000,  128, 128, 128
L 2470.0000, 3930.0000, 0.0000,  2430.0000, 3930.0000, 0.0000,  128, 128, 128
L 2500.0000, 3930.0000, 0.0000,  2500.0000, 3870.0000, 0.0000,  128, 128, 128
L 2510.0000, 3930.0000, 0.0000,  2490.0000, 3930.0000, 0.0000,  128, 128, 128
L 2520.0000, 3900.0000, 0.0000,  2510.0000, 3930.0000, 0.0000,  128, 128, 128
L 2510.0000, 3870.0000, 0.0000,  2520.0000, 3900.0000, 0.0000,  128, 128, 128
L 2490.0000, 3870.0000, 0.0000,  2510.0000, 3870.0000, 0.0000,  128, 128, 128
L 2640.0000, 3870.0000, 0.0000,  2640.0000, 3930.0000, 0.0000,  128, 128, 128
L 2620.0000, 3900.0000, 0.0000,  2640.0000, 3870.0000, 0.0000,  128, 128, 128
L 2600.0000, 3870.0000, 0.0000,  2620.0000, 3900.0000, 0.0000,  128, 128, 128
L 2600.0000, 3930.0000, 0.0000,  2600.0000, 3870.0000, 0.0000,  128, 128, 128
L 2670.0000, 3900.0000, 0.0000,  2690.0000, 3900.0000, 0.0000,  128, 128, 128
L 2680.0000, 3870.0000, 0.0000,  2700.0000, 3930.0000, 0.0000,  128, 128, 128
L 2660.0000, 3930.0000, 0.0000,  2680.0000, 3870.0000, 0.0000,  128, 128, 128
L 2720.0000, 3870.0000, 0.0000,  2720.0000, 3900.0000, 0.0000,  128, 128, 128
L 2720.0000, 3930.0000, 0.0000,  2760.0000, 3930.0000, 0.0000,  128, 128, 128
L 2760.0000, 3900.0000, 0.0000,  2720.0000, 3900.0000, 0.0000,  128, 128, 128
L 2720.0000, 3870.0000, 0.0000,  2760.0000, 3870.0000, 0.0000,  128, 128, 128
L 2760.0000, 3900.0000, 0.0000,  2760.0000, 3930.0000, 0.0000,  128, 128, 128
L 2800.0000, 3870.0000, 0.0000,  2800.0000, 3930.0000, 0.0000,  128, 128, 128
L 2780.0000, 3870.0000, 0.0000,  2820.0000, 3870.0000, 0.0000,  128, 128, 128
L 2840.0000, 3900.0000, 0.0000,  2870.0000, 3900.0000, 0.0000,  128, 128, 128
L 2840.0000, 3930.0000, 0.0000,  2870.0000, 3930.0000, 0.0000,  128, 128, 128
L 2840.0000, 3870.0000, 0.0000,  2840.0000, 3930.0000, 0.0000,  128, 128, 128
L 2870.0000, 3870.0000, 0.0000,  2840.0000, 3870.0000, 0.0000,  128, 128, 128
L 2890.0000, 3870.0000, 0.0000,  2890.0000, 3900.0000, 0.0000,  128, 128, 128
L 2890.0000, 3900.0000, 0.0000,  2890.0000, 3930.0000, 0.0000,  128, 128, 128
L 2890.0000, 3900.0000, 0.0000,  2910.0000, 3900.0000, 0.0000,  128, 128, 128
L 2930.0000, 3900.0000, 0.0000,  2930.0000, 3870.0000, 0.0000,  128, 128, 128
L 2890.0000, 3870.0000, 0.0000,  2930.0000, 3870.0000, 0.0000,  128, 128, 128
L 2910.0000, 3900.0000, 0.0000,  2930.0000, 3900.0000, 0.0000,  128, 128, 128
L 2930.0000, 3930.0000, 0.0000,  2910.0000, 3900.0000, 0.0000,  128, 128, 128
L 2300.0000, 3960.0000, 0.0000,  2300.0000, 3990.0000, 0.0000,  127, 64, 0
L 2340.0000, 4020.0000, 0.0000,  2340.0000, 3990.0000, 0.0000,  127, 64, 0
L 2300.0000, 3990.0000, 0.0000,  2300.0000, 4020.0000, 0.0000,  127, 64, 0
L 2340.0000, 3990.0000, 0.0000,  2340.0000, 3960.0000, 0.0000,  127, 64, 0
L 2300.0000, 3990.0000, 0.0000,  2340.0000, 3990.0000, 0.0000,  127, 64, 0
L 2400.0000, 3960.0000, 0.0000,  2400.0000, 4020.0000, 0.0000,  127, 64, 0
L 2360.0000, 3960.0000, 0.0000,  2360.0000, 4020.0000, 0.0000,  127, 64, 0
L 2360.0000, 4020.0000, 0.0000,  2400.0000, 4020.0000, 0.0000,  127, 64, 0
L 2450.0000, 4020.0000, 0.0000,  2450.0000, 3960.0000, 0.0000,  127, 64, 0
L 2420.0000, 3960.0000, 0.0000,  2450.0000, 4020.0000, 0.0000,  127, 64, 0
L 2420.0000, 4020.0000, 0.0000,  2420.0000, 3960.0000, 0.0000,  127, 64, 0
L 2490.0000, 3960.0000, 0.0000,  2490.0000, 4020.0000, 0.0000,  127, 64, 0
L 2470.0000, 3960.0000, 0.0000,  2510.0000, 3960.0000, 0.0000,  127, 64, 0
L 2530.0000, 3990.0000, 0.0000,  2560.0000, 3990.0000, 0.0000,  127, 64, 0
L 2530.0000, 4020.0000, 0.0000,  2560.0000, 4020.0000, 0.0000,  127, 64, 0
L 2530.0000, 3960.0000, 0.0000,  2530.0000, 4020.0000, 0.0000,  127, 64, 0
L 2560.0000, 3960.0000, 0.0000,  2530.0000, 3960.0000, 0.0000,  127, 64, 0
L 2580.0000, 3960.0000, 0.0000,  2580.0000, 3990.0000, 0.0000,  127, 64, 0
L 2580.0000, 3990.0000, 0.0000,  2580.0000, 4020.0000, 0.0000,  127, 64, 0
L 2580.0000, 3990.0000, 0.0000,  2600.0000, 3990.0000, 0.0000,  127, 64, 0
L 2620.0000, 3990.0000, 0.0000,  2620.0000, 3960.0000, 0.0000,  127, 64, 0
L 2580.0000, 3960.0000, 0.0000,  2620.0000, 3960.0000, 0.0000,  127, 64, 0
L 2600.0000, 3990.0000, 0.0000,  2620.0000, 3990.0000, 0.0000,  127, 64, 0
L 2620.0000, 4020.0000, 0.0000,  2600.0000, 3990.0000, 0.0000,  127, 64, 0
L 2340.0000, 4050.0000, 0.0000,  2340.0000, 4110.0000, 0.0000,  0, 127, 0
L 2320.0000, 4080.0000, 0.0000,  2340.0000, 4050.0000, 0.0000,  0, 127, 0
L 2300.0000, 4050.0000, 0.0000,  2320.0000, 4080.0000, 0.0000,  0, 127, 0
L 2300.0000, 4110.0000, 0.0000,  2300.0000, 4050.0000, 0.0000,  0, 127, 0
L 2360.0000, 4080.0000, 0.0000,  2390.0000, 4080.0000, 0.0000,  0, 127, 0
L 2360.0000, 4110.0000, 0.0000,  2390.0000, 4110.0000, 0.0000,  0, 127, 0
L 2360.0000, 4050.0000, 0.0000,  2360.0000, 4110.0000, 0.0000,  0, 127, 0
L 2390.0000, 4050.0000, 0.0000,  2360.0000, 4050.0000, 0.0000,  0, 127, 0
L 2410.0000, 4050.0000, 0.0000,  2410.0000, 4080.0000, 0.0000,  0, 127, 0
L 2410.0000, 4080.0000, 0.0000,  2410.0000, 4110.0000, 0.0000,  0, 127, 0
L 2410.0000, 4080.0000, 0.0000,  2430.0000, 4080.0000, 0.0000,  0, 127, 0
L 2450.0000, 4080.0000, 0.0000,  2450.0000, 4050.0000, 0.0000,  0, 127, 0
L 2410.0000, 4050.0000, 0.0000,  2450.0000, 4050.0000, 0.0000,  0, 127, 0
L 2430.0000, 4080.0000, 0.0000,  2450.0000, 4080.0000, 0.0000,  0, 127, 0
L 2450.0000, 4110.0000, 0.0000,  2430.0000, 4080.0000, 0.0000,  0, 127, 0
L 2500.0000, 4110.0000, 0.0000,  2470.0000, 4110.0000, 0.0000,  0, 127, 0
L 2470.0000, 4050.0000, 0.0000,  2500.0000, 4050.0000, 0.0000,  0, 127, 0
L 2470.0000, 4110.0000, 0.0000,  2470.0000, 4050.0000, 0.0000,  0, 127, 0
L 2520.0000, 4050.0000, 0.0000,  2520.0000, 4080.0000, 0.0000,  0, 127, 0
L 2560.0000, 4110.0000, 0.0000,  2560.0000, 4080.0000, 0.0000,  0, 127, 0
L 2520.0000, 4080.0000, 0.0000,  2520.0000, 4110.0000, 0.0000,  0, 127, 0
L 2560.0000, 4080.0000, 0.0000,  2560.0000, 4050.0000, 0.0000,  0, 127, 0
L 2520.0000, 4080.0000, 0.0000,  2560.0000, 4080.0000, 0.0000,  0, 127, 0
L 2590.0000, 4080.0000, 0.0000,  2610.0000, 4080.0000, 0.0000,  0, 127, 0
L 2600.0000, 4050.0000, 0.0000,  2620.0000, 4110.0000, 0.0000,  0, 127, 0
L 2580.0000, 4110.0000, 0.0000,  2600.0000, 4050.0000, 0.0000,  0, 127, 0
L 2670.0000, 4110.0000, 0.0000,  2670.0000, 4050.0000, 0.0000,  0, 127, 0
L 2640.0000, 4050.0000, 0.0000,  2670.0000, 4110.0000, 0.0000,  0, 127, 0
L 2640.0000, 4110.0000, 0.0000,  2640.0000, 4050.0000, 0.0000,  0, 127, 0
L 2710.0000, 4050.0000, 0.0000,  2710.0000, 4110.0000, 0.0000,  0, 127, 0
L 2690.0000, 4050.0000, 0.0000,  2730.0000, 4050.0000, 0.0000,  0, 127, 0
L 2340.0000, 4140.0000, 0.0000,  2340.0000, 4200.0000, 0.0000,  0, 127, 127
L 2320.0000, 4170.0000, 0.0000,  2340.0000, 4140.0000, 0.0000,  0, 127, 127
L 2300.0000, 4140.0000, 0.0000,  2320.0000, 4170.0000, 0.0000,  0, 127, 127
L 2300.0000, 4200.0000, 0.0000,  2300.0000, 4140.0000, 0.0000,  0, 127, 127
L 2360.0000, 4140.0000, 0.0000,  2360.0000, 4200.0000, 0.0000,  0, 127, 127
L 2380.0000, 4140.0000, 0.0000,  2380.0000, 4170.0000, 0.0000,  0, 127, 127
L 2380.0000, 4200.0000, 0.0000,  2420.0000, 4200.0000, 0.0000,  0, 127, 127
L 2420.0000, 4170.0000, 0.0000,  2380.0000, 4170.0000, 0.0000,  0, 127, 127
L 2380.0000, 4140.0000, 0.0000,  2420.0000, 4140.0000, 0.0000,  0, 127, 127
L 2420.0000, 4170.0000, 0.0000,  2420.0000, 4200.0000, 0.0000,  0, 127, 127
L 2440.0000, 4140.0000, 0.0000,  2440.0000, 4170.0000, 0.0000,  0, 127, 127
L 2440.0000, 4200.0000, 0.0000,  2480.0000, 4200.0000, 0.0000,  0, 127, 127
L 2480.0000, 4170.0000, 0.0000,  2440.0000, 4170.0000, 0.0000,  0, 127, 127
L 2440.0000, 4140.0000, 0.0000,  2480.0000, 4140.0000, 0.0000,  0, 127, 127
L 2480.0000, 4170.0000, 0.0000,  2480.0000, 4200.0000, 0.0000,  0, 127, 127
L 2500.0000, 4140.0000, 0.0000,  2500.0000, 4200.0000, 0.0000,  0, 127, 127
L 2520.0000, 4140.0000, 0.0000,  2550.0000, 4140.0000, 0.0000,  0, 127, 127
L 2520.0000, 4200.0000, 0.0000,  2550.0000, 4200.0000, 0.0000,  0, 127, 127
L 2520.0000, 4140.0000, 0.0000,  2520.0000, 4200.0000, 0.0000,  0, 127, 127
L 2550.0000, 4140.0000, 0.0000,  2550.0000, 4200.0000, 0.0000,  0, 127, 127
L 2600.0000, 4200.0000, 0.0000,  2600.0000, 4140.0000, 0.0000,  0, 127, 127
L 2570.0000, 4140.0000, 0.0000,  2600.0000, 4200.0000, 0.0000,  0, 127, 127
L 2570.0000, 4200.0000, 0.0000,  2570.0000, 4140.0000, 0.0000,  0, 127, 127
L 2330.0000, 4290.0000, 0.0000,  2330.0000, 4230.0000, 0.0000,  127, 64, 0
L 2300.0000, 4230.0000, 0.0000,  2330.0000, 4290.0000, 0.0000,  127, 64, 0
L 2300.0000, 4290.0000, 0.0000,  2300.0000, 4230.0000, 0.0000,  127, 64, 0
L 2360.0000, 4260.0000, 0.0000,  2380.0000, 4260.0000, 0.0000,  127, 64, 0
L 2370.0000, 4230.0000, 0.0000,  2390.0000, 4290.0000, 0.0000,  127, 64, 0
L 2350.0000, 4290.0000, 0.0000,  2370.0000, 4230.0000, 0.0000,  127, 64, 0
L 2450.0000, 4230.0000, 0.0000,  2450.0000, 4290.0000, 0.0000,  127, 64, 0
L 2430.0000, 4260.0000, 0.0000,  2450.0000, 4230.0000, 0.0000,  127, 64, 0
L 2410.0000, 4230.0000, 0.0000,  2430.0000, 4260.0000, 0.0000,  127, 64, 0
L 2410.0000, 4290.0000, 0.0000,  2410.0000, 4230.0000, 0.0000,  127, 64, 0
L 2470.0000, 4260.0000, 0.0000,  2500.0000, 4260.0000, 0.0000,  127, 64, 0
L 2470.0000, 4290.0000, 0.0000,  2500.0000, 4290.0000, 0.0000,  127, 64, 0
L 2470.0000, 4230.0000, 0.0000,  2470.0000, 4290.0000, 0.0000,  127, 64, 0
L 2500.0000, 4230.0000, 0.0000,  2470.0000, 4230.0000, 0.0000,  127, 64, 0
L 2530.0000, 4290.0000, 0.0000,  2530.0000, 4230.0000, 0.0000,  127, 64, 0
L 2540.0000, 4290.0000, 0.0000,  2520.0000, 4290.0000, 0.0000,  127, 64, 0
L 2550.0000, 4260.0000, 0.0000,  2540.0000, 4290.0000, 0.0000,  127, 64, 0
L 2540.0000, 4230.0000, 0.0000,  2550.0000, 4260.0000, 0.0000,  127, 64, 0
L 2520.0000, 4230.0000, 0.0000,  2540.0000, 4230.0000, 0.0000,  127, 64, 0
L 2330.0000, 4350.0000, 0.0000,  2300.0000, 4350.0000, 0.0000,  0, 255, 0
L 2330.0000, 4320.0000, 0.0000,  2330.0000, 4350.0000, 0.0000,  0, 255, 0
L 2300.0000, 4320.0000, 0.0000,  2330.0000, 4320.0000, 0.0000,  0, 255, 0
L 2300.0000, 4380.0000, 0.0000,  2300.0000, 4320.0000, 0.0000,  0, 255, 0
L 2360.0000, 4350.0000, 0.0000,  2380.0000, 4350.0000, 0.0000,  0, 255, 0
L 2370.0000, 4320.0000, 0.0000,  2390.0000, 4380.0000, 0.0000,  0, 255, 0
L 2350.0000, 4380.0000, 0.0000,  2370.0000, 4320.0000, 0.0000,  0, 255, 0
L 2410.0000, 4320.0000, 0.0000,  2410.0000, 4350.0000, 0.0000,  0, 255, 0
L 2410.0000, 4350.0000, 0.0000,  2410.0000, 4380.0000, 0.0000,  0, 255, 0
L 2410.0000, 4350.0000, 0.0000,  2430.0000, 4350.0000, 0.0000,  0, 255, 0
L 2450.0000, 4350.0000, 0.0000,  2450.0000, 4320.0000, 0.0000,  0, 255, 0
L 2410.0000, 4320.0000, 0.0000,  2450.0000, 4320.0000, 0.0000,  0, 255, 0
L 2430.0000, 4350.0000, 0.0000,  2450.0000, 4350.0000, 0.0000,  0, 255, 0
L 2450.0000, 4380.0000, 0.0000,  2430.0000, 4350.0000, 0.0000,  0, 255, 0
L 2500.0000, 4380.0000, 0.0000,  2470.0000, 4380.0000, 0.0000,  0, 255, 0
L 2470.0000, 4320.0000, 0.0000,  2500.0000, 4320.0000, 0.0000,  0, 255, 0
L 2470.0000, 4380.0000, 0.0000,  2470.0000, 4320.0000, 0.0000,  0, 255, 0
L 2520.0000, 4350.0000, 0.0000,  2550.0000, 4350.0000, 0.0000,  0, 255, 0
L 2520.0000, 4380.0000, 0.0000,  2550.0000, 4380.0000, 0.0000,  0, 255, 0
L 2520.0000, 4320.0000, 0.0000,  2520.0000, 4380.0000, 0.0000,  0, 255, 0
L 2550.0000, 4320.0000, 0.0000,  2520.0000, 4320.0000, 0.0000,  0, 255, 0
L 2570.0000, 4320.0000, 0.0000,  2570.0000, 4380.0000, 0.0000,  0, 255, 0
L 2610.0000, 4380.0000, 0.0000,  2570.0000, 4380.0000, 0.0000,  0, 255, 0
L 2630.0000, 4320.0000, 0.0000,  2630.0000, 4350.0000, 0.0000,  0, 255, 0
L 2630.0000, 4380.0000, 0.0000,  2670.0000, 4380.0000, 0.0000,  0, 255, 0
L 2670.0000, 4350.0000, 0.0000,  2630.0000, 4350.0000, 0.0000,  0, 255, 0
L 2630.0000, 4320.0000, 0.0000,  2670.0000, 4320.0000, 0.0000,  0, 255, 0
L 2670.0000, 4350.0000, 0.0000,  2670.0000, 4380.0000, 0.0000,  0, 255, 0
L 2300.0000, 4410.0000, 0.0000,  2300.0000, 4440.0000, 0.0000,  0, 240, 240
L 2300.0000, 4440.0000, 0.0000,  2300.0000, 4470.0000, 0.0000,  0, 240, 240
L 2300.0000, 4440.0000, 0.0000,  2320.0000, 4440.0000, 0.0000,  0, 240, 240
L 2340.0000, 4440.0000, 0.0000,  2340.0000, 4410.0000, 0.0000,  0, 240, 240
L 2300.0000, 4410.0000, 0.0000,  2340.0000, 4410.0000, 0.0000,  0, 240, 240
L 2320.0000, 4440.0000, 0.0000,  2340.0000, 4440.0000, 0.0000,  0, 240, 240
L 2340.0000, 4470.0000, 0.0000,  2320.0000, 4440.0000, 0.0000,  0, 240, 240
L 2370.0000, 4440.0000, 0.0000,  2390.0000, 4440.0000, 0.0000,  0, 240, 240
L 2380.0000, 4410.0000, 0.0000,  2400.0000, 4470.0000, 0.0000,  0, 240, 240
L 2360.0000, 4470.0000, 0.0000,  2380.0000, 4410.0000, 0.0000,  0, 240, 240
L 2420.0000, 4410.0000, 0.0000,  2420.0000, 4470.0000, 0.0000,  0, 240, 240
L 2450.0000, 4470.0000, 0.0000,  2450.0000, 4410.0000, 0.0000,  0, 240, 240
L 2460.0000, 4470.0000, 0.0000,  2440.0000, 4470.0000, 0.0000,  0, 240, 240
L 2470.0000, 4440.0000, 0.0000,  2460.0000, 4470.0000, 0.0000,  0, 240, 240
L 2460.0000, 4410.0000, 0.0000,  2470.0000, 4440.0000, 0.0000,  0, 240, 240
L 2440.0000, 4410.0000, 0.0000,  2460.0000, 4410.0000, 0.0000,  0, 240, 240
L 2300.0000, 4500.0000, 0.0000,  2300.0000, 4530.0000, 0.0000,  0, 255, 0
L 2300.0000, 4560.0000, 0.0000,  2340.0000, 4560.0000, 0.0000,  0, 255, 0
L 2340.0000, 4530.0000, 0.0000,  2300.0000, 4530.0000, 0.0000,  0, 255, 0
L 2300.0000, 4500.0000, 0.0000,  2340.0000, 4500.0000, 0.0000,  0, 255, 0
L 2340.0000, 4530.0000, 0.0000,  2340.0000, 4560.0000, 0.0000,  0, 255, 0
L 2390.0000, 4530.0000, 0.0000,  2360.0000, 4530.0000, 0.0000,  0, 255, 0
L 2390.0000, 4500.0000, 0.0000,  2390.0000, 4530.0000, 0.0000,  0, 255, 0
L 2360.0000, 4500.0000, 0.0000,  2390.0000, 4500.0000, 0.0000,  0, 255, 0
L 2360.0000, 4560.0000, 0.0000,  2360.0000, 4500.0000, 0.0000,  0, 255, 0
L 2410.0000, 4530.0000, 0.0000,  2440.0000, 4530.0000, 0.0000,  0, 255, 0
L 2410.0000, 4560.0000, 0.0000,  2440.0000, 4560.0000, 0.0000,  0, 255, 0
L 2410.0000, 4500.0000, 0.0000,  2410.0000, 4560.0000, 0.0000,  0, 255, 0
L 2440.0000, 4500.0000, 0.0000,  2410.0000, 4500.0000, 0.0000,  0, 255, 0
L 2490.0000, 4560.0000, 0.0000,  2460.0000, 4560.0000, 0.0000,  0, 255, 0
L 2460.0000, 4500.0000, 0.0000,  2490.0000, 4500.0000, 0.0000,  0, 255, 0
L 2460.0000, 4560.0000, 0.0000,  2460.0000, 4500.0000, 0.0000,  0, 255, 0
L 2510.0000, 4500.0000, 0.0000,  2510.0000, 4560.0000, 0.0000,  0, 255, 0
L 2540.0000, 4530.0000, 0.0000,  2560.0000, 4530.0000, 0.0000,  0, 255, 0
L 2550.0000, 4500.0000, 0.0000,  2570.0000, 4560.0000, 0.0000,  0, 255, 0
L 2530.0000, 4560.0000, 0.0000,  2550.0000, 4500.0000, 0.0000,  0, 255, 0
L 2590.0000, 4500.0000, 0.0000,  2590.0000, 4560.0000, 0.0000,  0, 255, 0
L 2630.0000, 4560.0000, 0.0000,  2590.0000, 4560.0000, 0.0000,  0, 255, 0
L 2740.0000, 4560.0000, 0.0000,  2710.0000, 4560.0000, 0.0000,  0, 255, 0
L 2710.0000, 4500.0000, 0.0000,  2740.0000, 4500.0000, 0.0000,  0, 255, 0
L 2710.0000, 4560.0000, 0.0000,  2710.0000, 4500.0000, 0.0000,  0, 255, 0
L 2800.0000, 4500.0000, 0.0000,  2800.0000, 4560.0000, 0.0000,  0, 255, 0
L 2760.0000, 4500.0000, 0.0000,  2760.0000, 4560.0000, 0.0000,  0, 255, 0
L 2760.0000, 4560.0000, 0.0000,  2800.0000, 4560.0000, 0.0000,  0, 255, 0
L 2820.0000, 4500.0000, 0.0000,  2820.0000, 4530.0000, 0.0000,  0, 255, 0
L 2820.0000, 4530.0000, 0.0000,  2820.0000, 4560.0000, 0.0000,  0, 255, 0
L 2820.0000, 4530.0000, 0.0000,  2840.0000, 4530.0000, 0.0000,  0, 255, 0
L 2860.0000, 4530.0000, 0.0000,  2860.0000, 4500.0000, 0.0000,  0, 255, 0
L 2820.0000, 4500.0000, 0.0000,  2860.0000, 4500.0000, 0.0000,  0, 255, 0
L 2840.0000, 4530.0000, 0.0000,  2860.0000, 4530.0000, 0.0000,  0, 255, 0
L 2860.0000, 4560.0000, 0.0000,  2840.0000, 4530.0000, 0.0000,  0, 255, 0
L 2880.0000, 4500.0000, 0.0000,  2880.0000, 4530.0000, 0.0000,  0, 255, 0
L 2880.0000, 4530.0000, 0.0000,  2880.0000, 4560.0000, 0.0000,  0, 255, 0
L 2880.0000, 4530.0000, 0.0000,  2900.0000, 4530.0000, 0.0000,  0, 255, 0
L 2920.0000, 4530.0000, 0.0000,  2920.0000, 4500.0000, 0.0000,  0, 255, 0
L 2880.0000, 4500.0000, 0.0000,  2920.0000, 4500.0000, 0.0000,  0, 255, 0
L 2900.0000, 4530.0000, 0.0000,  2920.0000, 4530.0000, 0.0000,  0, 255, 0
L 2920.0000, 4560.0000, 0.0000,  2900.0000, 4530.0000, 0.0000,  0, 255, 0
L 2940.0000, 4530.0000, 0.0000,  2970.0000, 4530.0000, 0.0000,  0, 255, 0
L 2940.0000, 4560.0000, 0.0000,  2970.0000, 4560.0000, 0.0000,  0, 255, 0
L 2940.0000, 4500.0000, 0.0000,  2940.0000, 4560.0000, 0.0000,  0, 255, 0
L 2970.0000, 4500.0000, 0.0000,  2940.0000, 4500.0000, 0.0000,  0, 255, 0
L 3020.0000, 4560.0000, 0.0000,  3020.0000, 4500.0000, 0.0000,  0, 255, 0
L 2990.0000, 4500.0000, 0.0000,  3020.0000, 4560.0000, 0.0000,  0, 255, 0
L 2990.0000, 4560.0000, 0.0000,  2990.0000, 4500.0000, 0.0000,  0, 255, 0
L 3070.0000, 4560.0000, 0.0000,  3040.0000, 4560.0000, 0.0000,  0, 255, 0
L 3040.0000, 4500.0000, 0.0000,  3070.0000, 4500.0000, 0.0000,  0, 255, 0
L 3040.0000, 4560.0000, 0.0000,  3040.0000, 4500.0000, 0.0000,  0, 255, 0
L 3110.0000, 4530.0000, 0.0000,  3110.0000, 4560.0000, 0.0000,  0, 255, 0
L 3110.0000, 4530.0000, 0.0000,  3130.0000, 4500.0000, 0.0000,  0, 255, 0
L 3090.0000, 4500.0000, 0.0000,  3110.0000, 4530.0000, 0.0000,  0, 255, 0
L 2300.0000, 4590.0000, 0.0000,  2300.0000, 4620.0000, 0.0000,  255, 0, 0
L 2300.0000, 4650.0000, 0.0000,  2340.0000, 4650.0000, 0.0000,  255, 0, 0
L 2340.0000, 4620.0000, 0.0000,  2300.0000, 4620.0000, 0.0000,  255, 0, 0
L 2300.0000, 4590.0000, 0.0000,  2340.0000, 4590.0000, 0.0000,  255, 0, 0
L 2340.0000, 4620.0000, 0.0000,  2340.0000, 4650.0000, 0.0000,  255, 0, 0
L 2400.0000, 4590.0000, 0.0000,  2400.0000, 4650.0000, 0.0000,  255, 0, 0
L 2360.0000, 4590.0000, 0.0000,  2360.0000, 4650.0000, 0.0000,  255, 0, 0
L 2360.0000, 4650.0000, 0.0000,  2400.0000, 4650.0000, 0.0000,  255, 0, 0
L 2450.0000, 4650.0000, 0.0000,  2420.0000, 4650.0000, 0.0000,  255, 0, 0
L 2420.0000, 4590.0000, 0.0000,  2450.0000, 4590.0000, 0.0000,  255, 0, 0
L 2420.0000, 4650.0000, 0.0000,  2420.0000, 4590.0000, 0.0000,  255, 0, 0
L 2500.0000, 4650.0000, 0.0000,  2470.0000, 4650.0000, 0.0000,  255, 0, 0
L 2470.0000, 4590.0000, 0.0000,  2500.0000, 4590.0000, 0.0000,  255, 0, 0
L 2470.0000, 4650.0000, 0.0000,  2470.0000, 4590.0000, 0.0000,  255, 0, 0
L 2520.0000, 4590.0000, 0.0000,  2550.0000, 4590.0000, 0.0000,  255, 0, 0
L 2520.0000, 4650.0000, 0.0000,  2550.0000, 4650.0000, 0.0000,  255, 0, 0
L 2520.0000, 4590.0000, 0.0000,  2520.0000, 4650.0000, 0.0000,  255, 0, 0
L 2550.0000, 4590.0000, 0.0000,  2550.0000, 4650.0000, 0.0000,  255, 0, 0
L 2570.0000, 4590.0000, 0.0000,  2570.0000, 4620.0000, 0.0000,  255, 0, 0
L 2570.0000, 4620.0000, 0.0000,  2570.0000, 4650.0000, 0.0000,  255, 0, 0
L 2570.0000, 4620.0000, 0.0000,  2590.0000, 4620.0000, 0.0000,  255, 0, 0
L 2610.0000, 4620.0000, 0.0000,  2610.0000, 4590.0000, 0.0000,  255, 0, 0
L 2570.0000, 4590.0000, 0.0000,  2610.0000, 4590.0000, 0.0000,  255, 0, 0
L 2590.0000, 4620.0000, 0.0000,  2610.0000, 4620.0000, 0.0000,  255, 0, 0
L 2610.0000, 4650.0000, 0.0000,  2590.0000, 4620.0000, 0.0000,  255, 0, 0
L 2320.0000, 4680.0000, 0.0000,  2320.0000, 4740.0000, 0.0000,  255, 255, 0
L 2300.0000, 4680.0000, 0.0000,  2340.0000, 4680.0000, 0.0000,  255, 255, 0
L 2360.0000, 4710.0000, 0.0000,  2390.0000, 4710.0000, 0.0000,  255, 255, 0
L 2360.0000, 4740.0000, 0.0000,  2390.0000, 4740.0000, 0.0000,  255, 255, 0
L 2360.0000, 4680.0000, 0.0000,  2360.0000, 4740.0000, 0.0000,  255, 255, 0
L 2390.0000, 4680.0000, 0.0000,  2360.0000, 4680.0000, 0.0000,  255, 255, 0
L 2410.0000, 4680.0000, 0.0000,  2410.0000, 4740.0000, 0.0000,  255, 255, 0
L 2450.0000, 4740.0000, 0.0000,  2410.0000, 4740.0000, 0.0000,  255, 255, 0
L 2470.0000, 4710.0000, 0.0000,  2500.0000, 4710.0000, 0.0000,  255, 255, 0
L 2470.0000, 4740.0000, 0.0000,  2500.0000, 4740.0000, 0.0000,  255, 255, 0
L 2470.0000, 4680.0000, 0.0000,  2470.0000, 4740.0000, 0.0000,  255, 255, 0
L 2500.0000, 4680.0000, 0.0000,  2470.0000, 4680.0000, 0.0000,  255, 255, 0
L 2550.0000, 4710.0000, 0.0000,  2520.0000, 4710.0000, 0.0000,  255, 255, 0
L 2550.0000, 4680.0000, 0.0000,  2550.0000, 4710.0000, 0.0000,  255, 255, 0
L 2520.0000, 4680.0000, 0.0000,  2550.0000, 4680.0000, 0.0000,  255, 255, 0
L 2520.0000, 4740.0000, 0.0000,  2520.0000, 4680.0000, 0.0000,  255, 255, 0
L 2570.0000, 4680.0000, 0.0000,  2600.0000, 4680.0000, 0.0000,  255, 255, 0
L 2570.0000, 4740.0000, 0.0000,  2600.0000, 4740.0000, 0.0000,  255, 255, 0
L 2570.0000, 4680.0000, 0.0000,  2570.0000, 4740.0000, 0.0000,  255, 255, 0
L 2600.0000, 4680.0000, 0.0000,  2600.0000, 4740.0000, 0.0000,  255, 255, 0
L 2620.0000, 4680.0000, 0.0000,  2620.0000, 4710.0000, 0.0000,  255, 255, 0
L 2620.0000, 4710.0000, 0.0000,  2620.0000, 4740.0000, 0.0000,  255, 255, 0
L 2620.0000, 4710.0000, 0.0000,  2640.0000, 4710.0000, 0.0000,  255, 255, 0
L 2660.0000, 4710.0000, 0.0000,  2660.0000, 4680.0000, 0.0000,  255, 255, 0
L 2620.0000, 4680.0000, 0.0000,  2660.0000, 4680.0000, 0.0000,  255, 255, 0
L 2640.0000, 4710.0000, 0.0000,  2660.0000, 4710.0000, 0.0000,  255, 255, 0
L 2660.0000, 4740.0000, 0.0000,  2640.0000, 4710.0000, 0.0000,  255, 255, 0
L 2700.0000, 4680.0000, 0.0000,  2700.0000, 4740.0000, 0.0000,  255, 255, 0
L 2680.0000, 4680.0000, 0.0000,  2720.0000, 4680.0000, 0.0000,  255, 255, 0
L 2320.0000, 4770.0000, 0.0000,  2320.0000, 4830.0000, 0.0000,  128, 0, 128
L 2300.0000, 4770.0000, 0.0000,  2340.0000, 4770.0000, 0.0000,  128, 0, 128
L 2360.0000, 4770.0000, 0.0000,  2360.0000, 4800.0000, 0.0000,  128, 0, 128
L 2360.0000, 4800.0000, 0.0000,  2360.0000, 4830.0000, 0.0000,  128, 0, 128
L 2360.0000, 4800.0000, 0.0000,  2380.0000, 4800.0000, 0.0000,  128, 0, 128
L 2400.0000, 4800.0000, 0.0000,  2400.0000, 4770.0000, 0.0000,  128, 0, 128
L 2360.0000, 4770.0000, 0.0000,  2400.0000, 4770.0000, 0.0000,  128, 0, 128
L 2380.0000, 4800.0000, 0.0000,  2400.0000, 4800.0000, 0.0000,  128, 0, 128
L 2400.0000, 4830.0000, 0.0000,  2380.0000, 4800.0000, 0.0000,  128, 0, 128
L 2430.0000, 4800.0000, 0.0000,  2450.0000, 4800.0000, 0.0000,  128, 0, 128
L 2440.0000, 4770.0000, 0.0000,  2460.0000, 4830.0000, 0.0000,  128, 0, 128
L 2420.0000, 4830.0000, 0.0000,  2440.0000, 4770.0000, 0.0000,  128, 0, 128
L 2490.0000, 4830.0000, 0.0000,  2490.0000, 4770.0000, 0.0000,  128, 0, 128
L 2500.0000, 4830.0000, 0.0000,  2480.0000, 4830.0000, 0.0000,  128, 0, 128
L 2510.0000, 4800.0000, 0.0000,  2500.0000, 4830.0000, 0.0000,  128, 0, 128
L 2500.0000, 4770.0000, 0.0000,  2510.0000, 4800.0000, 0.0000,  128, 0, 128
L 2480.0000, 4770.0000, 0.0000,  2500.0000, 4770.0000, 0.0000,  128, 0, 128
L 2530.0000, 4800.0000, 0.0000,  2560.0000, 4800.0000, 0.0000,  128, 0, 128
L 2530.0000, 4830.0000, 0.0000,  2560.0000, 4830.0000, 0.0000,  128, 0, 128
L 2530.0000, 4770.0000, 0.0000,  2530.0000, 4830.0000, 0.0000,  128, 0, 128
L 2560.0000, 4770.0000, 0.0000,  2530.0000, 4770.0000, 0.0000,  128, 0, 128
L 2580.0000, 4770.0000, 0.0000,  2580.0000, 4800.0000, 0.0000,  128, 0, 128
L 2580.0000, 4830.0000, 0.0000,  2620.0000, 4830.0000, 0.0000,  128, 0, 128
L 2620.0000, 4800.0000, 0.0000,  2580.0000, 4800.0000, 0.0000,  128, 0, 128
L 2580.0000, 4770.0000, 0.0000,  2620.0000, 4770.0000, 0.0000,  128, 0, 128
L 2620.0000, 4800.0000, 0.0000,  2620.0000, 4830.0000, 0.0000,  128, 0, 128
L 2640.0000, 4770.0000, 0.0000,  2640.0000, 4800.0000, 0.0000,  128, 0, 128
L 2640.0000, 4800.0000, 0.0000,  2640.0000, 4830.0000, 0.0000,  128, 0, 128
L 2640.0000, 4800.0000, 0.0000,  2680.0000, 4830.0000, 0.0000,  128, 0, 128
L 2640.0000, 4800.0000, 0.0000,  2680.0000, 4770.0000, 0.0000,  128, 0, 128
L 2700.0000, 4770.0000, 0.0000,  2700.0000, 4830.0000, 0.0000,  128, 0, 128
L 2720.0000, 4770.0000, 0.0000,  2720.0000, 4830.0000, 0.0000,  128, 0, 128
L 2760.0000, 4830.0000, 0.0000,  2720.0000, 4830.0000, 0.0000,  128, 0, 128
L 2780.0000, 4770.0000, 0.0000,  2780.0000, 4830.0000, 0.0000,  128, 0, 128
L 2820.0000, 4830.0000, 0.0000,  2780.0000, 4830.0000, 0.0000,  128, 0, 128
L 2930.0000, 4830.0000, 0.0000,  2900.0000, 4830.0000, 0.0000,  128, 0, 128
L 2900.0000, 4770.0000, 0.0000,  2930.0000, 4770.0000, 0.0000,  128, 0, 128
L 2900.0000, 4830.0000, 0.0000,  2900.0000, 4770.0000, 0.0000,  128, 0, 128
L 2950.0000, 4770.0000, 0.0000,  2980.0000, 4770.0000, 0.0000,  128, 0, 128
L 2950.0000, 4830.0000, 0.0000,  2980.0000, 4830.0000, 0.0000,  128, 0, 128
L 2950.0000, 4770.0000, 0.0000,  2950.0000, 4830.0000, 0.0000,  128, 0, 128
L 2980.0000, 4770.0000, 0.0000,  2980.0000, 4830.0000, 0.0000,  128, 0, 128
L 3030.0000, 4830.0000, 0.0000,  3030.0000, 4770.0000, 0.0000,  128, 0, 128
L 3000.0000, 4770.0000, 0.0000,  3030.0000, 4830.0000, 0.0000,  128, 0, 128
L 3000.0000, 4830.0000, 0.0000,  3000.0000, 4770.0000, 0.0000,  128, 0, 128
L 3070.0000, 4770.0000, 0.0000,  3070.0000, 4830.0000, 0.0000,  128, 0, 128
L 3050.0000, 4770.0000, 0.0000,  3090.0000, 4770.0000, 0.0000,  128, 0, 128
L 3120.0000, 4800.0000, 0.0000,  3140.0000, 4800.0000, 0.0000,  128, 0, 128
L 3130.0000, 4770.0000, 0.0000,  3150.0000, 4830.0000, 0.0000,  128, 0, 128
L 3110.0000, 4830.0000, 0.0000,  3130.0000, 4770.0000, 0.0000,  128, 0, 128
L 3170.0000, 4770.0000, 0.0000,  3170.0000, 4830.0000, 0.0000,  128, 0, 128
L 3220.0000, 4830.0000, 0.0000,  3220.0000, 4770.0000, 0.0000,  128, 0, 128
L 3190.0000, 4770.0000, 0.0000,  3220.0000, 4830.0000, 0.0000,  128, 0, 128
L 3190.0000, 4830.0000, 0.0000,  3190.0000, 4770.0000, 0.0000,  128, 0, 128
L 3240.0000, 4800.0000, 0.0000,  3270.0000, 4800.0000, 0.0000,  128, 0, 128
L 3240.0000, 4830.0000, 0.0000,  3270.0000, 4830.0000, 0.0000,  128, 0, 128
L 3240.0000, 4770.0000, 0.0000,  3240.0000, 4830.0000, 0.0000,  128, 0, 128
L 3270.0000, 4770.0000, 0.0000,  3240.0000, 4770.0000, 0.0000,  128, 0, 128
L 3290.0000, 4770.0000, 0.0000,  3290.0000, 4800.0000, 0.0000,  128, 0, 128
L 3290.0000, 4800.0000, 0.0000,  3290.0000, 4830.0000, 0.0000,  128, 0, 128
L 3290.0000, 4800.0000, 0.0000,  3310.0000, 4800.0000, 0.0000,  128, 0, 128
L 3330.0000, 4800.0000, 0.0000,  3330.0000, 4770.0000, 0.0000,  128, 0, 128
L 3290.0000, 4770.0000, 0.0000,  3330.0000, 4770.0000, 0.0000,  128, 0, 128
L 3310.0000, 4800.0000, 0.0000,  3330.0000, 4800.0000, 0.0000,  128, 0, 128
L 3330.0000, 4830.0000, 0.0000,  3310.0000, 4800.0000, 0.0000,  128, 0, 128
L 2320.0000, 4860.0000, 0.0000,  2320.0000, 4920.0000, 0.0000,  255, 255, 0
L 2300.0000, 4860.0000, 0.0000,  2340.0000, 4860.0000, 0.0000,  255, 255, 0
L 2360.0000, 4860.0000, 0.0000,  2360.0000, 4890.0000, 0.0000,  255, 255, 0
L 2360.0000, 4890.0000, 0.0000,  2360.0000, 4920.0000, 0.0000,  255, 255, 0
L 2360.0000, 4890.0000, 0.0000,  2380.0000, 4890.0000, 0.0000,  255, 255, 0
L 2400.0000, 4890.0000, 0.0000,  2400.0000, 4860.0000, 0.0000,  255, 255, 0
L 2360.0000, 4860.0000, 0.0000,  2400.0000, 4860.0000, 0.0000,  255, 255, 0
L 2380.0000, 4890.0000, 0.0000,  2400.0000, 4890.0000, 0.0000,  255, 255, 0
L 2400.0000, 4920.0000, 0.0000,  2380.0000, 4890.0000, 0.0000,  255, 255, 0
L 2430.0000, 4890.0000, 0.0000,  2450.0000, 4890.0000, 0.0000,  255, 255, 0
L 2440.0000, 4860.0000, 0.0000,  2460.0000, 4920.0000, 0.0000,  255, 255, 0
L 2420.0000, 4920.0000, 0.0000,  2440.0000, 4860.0000, 0.0000,  255, 255, 0
L 2510.0000, 4890.0000, 0.0000,  2480.0000, 4890.0000, 0.0000,  255, 255, 0
L 2510.0000, 4860.0000, 0.0000,  2510.0000, 4890.0000, 0.0000,  255, 255, 0
L 2480.0000, 4860.0000, 0.0000,  2510.0000, 4860.0000, 0.0000,  255, 255, 0
L 2480.0000, 4920.0000, 0.0000,  2480.0000, 4860.0000, 0.0000,  255, 255, 0
L 2330.0000, 4950.0000, 0.0000,  2300.0000, 4950.0000, 0.0000,  255, 0, 0
L 2300.0000, 5010.0000, 0.0000,  2330.0000, 4950.0000, 0.0000,  255, 0, 0
L 2300.0000, 5010.0000, 0.0000,  2330.0000, 5010.0000, 0.0000,  255, 0, 0
L 2350.0000, 4950.0000, 0.0000,  2380.0000, 4950.0000, 0.0000,  255, 0, 0
L 2350.0000, 5010.0000, 0.0000,  2380.0000, 5010.0000, 0.0000,  255, 0, 0
L 2350.0000, 4950.0000, 0.0000,  2350.0000, 5010.0000, 0.0000,  255, 0, 0
L 2380.0000, 4950.0000, 0.0000,  2380.0000, 5010.0000, 0.0000,  255, 0, 0
L 2430.0000, 5010.0000, 0.0000,  2430.0000, 4950.0000, 0.0000,  255, 0, 0
L 2400.0000, 4950.0000, 0.0000,  2430.0000, 5010.0000, 0.0000,  255, 0, 0
L 2400.0000, 5010.0000, 0.0000,  2400.0000, 4950.0000, 0.0000,  255, 0, 0
L 2450.0000, 4980.0000, 0.0000,  2480.0000, 4980.0000, 0.0000,  255, 0, 0
L 2450.0000, 5010.0000, 0.0000,  2480.0000, 5010.0000, 0.0000,  255, 0, 0
L 2450.0000, 4950.0000, 0.0000,  2450.0000, 5010.0000, 0.0000,  255, 0, 0
L 2480.0000, 4950.0000, 0.0000,  2450.0000, 4950.0000, 0.0000,  255, 0, 0
P 1300.0000, 3300.0000, 0.0000,  0, 0, 0,  2,  Original_Map:_Caudyr
P 1300.0000, 3500.0000, 0.0000,  0, 0, 0,  2,  Revised_Map:_Brewall_Rainsiger_(Cazic-Thule)
P 1300.0000, 3700.0000, 0.0000,  0, 0, 0,  2,  http://www.eqmaps.info
P 1300.0000, 3900.0000, 0.0000,  0, 0, 0,  2,  Return_of_the_Exiled_(www.roteguild.org)
P 1300.0000, 4100.0000, 0.0000,  0, 0, 0,  2,  Height_Filter:_25/25
P 1300.0000, 4300.0000, 0.0000,  240, 240, 0,  2,  A._Eager_Entomology_ground_spawn_(Snazlieu_the_Sneak_HA's)
P 1300.0000, 4500.0000, 0.0000,  240, 240, 240,  2,  B._Loathsome_Leftovers_ground_spawn_(Naturalist_Yrelia_HA's)
P 1300.0000, 4700.0000, 0.0000,  127, 0, 127,  2,  C._Military_Missives_ground_spawn_(Battlebreaker_Kraklest_HA's)
P 1300.0000, 4900.0000, 0.0000,  255, 0, 0,  2,  D._Prolific_Polinators_ground_spawn_(Ambassador_Crizlyna_HA's)
P 1300.0000, 5100.0000, 0.0000,  0, 0, 0,  2,  E._Acquired_Armaments_mob_drop_(in_HA's)
P 1300.0000, 5300.0000, 0.0000,  127, 64, 0,  2,  Arachnox,_the_Dread_Widow_(The_Great_Hunt_HA)
P 1300.0000, 5500.0000, 0.0000,  127, 64, 0,  2,  a_Bixie_Guardian_(Assault_the_Main_Hive_HA)
P 1300.0000, 5700.0000, 0.0000,  127, 64, 0,  2,  an_Enraged_Bixie_Drone_(Espionage_Starts_at_Home_HA)
P 1300.0000, 5900.0000, 0.0000,  127, 64, 0,  2,  Dreadmole_(Always_Follow_the_Money_HA)
P 1300.0000, 6100.0000, 0.0000,  127, 64, 0,  2,  Firesting_(Endless_War_HA)
P 1300.0000, 6300.0000, 0.0000,  127, 64, 0,  2,  Gellwing,_the_Corpse_Looter_(The_Thunder_Gun_Escape_HA)
P 1300.0000, 6500.0000, 0.0000,  127, 64, 0,  2,  Grolk,_the_Honey_Eater_(General_Sagrinta's_Last_Stand_HA)
P 1300.0000, 6700.0000, 0.0000,  127, 64, 0,  2,  Monarch_Deathwing_(Working_Overtime_HA)
P 1300.0000, 6900.0000, 0.0000,  127, 64, 0,  2,  Pollenix_(They're_Everywhere_HA)
P 1300.0000, 7100.0000, 0.0000,  127, 64, 0,  2,  Princess_Honeywing_(Jacyll's_Jailbreak_HA)
P 1300.0000, 7300.0000, 0.0000,  127, 64, 0,  2,  Tleroth,_Mistress_of_the_Web_(They've_Gone_Too_Far_This_Time_HA)
