P 1.4959, -346.6870, 18.4868,  255, 0, 0,  3,  to_Kernagir,_the_Shining_City
P -0.2608, 1.0988, -27.4398,  255, 0, 0,  3,  to_Brell's_Rest
P -191.7785, -702.3586, 13.4972,  0, 0, 240,  2,  Ball_of_Cosgrove
P -2.4657, -596.7319, 17.4972,  0, 0, 0,  2,  Brell_Serilis
P -34.7080, -443.9302, 17.4972,  0, 128, 128,  2,  Sanctus_Persant_(Quest)
P -12.1928, -666.2678, 17.4973,  0, 128, 128,  2,  Resnel_(Quest)
P 11.3901, -666.0966, 17.4973,  0, 128, 128,  2,  Gotonur_(Quest)
P -124.4365, -591.4689, 17.4975,  0, 128, 128,  2,  Chamberlain_Thoridian_(Quest)
P 31.6657, -448.8391, 17.4972,  0, 128, 128,  2,  Master_Alchemist_Vakros_(Quest)
P 207.0591, -705.4384, 16.4079,  0, 0, 240,  2,  Purest_Water
P 0.0558, -802.3022, 21.5597,  0, 0, 240,  2,  Combined_Essences
P 102.1475, -590.9510, 17.2376,  128, 0, 128,  2,  Brewing_Barrel
P 100.1774, -550.7271, 17.2376,  128, 0, 128,  2,  Oven
P 86.9542, -489.5754, 17.2376,  128, 0, 128,  2,  Jewelry_Making_Table
P -79.5735, -489.4826, 17.2376,  128, 0, 128,  2,  Fletching_Table
P -96.9997, -549.3417, 17.2376,  128, 0, 128,  2,  Loom
P -104.2168, -590.2547, 17.2376,  128, 0, 128,  2,  Pottery_Wheel
P -77.6094, -628.0053, 17.2376,  128, 0, 128,  2,  Kiln
P -278.7845, -897.9115, -2.3434,  240, 240, 240,  2,  Garden_of_Inspiration
P 271.9346, -961.1302, -3.7624,  240, 240, 240,  2,  Garden_of_Reflection
P 17.9096, -1173.0096, -24.7624,  240, 240, 240,  2,  Garden_of_Worship
P 185.2671, -459.3755, -1.4832,  127, 64, 0,  2,  Pristine_Creation_(Named,Roam)
P -487.3313, -554.4809, -15.9836,  127, 64, 0,  2,  Naglebrak_(Named)
P 394.9831, -596.7175, -15.9867,  127, 64, 0,  2,  Rockslide_(Named)
P 243.0633, -723.2438, 12.2755,  127, 64, 0,  2,  Gigyn_Brute_(Named,Roam)
P 7.0031, -1227.7343, -23.1097,  127, 64, 0,  2,  Misshapen_Formation_(Named)
P -204.6771, -319.3047, 0.9672,  127, 64, 0,  2,  Pristine_Creation_(Named,Roam)
P 75.9561, -634.5945, 17.1687,  128, 0, 128,  2,  Forge
P 80.0453, -653.2931, 17.1689,  0, 0, 240,  1,  GS:_Fractured_Pottery
P 24.0301, -544.6364, 27.1694,  0, 0, 240,  1,  GS:_Metallurgy_of_Souls
