P -132.5070, -1580.4449, 121.3220,  255, 0, 0,  3,  to_Stillmoon_Temple
P 878.9050, 1220.0590, 11.5360,  255, 0, 0,  3,  to_Lavaspinner's_Lair
P 1847.0389, 1162.8180, -9.2370,  255, 0, 0,  3,  to_The_Lavastorm_Mountains
P 852.5040, -793.6230, 34.2880,  255, 0, 0,  3,  to_Thundercrest_Isles
P 1497.7469, 1798.8580, 149.0360,  255, 255, 0,  2,  Instance
P -1245.3700, -510.6800, 23.6800,  255, 255, 0,  2,  Instance
P -51.6820, -1028.9250, 121.3190,  255, 255, 0,  2,  Instance
P 1641.0560, -902.8760, 77.8250,  255, 255, 0,  2,  Instance
P -684.7560, -1601.0551, 50.4260,  255, 255, 0,  2,  Instance
P -1399.0820, 302.0400, 22.3500,  128, 64, 0,  2,  The_Broodqueen
P -187.3940, 890.8550, 65.8733,  255, 255, 255,  2,  Wind_Stones
P 1050.9210, -328.8760, 25.0293,  255, 255, 255,  2,  Dirtdiggers
P 1489.7010, -568.3320, 30.6403,  255, 255, 255,  2,  Dirtdiggers
P 1217.3610, -297.2340, 37.5303,  255, 255, 255,  2,  Pillars
P 742.8780, -1282.0220, 66.0013,  255, 255, 255,  2,  Pillars
P 634.7240, -1278.3719, 32.5303,  255, 255, 255,  2,  Stone_Dervishes
P 1288.2111, -1201.9270, 51.8920,  255, 255, 255,  2,  Dragon_Statue_-_Desert
P 1466.1750, -959.3180, 67.8903,  255, 255, 0,  2,  Pillars
P 1324.5890, -1341.2469, 84.7723,  255, 255, 0,  2,  Pillars
P 973.9710, -1522.8040, 43.9853,  255, 255, 0,  2,  Dirtdiggers
P -1236.8960, -496.7560, 20.6963,  240, 240, 240,  2,  Frostfang_Drakes
P -1175.9410, -305.0330, 39.2943,  240, 240, 240,  2,  Frostflakes
P -1674.3590, -1228.4900, 2.5693,  240, 240, 240,  2,  Waterfall
P -867.5820, 1001.3500, 19.3360,  255, 255, 255,  2,  Brood_Drones
P 839.5790, -841.5680, 33.3243,  255, 255, 255,  2,  Earth_Stone
P 586.5590, 1043.2590, 71.9313,  255, 255, 255,  2,  Fire_Stones
P -1275.4160, -548.1960, 25.0983,  240, 240, 240,  2,  Water_Stones
P -1632.1440, 878.3340, 32.6620,  255, 255, 255,  2,  Dragon_Statue_-_Swamp
P 1283.8240, 524.1750, 67.1000,  255, 255, 255,  2,  Dragon_Statue
P 527.5910, 1002.7330, 78.6273,  255, 255, 240,  2,  a_decaying_corpse
P -1481.9110, -632.3330, 15.9510,  255, 255, 255,  2,  Dragon_Statue_-_Ice
P -250.8488, -555.2969, 19.7993,  0, 0, 0,  2,  Grel_Strongboom
P -1596.1022, 883.6324, 29.0421,  240, 240, 0,  2,  Instance:_In_the_Shadows_(Raid)
