L 1000.0000, 0.0000, 0.0000,  1000.0000, -50.0000, 0.0000,  255, 0, 0
L -20.0000, 50.0000, 0.0000,  -50.0000, 20.0000, 0.0000,  255, 0, 0
L 50.0000, 20.0000, 0.0000,  20.0000, 50.0000, 0.0000,  255, 0, 0
L 20.0000, -50.0000, 0.0000,  50.0000, -20.0000, 0.0000,  255, 0, 0
L -50.0000, -20.0000, 0.0000,  -20.0000, -50.0000, 0.0000,  255, 0, 0
L -50.0000, 20.0000, 0.0000,  -50.0000, -20.0000, 0.0000,  255, 0, 0
L 20.0000, 50.0000, 0.0000,  -20.0000, 50.0000, 0.0000,  255, 0, 0
L 50.0000, -20.0000, 0.0000,  50.0000, 20.0000, 0.0000,  255, 0, 0
L -20.0000, -50.0000, 0.0000,  20.0000, -50.0000, 0.0000,  255, 0, 0
L 580.0000, -20.0000, 0.0000,  540.0000, -20.0000, 0.0000,  255, 0, 0
L 580.0000, -90.0000, 0.0000,  580.0000, -20.0000, 0.0000,  255, 0, 0
L 540.0000, -90.0000, 0.0000,  580.0000, -90.0000, 0.0000,  255, 0, 0
L 540.0000, -20.0000, 0.0000,  540.0000, -90.0000, 0.0000,  255, 0, 0
L 520.0000, -20.0000, 0.0000,  480.0000, -20.0000, 0.0000,  255, 0, 0
L 520.0000, -90.0000, 0.0000,  520.0000, -20.0000, 0.0000,  255, 0, 0
L 480.0000, -90.0000, 0.0000,  520.0000, -90.0000, 0.0000,  255, 0, 0
L 480.0000, -20.0000, 0.0000,  480.0000, -90.0000, 0.0000,  255, 0, 0
L 460.0000, -90.0000, 0.0000,  450.0000, -80.0000, 0.0000,  255, 0, 0
L 460.0000, -20.0000, 0.0000,  460.0000, -90.0000, 0.0000,  255, 0, 0
L 0.0000, -250.0000, 0.0000,  0.0000, 250.0000, 0.0000,  255, 0, 0
L -250.0000, 0.0000, 0.0000,  1000.0000, 0.0000, 0.0000,  255, 0, 0
L -120.0000, -80.0000, 0.0000,  -120.0000, -60.0000, 0.0000,  255, 0, 0
L -120.0000, -60.0000, 0.0000,  -120.0000, -40.0000, 0.0000,  255, 0, 0
L -100.0000, -60.0000, 0.0000,  -120.0000, -60.0000, 0.0000,  255, 0, 0
L -120.0000, -60.0000, 0.0000,  -140.0000, -60.0000, 0.0000,  255, 0, 0
L -90.0000, -50.0000, 0.0000,  -100.0000, -30.0000, 0.0000,  255, 0, 0
L -60.0000, -80.0000, 0.0000,  -60.0000, -60.0000, 0.0000,  255, 0, 0
L -60.0000, -60.0000, 0.0000,  -60.0000, -40.0000, 0.0000,  255, 0, 0
L -40.0000, -60.0000, 0.0000,  -60.0000, -60.0000, 0.0000,  255, 0, 0
L -60.0000, -60.0000, 0.0000,  -80.0000, -60.0000, 0.0000,  255, 0, 0
L 100.0000, 60.0000, 0.0000,  120.0000, 60.0000, 0.0000,  255, 0, 0
L 120.0000, 60.0000, 0.0000,  140.0000, 60.0000, 0.0000,  255, 0, 0
L 90.0000, 70.0000, 0.0000,  80.0000, 90.0000, 0.0000,  255, 0, 0
L 40.0000, 60.0000, 0.0000,  60.0000, 60.0000, 0.0000,  255, 0, 0
L 60.0000, 60.0000, 0.0000,  80.0000, 60.0000, 0.0000,  255, 0, 0
L -100.0000, 60.0000, 0.0000,  -120.0000, 60.0000, 0.0000,  255, 0, 0
L -120.0000, 60.0000, 0.0000,  -140.0000, 60.0000, 0.0000,  255, 0, 0
L -90.0000, 70.0000, 0.0000,  -100.0000, 90.0000, 0.0000,  255, 0, 0
L -60.0000, 80.0000, 0.0000,  -60.0000, 60.0000, 0.0000,  255, 0, 0
L -60.0000, 60.0000, 0.0000,  -60.0000, 40.0000, 0.0000,  255, 0, 0
L -40.0000, 60.0000, 0.0000,  -60.0000, 60.0000, 0.0000,  255, 0, 0
L -60.0000, 60.0000, 0.0000,  -80.0000, 60.0000, 0.0000,  255, 0, 0
L 100.0000, -60.0000, 0.0000,  120.0000, -60.0000, 0.0000,  255, 0, 0
L 120.0000, -60.0000, 0.0000,  140.0000, -60.0000, 0.0000,  255, 0, 0
L 90.0000, -50.0000, 0.0000,  80.0000, -30.0000, 0.0000,  255, 0, 0
L 60.0000, -80.0000, 0.0000,  60.0000, -60.0000, 0.0000,  255, 0, 0
L 60.0000, -60.0000, 0.0000,  60.0000, -40.0000, 0.0000,  255, 0, 0
L 40.0000, -60.0000, 0.0000,  60.0000, -60.0000, 0.0000,  255, 0, 0
L 60.0000, -60.0000, 0.0000,  80.0000, -60.0000, 0.0000,  255, 0, 0
L 599.0000, -90.0000, 0.0000,  637.3000, -90.0000, 0.0000,  255, 0, 0
L 599.0000, -20.0000, 0.0000,  637.3000, -20.0000, 0.0000,  255, 0, 0
L 599.0000, -90.0000, 0.0000,  599.0000, -20.0000, 0.0000,  255, 0, 0
L 637.3000, -90.0000, 0.0000,  637.3000, -20.0000, 0.0000,  255, 0, 0
L 3600.0000, 6000.0000, 0.0000,  3600.0000, 6060.0000, 0.0000,  0, 0, 0
L 3640.0000, 6060.0000, 0.0000,  3600.0000, 6060.0000, 0.0000,  0, 0, 0
L 3660.0000, 6030.0000, 0.0000,  3690.0000, 6030.0000, 0.0000,  0, 0, 0
L 3660.0000, 6060.0000, 0.0000,  3690.0000, 6060.0000, 0.0000,  0, 0, 0
L 3660.0000, 6000.0000, 0.0000,  3660.0000, 6060.0000, 0.0000,  0, 0, 0
L 3690.0000, 6000.0000, 0.0000,  3660.0000, 6000.0000, 0.0000,  0, 0, 0
L 3740.0000, 6060.0000, 0.0000,  3710.0000, 6060.0000, 0.0000,  0, 0, 0
L 3710.0000, 6000.0000, 0.0000,  3740.0000, 6000.0000, 0.0000,  0, 0, 0
L 3710.0000, 6060.0000, 0.0000,  3710.0000, 6000.0000, 0.0000,  0, 0, 0
L 3740.0000, 6060.0000, 0.0000,  3740.0000, 6030.0000, 0.0000,  0, 0, 0
L 3740.0000, 6030.0000, 0.0000,  3720.0000, 6030.0000, 0.0000,  0, 0, 0
L 3760.0000, 6030.0000, 0.0000,  3790.0000, 6030.0000, 0.0000,  0, 0, 0
L 3760.0000, 6060.0000, 0.0000,  3790.0000, 6060.0000, 0.0000,  0, 0, 0
L 3760.0000, 6000.0000, 0.0000,  3760.0000, 6060.0000, 0.0000,  0, 0, 0
L 3790.0000, 6000.0000, 0.0000,  3760.0000, 6000.0000, 0.0000,  0, 0, 0
L 3840.0000, 6060.0000, 0.0000,  3840.0000, 6000.0000, 0.0000,  0, 0, 0
L 3810.0000, 6000.0000, 0.0000,  3840.0000, 6060.0000, 0.0000,  0, 0, 0
L 3810.0000, 6060.0000, 0.0000,  3810.0000, 6000.0000, 0.0000,  0, 0, 0
L 3870.0000, 6060.0000, 0.0000,  3870.0000, 6000.0000, 0.0000,  0, 0, 0
L 3880.0000, 6060.0000, 0.0000,  3860.0000, 6060.0000, 0.0000,  0, 0, 0
L 3890.0000, 6030.0000, 0.0000,  3880.0000, 6060.0000, 0.0000,  0, 0, 0
L 3880.0000, 6000.0000, 0.0000,  3890.0000, 6030.0000, 0.0000,  0, 0, 0
L 3860.0000, 6000.0000, 0.0000,  3880.0000, 6000.0000, 0.0000,  0, 0, 0
L 3600.0000, 6170.0000, 0.0000,  3660.0000, 6170.0000, 0.0000,  0, 0, 0
L 3600.0000, 6090.0000, 0.0000,  3660.0000, 6090.0000, 0.0000,  0, 0, 0
L 3630.0000, 6143.0000, 0.0000,  3630.0000, 6117.0000, 0.0000,  205, 133, 63
L 3660.0000, 6170.0000, 0.0000,  3720.0000, 6170.0000, 0.0000,  0, 0, 0
L 3660.0000, 6170.0000, 0.0000,  3660.0000, 6143.0000, 0.0000,  205, 133, 63
L 3630.0000, 6143.0000, 0.0000,  3690.0000, 6143.0000, 0.0000,  205, 133, 63
L 3630.0000, 6117.0000, 0.0000,  3660.0000, 6117.0000, 0.0000,  205, 133, 63
L 3660.0000, 6117.0000, 0.0000,  3690.0000, 6117.0000, 0.0000,  205, 133, 63
L 3660.0000, 6090.0000, 0.0000,  3720.0000, 6090.0000, 0.0000,  0, 0, 0
L 3660.0000, 6117.0000, 0.0000,  3660.0000, 6090.0000, 0.0000,  205, 133, 63
L 3690.0000, 6143.0000, 0.0000,  3690.0000, 6117.0000, 0.0000,  205, 133, 63
L 3770.0000, 6160.0000, 0.0000,  3770.0000, 6100.0000, 0.0000,  0, 0, 0
L 3780.0000, 6160.0000, 0.0000,  3760.0000, 6160.0000, 0.0000,  0, 0, 0
L 3790.0000, 6130.0000, 0.0000,  3780.0000, 6160.0000, 0.0000,  0, 0, 0
L 3780.0000, 6100.0000, 0.0000,  3790.0000, 6130.0000, 0.0000,  0, 0, 0
L 3760.0000, 6100.0000, 0.0000,  3780.0000, 6100.0000, 0.0000,  0, 0, 0
L 3810.0000, 6100.0000, 0.0000,  3840.0000, 6100.0000, 0.0000,  0, 0, 0
L 3810.0000, 6160.0000, 0.0000,  3840.0000, 6160.0000, 0.0000,  0, 0, 0
L 3810.0000, 6100.0000, 0.0000,  3810.0000, 6160.0000, 0.0000,  0, 0, 0
L 3840.0000, 6100.0000, 0.0000,  3840.0000, 6160.0000, 0.0000,  0, 0, 0
L 3860.0000, 6100.0000, 0.0000,  3890.0000, 6100.0000, 0.0000,  0, 0, 0
L 3860.0000, 6160.0000, 0.0000,  3890.0000, 6160.0000, 0.0000,  0, 0, 0
L 3860.0000, 6100.0000, 0.0000,  3860.0000, 6160.0000, 0.0000,  0, 0, 0
L 3890.0000, 6100.0000, 0.0000,  3890.0000, 6160.0000, 0.0000,  0, 0, 0
L 3910.0000, 6100.0000, 0.0000,  3910.0000, 6130.0000, 0.0000,  0, 0, 0
L 3910.0000, 6130.0000, 0.0000,  3910.0000, 6160.0000, 0.0000,  0, 0, 0
L 3910.0000, 6130.0000, 0.0000,  3930.0000, 6130.0000, 0.0000,  0, 0, 0
L 3950.0000, 6130.0000, 0.0000,  3950.0000, 6100.0000, 0.0000,  0, 0, 0
L 3910.0000, 6100.0000, 0.0000,  3950.0000, 6100.0000, 0.0000,  0, 0, 0
L 3930.0000, 6130.0000, 0.0000,  3950.0000, 6130.0000, 0.0000,  0, 0, 0
L 3950.0000, 6160.0000, 0.0000,  3930.0000, 6130.0000, 0.0000,  0, 0, 0
L 3600.0000, 6210.0000, 0.0000,  3600.0000, 6240.0000, 0.0000,  255, 210, 0
L 3600.0000, 6210.0000, 0.0000,  3620.0000, 6210.0000, 0.0000,  255, 210, 0
L 3620.0000, 6270.0000, 0.0000,  3600.0000, 6270.0000, 0.0000,  255, 210, 0
L 3600.0000, 6240.0000, 0.0000,  3600.0000, 6270.0000, 0.0000,  255, 210, 0
L 3620.0000, 6240.0000, 0.0000,  3600.0000, 6240.0000, 0.0000,  255, 210, 0
L 3620.0000, 6240.0000, 0.0000,  3640.0000, 6225.0000, 0.0000,  255, 210, 0
L 3620.0000, 6210.0000, 0.0000,  3640.0000, 6225.0000, 0.0000,  255, 210, 0
L 3620.0000, 6240.0000, 0.0000,  3640.0000, 6255.0000, 0.0000,  255, 210, 0
L 3640.0000, 6255.0000, 0.0000,  3620.0000, 6270.0000, 0.0000,  255, 210, 0
L 3670.0000, 6240.0000, 0.0000,  3690.0000, 6240.0000, 0.0000,  255, 210, 0
L 3680.0000, 6210.0000, 0.0000,  3700.0000, 6270.0000, 0.0000,  255, 210, 0
L 3660.0000, 6270.0000, 0.0000,  3680.0000, 6210.0000, 0.0000,  255, 210, 0
L 3750.0000, 6270.0000, 0.0000,  3750.0000, 6210.0000, 0.0000,  255, 210, 0
L 3720.0000, 6210.0000, 0.0000,  3750.0000, 6270.0000, 0.0000,  255, 210, 0
L 3720.0000, 6270.0000, 0.0000,  3720.0000, 6210.0000, 0.0000,  255, 210, 0
L 3770.0000, 6210.0000, 0.0000,  3770.0000, 6240.0000, 0.0000,  255, 210, 0
L 3770.0000, 6240.0000, 0.0000,  3770.0000, 6270.0000, 0.0000,  255, 210, 0
L 3770.0000, 6240.0000, 0.0000,  3810.0000, 6270.0000, 0.0000,  255, 210, 0
L 3770.0000, 6240.0000, 0.0000,  3810.0000, 6210.0000, 0.0000,  255, 210, 0
L 3830.0000, 6240.0000, 0.0000,  3860.0000, 6240.0000, 0.0000,  255, 210, 0
L 3830.0000, 6270.0000, 0.0000,  3860.0000, 6270.0000, 0.0000,  255, 210, 0
L 3830.0000, 6210.0000, 0.0000,  3830.0000, 6270.0000, 0.0000,  255, 210, 0
L 3860.0000, 6210.0000, 0.0000,  3830.0000, 6210.0000, 0.0000,  255, 210, 0
L 3880.0000, 6210.0000, 0.0000,  3880.0000, 6240.0000, 0.0000,  255, 210, 0
L 3880.0000, 6240.0000, 0.0000,  3880.0000, 6270.0000, 0.0000,  255, 210, 0
L 3880.0000, 6240.0000, 0.0000,  3900.0000, 6240.0000, 0.0000,  255, 210, 0
L 3920.0000, 6240.0000, 0.0000,  3920.0000, 6210.0000, 0.0000,  255, 210, 0
L 3880.0000, 6210.0000, 0.0000,  3920.0000, 6210.0000, 0.0000,  255, 210, 0
L 3900.0000, 6240.0000, 0.0000,  3920.0000, 6240.0000, 0.0000,  255, 210, 0
L 3920.0000, 6270.0000, 0.0000,  3900.0000, 6240.0000, 0.0000,  255, 210, 0
L 3630.0000, 6360.0000, 0.0000,  3600.0000, 6360.0000, 0.0000,  255, 255, 255
L 3600.0000, 6300.0000, 0.0000,  3630.0000, 6300.0000, 0.0000,  255, 255, 255
L 3600.0000, 6360.0000, 0.0000,  3600.0000, 6300.0000, 0.0000,  255, 255, 255
L 3650.0000, 6300.0000, 0.0000,  3680.0000, 6300.0000, 0.0000,  255, 255, 255
L 3650.0000, 6360.0000, 0.0000,  3680.0000, 6360.0000, 0.0000,  255, 255, 255
L 3650.0000, 6300.0000, 0.0000,  3650.0000, 6360.0000, 0.0000,  255, 255, 255
L 3680.0000, 6300.0000, 0.0000,  3680.0000, 6360.0000, 0.0000,  255, 255, 255
L 3740.0000, 6300.0000, 0.0000,  3740.0000, 6360.0000, 0.0000,  255, 255, 255
L 3720.0000, 6330.0000, 0.0000,  3740.0000, 6300.0000, 0.0000,  255, 255, 255
L 3700.0000, 6300.0000, 0.0000,  3720.0000, 6330.0000, 0.0000,  255, 255, 255
L 3700.0000, 6360.0000, 0.0000,  3700.0000, 6300.0000, 0.0000,  255, 255, 255
L 3800.0000, 6300.0000, 0.0000,  3800.0000, 6360.0000, 0.0000,  255, 255, 255
L 3780.0000, 6330.0000, 0.0000,  3800.0000, 6300.0000, 0.0000,  255, 255, 255
L 3760.0000, 6300.0000, 0.0000,  3780.0000, 6330.0000, 0.0000,  255, 255, 255
L 3760.0000, 6360.0000, 0.0000,  3760.0000, 6300.0000, 0.0000,  255, 255, 255
L 3820.0000, 6330.0000, 0.0000,  3850.0000, 6330.0000, 0.0000,  255, 255, 255
L 3820.0000, 6360.0000, 0.0000,  3850.0000, 6360.0000, 0.0000,  255, 255, 255
L 3820.0000, 6300.0000, 0.0000,  3820.0000, 6360.0000, 0.0000,  255, 255, 255
L 3850.0000, 6300.0000, 0.0000,  3820.0000, 6300.0000, 0.0000,  255, 255, 255
L 3900.0000, 6360.0000, 0.0000,  3900.0000, 6300.0000, 0.0000,  255, 255, 255
L 3870.0000, 6300.0000, 0.0000,  3900.0000, 6360.0000, 0.0000,  255, 255, 255
L 3870.0000, 6360.0000, 0.0000,  3870.0000, 6300.0000, 0.0000,  255, 255, 255
L 3940.0000, 6300.0000, 0.0000,  3940.0000, 6360.0000, 0.0000,  255, 255, 255
L 3920.0000, 6300.0000, 0.0000,  3960.0000, 6300.0000, 0.0000,  255, 255, 255
L 3630.0000, 6450.0000, 0.0000,  3600.0000, 6450.0000, 0.0000,  0, 0, 0
L 3600.0000, 6390.0000, 0.0000,  3630.0000, 6390.0000, 0.0000,  0, 0, 0
L 3600.0000, 6450.0000, 0.0000,  3600.0000, 6390.0000, 0.0000,  0, 0, 0
L 3630.0000, 6450.0000, 0.0000,  3630.0000, 6420.0000, 0.0000,  0, 0, 0
L 3630.0000, 6420.0000, 0.0000,  3610.0000, 6420.0000, 0.0000,  0, 0, 0
L 3650.0000, 6420.0000, 0.0000,  3680.0000, 6420.0000, 0.0000,  0, 0, 0
L 3650.0000, 6450.0000, 0.0000,  3680.0000, 6450.0000, 0.0000,  0, 0, 0
L 3650.0000, 6390.0000, 0.0000,  3650.0000, 6450.0000, 0.0000,  0, 0, 0
L 3680.0000, 6390.0000, 0.0000,  3650.0000, 6390.0000, 0.0000,  0, 0, 0
L 3730.0000, 6450.0000, 0.0000,  3730.0000, 6390.0000, 0.0000,  0, 0, 0
L 3700.0000, 6390.0000, 0.0000,  3730.0000, 6450.0000, 0.0000,  0, 0, 0
L 3700.0000, 6450.0000, 0.0000,  3700.0000, 6390.0000, 0.0000,  0, 0, 0
L 3750.0000, 6420.0000, 0.0000,  3780.0000, 6420.0000, 0.0000,  0, 0, 0
L 3750.0000, 6450.0000, 0.0000,  3780.0000, 6450.0000, 0.0000,  0, 0, 0
L 3750.0000, 6390.0000, 0.0000,  3750.0000, 6450.0000, 0.0000,  0, 0, 0
L 3780.0000, 6390.0000, 0.0000,  3750.0000, 6390.0000, 0.0000,  0, 0, 0
L 3800.0000, 6390.0000, 0.0000,  3800.0000, 6420.0000, 0.0000,  0, 0, 0
L 3800.0000, 6420.0000, 0.0000,  3800.0000, 6450.0000, 0.0000,  0, 0, 0
L 3800.0000, 6420.0000, 0.0000,  3820.0000, 6420.0000, 0.0000,  0, 0, 0
L 3840.0000, 6420.0000, 0.0000,  3840.0000, 6390.0000, 0.0000,  0, 0, 0
L 3800.0000, 6390.0000, 0.0000,  3840.0000, 6390.0000, 0.0000,  0, 0, 0
L 3820.0000, 6420.0000, 0.0000,  3840.0000, 6420.0000, 0.0000,  0, 0, 0
L 3840.0000, 6450.0000, 0.0000,  3820.0000, 6420.0000, 0.0000,  0, 0, 0
L 3870.0000, 6420.0000, 0.0000,  3890.0000, 6420.0000, 0.0000,  0, 0, 0
L 3880.0000, 6390.0000, 0.0000,  3900.0000, 6450.0000, 0.0000,  0, 0, 0
L 3860.0000, 6450.0000, 0.0000,  3880.0000, 6390.0000, 0.0000,  0, 0, 0
L 3920.0000, 6390.0000, 0.0000,  3920.0000, 6450.0000, 0.0000,  0, 0, 0
L 3960.0000, 6450.0000, 0.0000,  3920.0000, 6450.0000, 0.0000,  0, 0, 0
L 3630.0000, 6540.0000, 0.0000,  3600.0000, 6540.0000, 0.0000,  0, 0, 255
L 3600.0000, 6480.0000, 0.0000,  3630.0000, 6480.0000, 0.0000,  0, 0, 255
L 3600.0000, 6540.0000, 0.0000,  3600.0000, 6480.0000, 0.0000,  0, 0, 255
L 3630.0000, 6540.0000, 0.0000,  3630.0000, 6510.0000, 0.0000,  0, 0, 255
L 3630.0000, 6510.0000, 0.0000,  3610.0000, 6510.0000, 0.0000,  0, 0, 255
L 3650.0000, 6480.0000, 0.0000,  3650.0000, 6510.0000, 0.0000,  0, 0, 255
L 3650.0000, 6510.0000, 0.0000,  3650.0000, 6540.0000, 0.0000,  0, 0, 255
L 3650.0000, 6510.0000, 0.0000,  3670.0000, 6510.0000, 0.0000,  0, 0, 255
L 3690.0000, 6510.0000, 0.0000,  3690.0000, 6480.0000, 0.0000,  0, 0, 255
L 3650.0000, 6480.0000, 0.0000,  3690.0000, 6480.0000, 0.0000,  0, 0, 255
L 3670.0000, 6510.0000, 0.0000,  3690.0000, 6510.0000, 0.0000,  0, 0, 255
L 3690.0000, 6540.0000, 0.0000,  3670.0000, 6510.0000, 0.0000,  0, 0, 255
L 3710.0000, 6480.0000, 0.0000,  3740.0000, 6480.0000, 0.0000,  0, 0, 255
L 3710.0000, 6540.0000, 0.0000,  3740.0000, 6540.0000, 0.0000,  0, 0, 255
L 3710.0000, 6480.0000, 0.0000,  3710.0000, 6540.0000, 0.0000,  0, 0, 255
L 3740.0000, 6480.0000, 0.0000,  3740.0000, 6540.0000, 0.0000,  0, 0, 255
L 3800.0000, 6480.0000, 0.0000,  3800.0000, 6540.0000, 0.0000,  0, 0, 255
L 3760.0000, 6480.0000, 0.0000,  3760.0000, 6540.0000, 0.0000,  0, 0, 255
L 3760.0000, 6540.0000, 0.0000,  3800.0000, 6540.0000, 0.0000,  0, 0, 255
L 3850.0000, 6540.0000, 0.0000,  3850.0000, 6480.0000, 0.0000,  0, 0, 255
L 3820.0000, 6480.0000, 0.0000,  3850.0000, 6540.0000, 0.0000,  0, 0, 255
L 3820.0000, 6540.0000, 0.0000,  3820.0000, 6480.0000, 0.0000,  0, 0, 255
L 3880.0000, 6540.0000, 0.0000,  3880.0000, 6480.0000, 0.0000,  0, 0, 255
L 3890.0000, 6540.0000, 0.0000,  3870.0000, 6540.0000, 0.0000,  0, 0, 255
L 3900.0000, 6510.0000, 0.0000,  3890.0000, 6540.0000, 0.0000,  0, 0, 255
L 3890.0000, 6480.0000, 0.0000,  3900.0000, 6510.0000, 0.0000,  0, 0, 255
L 3870.0000, 6480.0000, 0.0000,  3890.0000, 6480.0000, 0.0000,  0, 0, 255
L 3980.0000, 6480.0000, 0.0000,  3980.0000, 6510.0000, 0.0000,  0, 0, 255
L 3980.0000, 6540.0000, 0.0000,  4020.0000, 6540.0000, 0.0000,  0, 0, 255
L 4020.0000, 6510.0000, 0.0000,  3980.0000, 6510.0000, 0.0000,  0, 0, 255
L 3980.0000, 6480.0000, 0.0000,  4020.0000, 6480.0000, 0.0000,  0, 0, 255
L 4020.0000, 6510.0000, 0.0000,  4020.0000, 6540.0000, 0.0000,  0, 0, 255
L 4070.0000, 6510.0000, 0.0000,  4040.0000, 6510.0000, 0.0000,  0, 0, 255
L 4070.0000, 6480.0000, 0.0000,  4070.0000, 6510.0000, 0.0000,  0, 0, 255
L 4040.0000, 6480.0000, 0.0000,  4070.0000, 6480.0000, 0.0000,  0, 0, 255
L 4040.0000, 6540.0000, 0.0000,  4040.0000, 6480.0000, 0.0000,  0, 0, 255
L 4100.0000, 6510.0000, 0.0000,  4120.0000, 6510.0000, 0.0000,  0, 0, 255
L 4110.0000, 6480.0000, 0.0000,  4130.0000, 6540.0000, 0.0000,  0, 0, 255
L 4090.0000, 6540.0000, 0.0000,  4110.0000, 6480.0000, 0.0000,  0, 0, 255
L 4180.0000, 6540.0000, 0.0000,  4190.0000, 6480.0000, 0.0000,  0, 0, 255
L 4170.0000, 6510.0000, 0.0000,  4180.0000, 6540.0000, 0.0000,  0, 0, 255
L 4160.0000, 6540.0000, 0.0000,  4170.0000, 6510.0000, 0.0000,  0, 0, 255
L 4150.0000, 6480.0000, 0.0000,  4160.0000, 6540.0000, 0.0000,  0, 0, 255
L 4240.0000, 6540.0000, 0.0000,  4240.0000, 6480.0000, 0.0000,  0, 0, 255
L 4210.0000, 6480.0000, 0.0000,  4240.0000, 6540.0000, 0.0000,  0, 0, 255
L 4210.0000, 6540.0000, 0.0000,  4210.0000, 6480.0000, 0.0000,  0, 0, 255
L 3630.0000, 6630.0000, 0.0000,  3600.0000, 6630.0000, 0.0000,  128, 128, 128
L 3600.0000, 6570.0000, 0.0000,  3630.0000, 6570.0000, 0.0000,  128, 128, 128
L 3600.0000, 6630.0000, 0.0000,  3600.0000, 6570.0000, 0.0000,  128, 128, 128
L 3630.0000, 6630.0000, 0.0000,  3630.0000, 6600.0000, 0.0000,  128, 128, 128
L 3630.0000, 6600.0000, 0.0000,  3610.0000, 6600.0000, 0.0000,  128, 128, 128
L 3690.0000, 6570.0000, 0.0000,  3690.0000, 6630.0000, 0.0000,  128, 128, 128
L 3650.0000, 6570.0000, 0.0000,  3650.0000, 6630.0000, 0.0000,  128, 128, 128
L 3650.0000, 6630.0000, 0.0000,  3690.0000, 6630.0000, 0.0000,  128, 128, 128
L 3710.0000, 6570.0000, 0.0000,  3710.0000, 6630.0000, 0.0000,  128, 128, 128
L 3730.0000, 6570.0000, 0.0000,  3730.0000, 6630.0000, 0.0000,  128, 128, 128
L 3770.0000, 6630.0000, 0.0000,  3730.0000, 6630.0000, 0.0000,  128, 128, 128
L 3800.0000, 6630.0000, 0.0000,  3800.0000, 6570.0000, 0.0000,  128, 128, 128
L 3810.0000, 6630.0000, 0.0000,  3790.0000, 6630.0000, 0.0000,  128, 128, 128
L 3820.0000, 6600.0000, 0.0000,  3810.0000, 6630.0000, 0.0000,  128, 128, 128
L 3810.0000, 6570.0000, 0.0000,  3820.0000, 6600.0000, 0.0000,  128, 128, 128
L 3790.0000, 6570.0000, 0.0000,  3810.0000, 6570.0000, 0.0000,  128, 128, 128
L 3940.0000, 6570.0000, 0.0000,  3940.0000, 6630.0000, 0.0000,  128, 128, 128
L 3920.0000, 6600.0000, 0.0000,  3940.0000, 6570.0000, 0.0000,  128, 128, 128
L 3900.0000, 6570.0000, 0.0000,  3920.0000, 6600.0000, 0.0000,  128, 128, 128
L 3900.0000, 6630.0000, 0.0000,  3900.0000, 6570.0000, 0.0000,  128, 128, 128
L 3970.0000, 6600.0000, 0.0000,  3990.0000, 6600.0000, 0.0000,  128, 128, 128
L 3980.0000, 6570.0000, 0.0000,  4000.0000, 6630.0000, 0.0000,  128, 128, 128
L 3960.0000, 6630.0000, 0.0000,  3980.0000, 6570.0000, 0.0000,  128, 128, 128
L 4020.0000, 6570.0000, 0.0000,  4020.0000, 6600.0000, 0.0000,  128, 128, 128
L 4020.0000, 6630.0000, 0.0000,  4060.0000, 6630.0000, 0.0000,  128, 128, 128
L 4060.0000, 6600.0000, 0.0000,  4020.0000, 6600.0000, 0.0000,  128, 128, 128
L 4020.0000, 6570.0000, 0.0000,  4060.0000, 6570.0000, 0.0000,  128, 128, 128
L 4060.0000, 6600.0000, 0.0000,  4060.0000, 6630.0000, 0.0000,  128, 128, 128
L 4100.0000, 6570.0000, 0.0000,  4100.0000, 6630.0000, 0.0000,  128, 128, 128
L 4080.0000, 6570.0000, 0.0000,  4120.0000, 6570.0000, 0.0000,  128, 128, 128
L 4140.0000, 6600.0000, 0.0000,  4170.0000, 6600.0000, 0.0000,  128, 128, 128
L 4140.0000, 6630.0000, 0.0000,  4170.0000, 6630.0000, 0.0000,  128, 128, 128
L 4140.0000, 6570.0000, 0.0000,  4140.0000, 6630.0000, 0.0000,  128, 128, 128
L 4170.0000, 6570.0000, 0.0000,  4140.0000, 6570.0000, 0.0000,  128, 128, 128
L 4190.0000, 6570.0000, 0.0000,  4190.0000, 6600.0000, 0.0000,  128, 128, 128
L 4190.0000, 6600.0000, 0.0000,  4190.0000, 6630.0000, 0.0000,  128, 128, 128
L 4190.0000, 6600.0000, 0.0000,  4210.0000, 6600.0000, 0.0000,  128, 128, 128
L 4230.0000, 6600.0000, 0.0000,  4230.0000, 6570.0000, 0.0000,  128, 128, 128
L 4190.0000, 6570.0000, 0.0000,  4230.0000, 6570.0000, 0.0000,  128, 128, 128
L 4210.0000, 6600.0000, 0.0000,  4230.0000, 6600.0000, 0.0000,  128, 128, 128
L 4230.0000, 6630.0000, 0.0000,  4210.0000, 6600.0000, 0.0000,  128, 128, 128
L 3600.0000, 6660.0000, 0.0000,  3600.0000, 6690.0000, 0.0000,  127, 64, 0
L 3640.0000, 6720.0000, 0.0000,  3640.0000, 6690.0000, 0.0000,  127, 64, 0
L 3600.0000, 6690.0000, 0.0000,  3600.0000, 6720.0000, 0.0000,  127, 64, 0
L 3640.0000, 6690.0000, 0.0000,  3640.0000, 6660.0000, 0.0000,  127, 64, 0
L 3600.0000, 6690.0000, 0.0000,  3640.0000, 6690.0000, 0.0000,  127, 64, 0
L 3700.0000, 6660.0000, 0.0000,  3700.0000, 6720.0000, 0.0000,  127, 64, 0
L 3660.0000, 6660.0000, 0.0000,  3660.0000, 6720.0000, 0.0000,  127, 64, 0
L 3660.0000, 6720.0000, 0.0000,  3700.0000, 6720.0000, 0.0000,  127, 64, 0
L 3750.0000, 6720.0000, 0.0000,  3750.0000, 6660.0000, 0.0000,  127, 64, 0
L 3720.0000, 6660.0000, 0.0000,  3750.0000, 6720.0000, 0.0000,  127, 64, 0
L 3720.0000, 6720.0000, 0.0000,  3720.0000, 6660.0000, 0.0000,  127, 64, 0
L 3790.0000, 6660.0000, 0.0000,  3790.0000, 6720.0000, 0.0000,  127, 64, 0
L 3770.0000, 6660.0000, 0.0000,  3810.0000, 6660.0000, 0.0000,  127, 64, 0
L 3830.0000, 6690.0000, 0.0000,  3860.0000, 6690.0000, 0.0000,  127, 64, 0
L 3830.0000, 6720.0000, 0.0000,  3860.0000, 6720.0000, 0.0000,  127, 64, 0
L 3830.0000, 6660.0000, 0.0000,  3830.0000, 6720.0000, 0.0000,  127, 64, 0
L 3860.0000, 6660.0000, 0.0000,  3830.0000, 6660.0000, 0.0000,  127, 64, 0
L 3880.0000, 6660.0000, 0.0000,  3880.0000, 6690.0000, 0.0000,  127, 64, 0
L 3880.0000, 6690.0000, 0.0000,  3880.0000, 6720.0000, 0.0000,  127, 64, 0
L 3880.0000, 6690.0000, 0.0000,  3900.0000, 6690.0000, 0.0000,  127, 64, 0
L 3920.0000, 6690.0000, 0.0000,  3920.0000, 6660.0000, 0.0000,  127, 64, 0
L 3880.0000, 6660.0000, 0.0000,  3920.0000, 6660.0000, 0.0000,  127, 64, 0
L 3900.0000, 6690.0000, 0.0000,  3920.0000, 6690.0000, 0.0000,  127, 64, 0
L 3920.0000, 6720.0000, 0.0000,  3900.0000, 6690.0000, 0.0000,  127, 64, 0
L 3640.0000, 6750.0000, 0.0000,  3640.0000, 6810.0000, 0.0000,  0, 127, 0
L 3620.0000, 6780.0000, 0.0000,  3640.0000, 6750.0000, 0.0000,  0, 127, 0
L 3600.0000, 6750.0000, 0.0000,  3620.0000, 6780.0000, 0.0000,  0, 127, 0
L 3600.0000, 6810.0000, 0.0000,  3600.0000, 6750.0000, 0.0000,  0, 127, 0
L 3660.0000, 6780.0000, 0.0000,  3690.0000, 6780.0000, 0.0000,  0, 127, 0
L 3660.0000, 6810.0000, 0.0000,  3690.0000, 6810.0000, 0.0000,  0, 127, 0
L 3660.0000, 6750.0000, 0.0000,  3660.0000, 6810.0000, 0.0000,  0, 127, 0
L 3690.0000, 6750.0000, 0.0000,  3660.0000, 6750.0000, 0.0000,  0, 127, 0
L 3710.0000, 6750.0000, 0.0000,  3710.0000, 6780.0000, 0.0000,  0, 127, 0
L 3710.0000, 6780.0000, 0.0000,  3710.0000, 6810.0000, 0.0000,  0, 127, 0
L 3710.0000, 6780.0000, 0.0000,  3730.0000, 6780.0000, 0.0000,  0, 127, 0
L 3750.0000, 6780.0000, 0.0000,  3750.0000, 6750.0000, 0.0000,  0, 127, 0
L 3710.0000, 6750.0000, 0.0000,  3750.0000, 6750.0000, 0.0000,  0, 127, 0
L 3730.0000, 6780.0000, 0.0000,  3750.0000, 6780.0000, 0.0000,  0, 127, 0
L 3750.0000, 6810.0000, 0.0000,  3730.0000, 6780.0000, 0.0000,  0, 127, 0
L 3800.0000, 6810.0000, 0.0000,  3770.0000, 6810.0000, 0.0000,  0, 127, 0
L 3770.0000, 6750.0000, 0.0000,  3800.0000, 6750.0000, 0.0000,  0, 127, 0
L 3770.0000, 6810.0000, 0.0000,  3770.0000, 6750.0000, 0.0000,  0, 127, 0
L 3820.0000, 6750.0000, 0.0000,  3820.0000, 6780.0000, 0.0000,  0, 127, 0
L 3860.0000, 6810.0000, 0.0000,  3860.0000, 6780.0000, 0.0000,  0, 127, 0
L 3820.0000, 6780.0000, 0.0000,  3820.0000, 6810.0000, 0.0000,  0, 127, 0
L 3860.0000, 6780.0000, 0.0000,  3860.0000, 6750.0000, 0.0000,  0, 127, 0
L 3820.0000, 6780.0000, 0.0000,  3860.0000, 6780.0000, 0.0000,  0, 127, 0
L 3890.0000, 6780.0000, 0.0000,  3910.0000, 6780.0000, 0.0000,  0, 127, 0
L 3900.0000, 6750.0000, 0.0000,  3920.0000, 6810.0000, 0.0000,  0, 127, 0
L 3880.0000, 6810.0000, 0.0000,  3900.0000, 6750.0000, 0.0000,  0, 127, 0
L 3970.0000, 6810.0000, 0.0000,  3970.0000, 6750.0000, 0.0000,  0, 127, 0
L 3940.0000, 6750.0000, 0.0000,  3970.0000, 6810.0000, 0.0000,  0, 127, 0
L 3940.0000, 6810.0000, 0.0000,  3940.0000, 6750.0000, 0.0000,  0, 127, 0
L 4010.0000, 6750.0000, 0.0000,  4010.0000, 6810.0000, 0.0000,  0, 127, 0
L 3990.0000, 6750.0000, 0.0000,  4030.0000, 6750.0000, 0.0000,  0, 127, 0
L 3640.0000, 6840.0000, 0.0000,  3640.0000, 6900.0000, 0.0000,  0, 127, 127
L 3620.0000, 6870.0000, 0.0000,  3640.0000, 6840.0000, 0.0000,  0, 127, 127
L 3600.0000, 6840.0000, 0.0000,  3620.0000, 6870.0000, 0.0000,  0, 127, 127
L 3600.0000, 6900.0000, 0.0000,  3600.0000, 6840.0000, 0.0000,  0, 127, 127
L 3660.0000, 6840.0000, 0.0000,  3660.0000, 6900.0000, 0.0000,  0, 127, 127
L 3680.0000, 6840.0000, 0.0000,  3680.0000, 6870.0000, 0.0000,  0, 127, 127
L 3680.0000, 6900.0000, 0.0000,  3720.0000, 6900.0000, 0.0000,  0, 127, 127
L 3720.0000, 6870.0000, 0.0000,  3680.0000, 6870.0000, 0.0000,  0, 127, 127
L 3680.0000, 6840.0000, 0.0000,  3720.0000, 6840.0000, 0.0000,  0, 127, 127
L 3720.0000, 6870.0000, 0.0000,  3720.0000, 6900.0000, 0.0000,  0, 127, 127
L 3740.0000, 6840.0000, 0.0000,  3740.0000, 6870.0000, 0.0000,  0, 127, 127
L 3740.0000, 6900.0000, 0.0000,  3780.0000, 6900.0000, 0.0000,  0, 127, 127
L 3780.0000, 6870.0000, 0.0000,  3740.0000, 6870.0000, 0.0000,  0, 127, 127
L 3740.0000, 6840.0000, 0.0000,  3780.0000, 6840.0000, 0.0000,  0, 127, 127
L 3780.0000, 6870.0000, 0.0000,  3780.0000, 6900.0000, 0.0000,  0, 127, 127
L 3800.0000, 6840.0000, 0.0000,  3800.0000, 6900.0000, 0.0000,  0, 127, 127
L 3820.0000, 6840.0000, 0.0000,  3850.0000, 6840.0000, 0.0000,  0, 127, 127
L 3820.0000, 6900.0000, 0.0000,  3850.0000, 6900.0000, 0.0000,  0, 127, 127
L 3820.0000, 6840.0000, 0.0000,  3820.0000, 6900.0000, 0.0000,  0, 127, 127
L 3850.0000, 6840.0000, 0.0000,  3850.0000, 6900.0000, 0.0000,  0, 127, 127
L 3900.0000, 6900.0000, 0.0000,  3900.0000, 6840.0000, 0.0000,  0, 127, 127
L 3870.0000, 6840.0000, 0.0000,  3900.0000, 6900.0000, 0.0000,  0, 127, 127
L 3870.0000, 6900.0000, 0.0000,  3870.0000, 6840.0000, 0.0000,  0, 127, 127
L 3630.0000, 6990.0000, 0.0000,  3630.0000, 6930.0000, 0.0000,  127, 64, 0
L 3600.0000, 6930.0000, 0.0000,  3630.0000, 6990.0000, 0.0000,  127, 64, 0
L 3600.0000, 6990.0000, 0.0000,  3600.0000, 6930.0000, 0.0000,  127, 64, 0
L 3660.0000, 6960.0000, 0.0000,  3680.0000, 6960.0000, 0.0000,  127, 64, 0
L 3670.0000, 6930.0000, 0.0000,  3690.0000, 6990.0000, 0.0000,  127, 64, 0
L 3650.0000, 6990.0000, 0.0000,  3670.0000, 6930.0000, 0.0000,  127, 64, 0
L 3750.0000, 6930.0000, 0.0000,  3750.0000, 6990.0000, 0.0000,  127, 64, 0
L 3730.0000, 6960.0000, 0.0000,  3750.0000, 6930.0000, 0.0000,  127, 64, 0
L 3710.0000, 6930.0000, 0.0000,  3730.0000, 6960.0000, 0.0000,  127, 64, 0
L 3710.0000, 6990.0000, 0.0000,  3710.0000, 6930.0000, 0.0000,  127, 64, 0
L 3770.0000, 6960.0000, 0.0000,  3800.0000, 6960.0000, 0.0000,  127, 64, 0
L 3770.0000, 6990.0000, 0.0000,  3800.0000, 6990.0000, 0.0000,  127, 64, 0
L 3770.0000, 6930.0000, 0.0000,  3770.0000, 6990.0000, 0.0000,  127, 64, 0
L 3800.0000, 6930.0000, 0.0000,  3770.0000, 6930.0000, 0.0000,  127, 64, 0
L 3830.0000, 6990.0000, 0.0000,  3830.0000, 6930.0000, 0.0000,  127, 64, 0
L 3840.0000, 6990.0000, 0.0000,  3820.0000, 6990.0000, 0.0000,  127, 64, 0
L 3850.0000, 6960.0000, 0.0000,  3840.0000, 6990.0000, 0.0000,  127, 64, 0
L 3840.0000, 6930.0000, 0.0000,  3850.0000, 6960.0000, 0.0000,  127, 64, 0
L 3820.0000, 6930.0000, 0.0000,  3840.0000, 6930.0000, 0.0000,  127, 64, 0
L 3630.0000, 7050.0000, 0.0000,  3600.0000, 7050.0000, 0.0000,  0, 255, 0
L 3630.0000, 7020.0000, 0.0000,  3630.0000, 7050.0000, 0.0000,  0, 255, 0
L 3600.0000, 7020.0000, 0.0000,  3630.0000, 7020.0000, 0.0000,  0, 255, 0
L 3600.0000, 7080.0000, 0.0000,  3600.0000, 7020.0000, 0.0000,  0, 255, 0
L 3660.0000, 7050.0000, 0.0000,  3680.0000, 7050.0000, 0.0000,  0, 255, 0
L 3670.0000, 7020.0000, 0.0000,  3690.0000, 7080.0000, 0.0000,  0, 255, 0
L 3650.0000, 7080.0000, 0.0000,  3670.0000, 7020.0000, 0.0000,  0, 255, 0
L 3710.0000, 7020.0000, 0.0000,  3710.0000, 7050.0000, 0.0000,  0, 255, 0
L 3710.0000, 7050.0000, 0.0000,  3710.0000, 7080.0000, 0.0000,  0, 255, 0
L 3710.0000, 7050.0000, 0.0000,  3730.0000, 7050.0000, 0.0000,  0, 255, 0
L 3750.0000, 7050.0000, 0.0000,  3750.0000, 7020.0000, 0.0000,  0, 255, 0
L 3710.0000, 7020.0000, 0.0000,  3750.0000, 7020.0000, 0.0000,  0, 255, 0
L 3730.0000, 7050.0000, 0.0000,  3750.0000, 7050.0000, 0.0000,  0, 255, 0
L 3750.0000, 7080.0000, 0.0000,  3730.0000, 7050.0000, 0.0000,  0, 255, 0
L 3800.0000, 7080.0000, 0.0000,  3770.0000, 7080.0000, 0.0000,  0, 255, 0
L 3770.0000, 7020.0000, 0.0000,  3800.0000, 7020.0000, 0.0000,  0, 255, 0
L 3770.0000, 7080.0000, 0.0000,  3770.0000, 7020.0000, 0.0000,  0, 255, 0
L 3820.0000, 7050.0000, 0.0000,  3850.0000, 7050.0000, 0.0000,  0, 255, 0
L 3820.0000, 7080.0000, 0.0000,  3850.0000, 7080.0000, 0.0000,  0, 255, 0
L 3820.0000, 7020.0000, 0.0000,  3820.0000, 7080.0000, 0.0000,  0, 255, 0
L 3850.0000, 7020.0000, 0.0000,  3820.0000, 7020.0000, 0.0000,  0, 255, 0
L 3870.0000, 7020.0000, 0.0000,  3870.0000, 7080.0000, 0.0000,  0, 255, 0
L 3910.0000, 7080.0000, 0.0000,  3870.0000, 7080.0000, 0.0000,  0, 255, 0
L 3930.0000, 7020.0000, 0.0000,  3930.0000, 7050.0000, 0.0000,  0, 255, 0
L 3930.0000, 7080.0000, 0.0000,  3970.0000, 7080.0000, 0.0000,  0, 255, 0
L 3970.0000, 7050.0000, 0.0000,  3930.0000, 7050.0000, 0.0000,  0, 255, 0
L 3930.0000, 7020.0000, 0.0000,  3970.0000, 7020.0000, 0.0000,  0, 255, 0
L 3970.0000, 7050.0000, 0.0000,  3970.0000, 7080.0000, 0.0000,  0, 255, 0
L 3600.0000, 7110.0000, 0.0000,  3600.0000, 7140.0000, 0.0000,  0, 240, 240
L 3600.0000, 7140.0000, 0.0000,  3600.0000, 7170.0000, 0.0000,  0, 240, 240
L 3600.0000, 7140.0000, 0.0000,  3620.0000, 7140.0000, 0.0000,  0, 240, 240
L 3640.0000, 7140.0000, 0.0000,  3640.0000, 7110.0000, 0.0000,  0, 240, 240
L 3600.0000, 7110.0000, 0.0000,  3640.0000, 7110.0000, 0.0000,  0, 240, 240
L 3620.0000, 7140.0000, 0.0000,  3640.0000, 7140.0000, 0.0000,  0, 240, 240
L 3640.0000, 7170.0000, 0.0000,  3620.0000, 7140.0000, 0.0000,  0, 240, 240
L 3670.0000, 7140.0000, 0.0000,  3690.0000, 7140.0000, 0.0000,  0, 240, 240
L 3680.0000, 7110.0000, 0.0000,  3700.0000, 7170.0000, 0.0000,  0, 240, 240
L 3660.0000, 7170.0000, 0.0000,  3680.0000, 7110.0000, 0.0000,  0, 240, 240
L 3720.0000, 7110.0000, 0.0000,  3720.0000, 7170.0000, 0.0000,  0, 240, 240
L 3750.0000, 7170.0000, 0.0000,  3750.0000, 7110.0000, 0.0000,  0, 240, 240
L 3760.0000, 7170.0000, 0.0000,  3740.0000, 7170.0000, 0.0000,  0, 240, 240
L 3770.0000, 7140.0000, 0.0000,  3760.0000, 7170.0000, 0.0000,  0, 240, 240
L 3760.0000, 7110.0000, 0.0000,  3770.0000, 7140.0000, 0.0000,  0, 240, 240
L 3740.0000, 7110.0000, 0.0000,  3760.0000, 7110.0000, 0.0000,  0, 240, 240
L 3600.0000, 7200.0000, 0.0000,  3600.0000, 7230.0000, 0.0000,  0, 255, 0
L 3600.0000, 7260.0000, 0.0000,  3640.0000, 7260.0000, 0.0000,  0, 255, 0
L 3640.0000, 7230.0000, 0.0000,  3600.0000, 7230.0000, 0.0000,  0, 255, 0
L 3600.0000, 7200.0000, 0.0000,  3640.0000, 7200.0000, 0.0000,  0, 255, 0
L 3640.0000, 7230.0000, 0.0000,  3640.0000, 7260.0000, 0.0000,  0, 255, 0
L 3690.0000, 7230.0000, 0.0000,  3660.0000, 7230.0000, 0.0000,  0, 255, 0
L 3690.0000, 7200.0000, 0.0000,  3690.0000, 7230.0000, 0.0000,  0, 255, 0
L 3660.0000, 7200.0000, 0.0000,  3690.0000, 7200.0000, 0.0000,  0, 255, 0
L 3660.0000, 7260.0000, 0.0000,  3660.0000, 7200.0000, 0.0000,  0, 255, 0
L 3710.0000, 7230.0000, 0.0000,  3740.0000, 7230.0000, 0.0000,  0, 255, 0
L 3710.0000, 7260.0000, 0.0000,  3740.0000, 7260.0000, 0.0000,  0, 255, 0
L 3710.0000, 7200.0000, 0.0000,  3710.0000, 7260.0000, 0.0000,  0, 255, 0
L 3740.0000, 7200.0000, 0.0000,  3710.0000, 7200.0000, 0.0000,  0, 255, 0
L 3790.0000, 7260.0000, 0.0000,  3760.0000, 7260.0000, 0.0000,  0, 255, 0
L 3760.0000, 7200.0000, 0.0000,  3790.0000, 7200.0000, 0.0000,  0, 255, 0
L 3760.0000, 7260.0000, 0.0000,  3760.0000, 7200.0000, 0.0000,  0, 255, 0
L 3810.0000, 7200.0000, 0.0000,  3810.0000, 7260.0000, 0.0000,  0, 255, 0
L 3840.0000, 7230.0000, 0.0000,  3860.0000, 7230.0000, 0.0000,  0, 255, 0
L 3850.0000, 7200.0000, 0.0000,  3870.0000, 7260.0000, 0.0000,  0, 255, 0
L 3830.0000, 7260.0000, 0.0000,  3850.0000, 7200.0000, 0.0000,  0, 255, 0
L 3890.0000, 7200.0000, 0.0000,  3890.0000, 7260.0000, 0.0000,  0, 255, 0
L 3930.0000, 7260.0000, 0.0000,  3890.0000, 7260.0000, 0.0000,  0, 255, 0
L 4040.0000, 7260.0000, 0.0000,  4010.0000, 7260.0000, 0.0000,  0, 255, 0
L 4010.0000, 7200.0000, 0.0000,  4040.0000, 7200.0000, 0.0000,  0, 255, 0
L 4010.0000, 7260.0000, 0.0000,  4010.0000, 7200.0000, 0.0000,  0, 255, 0
L 4100.0000, 7200.0000, 0.0000,  4100.0000, 7260.0000, 0.0000,  0, 255, 0
L 4060.0000, 7200.0000, 0.0000,  4060.0000, 7260.0000, 0.0000,  0, 255, 0
L 4060.0000, 7260.0000, 0.0000,  4100.0000, 7260.0000, 0.0000,  0, 255, 0
L 4120.0000, 7200.0000, 0.0000,  4120.0000, 7230.0000, 0.0000,  0, 255, 0
L 4120.0000, 7230.0000, 0.0000,  4120.0000, 7260.0000, 0.0000,  0, 255, 0
L 4120.0000, 7230.0000, 0.0000,  4140.0000, 7230.0000, 0.0000,  0, 255, 0
L 4160.0000, 7230.0000, 0.0000,  4160.0000, 7200.0000, 0.0000,  0, 255, 0
L 4120.0000, 7200.0000, 0.0000,  4160.0000, 7200.0000, 0.0000,  0, 255, 0
L 4140.0000, 7230.0000, 0.0000,  4160.0000, 7230.0000, 0.0000,  0, 255, 0
L 4160.0000, 7260.0000, 0.0000,  4140.0000, 7230.0000, 0.0000,  0, 255, 0
L 4180.0000, 7200.0000, 0.0000,  4180.0000, 7230.0000, 0.0000,  0, 255, 0
L 4180.0000, 7230.0000, 0.0000,  4180.0000, 7260.0000, 0.0000,  0, 255, 0
L 4180.0000, 7230.0000, 0.0000,  4200.0000, 7230.0000, 0.0000,  0, 255, 0
L 4220.0000, 7230.0000, 0.0000,  4220.0000, 7200.0000, 0.0000,  0, 255, 0
L 4180.0000, 7200.0000, 0.0000,  4220.0000, 7200.0000, 0.0000,  0, 255, 0
L 4200.0000, 7230.0000, 0.0000,  4220.0000, 7230.0000, 0.0000,  0, 255, 0
L 4220.0000, 7260.0000, 0.0000,  4200.0000, 7230.0000, 0.0000,  0, 255, 0
L 4240.0000, 7230.0000, 0.0000,  4270.0000, 7230.0000, 0.0000,  0, 255, 0
L 4240.0000, 7260.0000, 0.0000,  4270.0000, 7260.0000, 0.0000,  0, 255, 0
L 4240.0000, 7200.0000, 0.0000,  4240.0000, 7260.0000, 0.0000,  0, 255, 0
L 4270.0000, 7200.0000, 0.0000,  4240.0000, 7200.0000, 0.0000,  0, 255, 0
L 4320.0000, 7260.0000, 0.0000,  4320.0000, 7200.0000, 0.0000,  0, 255, 0
L 4290.0000, 7200.0000, 0.0000,  4320.0000, 7260.0000, 0.0000,  0, 255, 0
L 4290.0000, 7260.0000, 0.0000,  4290.0000, 7200.0000, 0.0000,  0, 255, 0
L 4370.0000, 7260.0000, 0.0000,  4340.0000, 7260.0000, 0.0000,  0, 255, 0
L 4340.0000, 7200.0000, 0.0000,  4370.0000, 7200.0000, 0.0000,  0, 255, 0
L 4340.0000, 7260.0000, 0.0000,  4340.0000, 7200.0000, 0.0000,  0, 255, 0
L 4410.0000, 7230.0000, 0.0000,  4410.0000, 7260.0000, 0.0000,  0, 255, 0
L 4410.0000, 7230.0000, 0.0000,  4430.0000, 7200.0000, 0.0000,  0, 255, 0
L 4390.0000, 7200.0000, 0.0000,  4410.0000, 7230.0000, 0.0000,  0, 255, 0
L 3600.0000, 7290.0000, 0.0000,  3600.0000, 7320.0000, 0.0000,  255, 0, 0
L 3600.0000, 7350.0000, 0.0000,  3640.0000, 7350.0000, 0.0000,  255, 0, 0
L 3640.0000, 7320.0000, 0.0000,  3600.0000, 7320.0000, 0.0000,  255, 0, 0
L 3600.0000, 7290.0000, 0.0000,  3640.0000, 7290.0000, 0.0000,  255, 0, 0
L 3640.0000, 7320.0000, 0.0000,  3640.0000, 7350.0000, 0.0000,  255, 0, 0
L 3700.0000, 7290.0000, 0.0000,  3700.0000, 7350.0000, 0.0000,  255, 0, 0
L 3660.0000, 7290.0000, 0.0000,  3660.0000, 7350.0000, 0.0000,  255, 0, 0
L 3660.0000, 7350.0000, 0.0000,  3700.0000, 7350.0000, 0.0000,  255, 0, 0
L 3750.0000, 7350.0000, 0.0000,  3720.0000, 7350.0000, 0.0000,  255, 0, 0
L 3720.0000, 7290.0000, 0.0000,  3750.0000, 7290.0000, 0.0000,  255, 0, 0
L 3720.0000, 7350.0000, 0.0000,  3720.0000, 7290.0000, 0.0000,  255, 0, 0
L 3800.0000, 7350.0000, 0.0000,  3770.0000, 7350.0000, 0.0000,  255, 0, 0
L 3770.0000, 7290.0000, 0.0000,  3800.0000, 7290.0000, 0.0000,  255, 0, 0
L 3770.0000, 7350.0000, 0.0000,  3770.0000, 7290.0000, 0.0000,  255, 0, 0
L 3820.0000, 7290.0000, 0.0000,  3850.0000, 7290.0000, 0.0000,  255, 0, 0
L 3820.0000, 7350.0000, 0.0000,  3850.0000, 7350.0000, 0.0000,  255, 0, 0
L 3820.0000, 7290.0000, 0.0000,  3820.0000, 7350.0000, 0.0000,  255, 0, 0
L 3850.0000, 7290.0000, 0.0000,  3850.0000, 7350.0000, 0.0000,  255, 0, 0
L 3870.0000, 7290.0000, 0.0000,  3870.0000, 7320.0000, 0.0000,  255, 0, 0
L 3870.0000, 7320.0000, 0.0000,  3870.0000, 7350.0000, 0.0000,  255, 0, 0
L 3870.0000, 7320.0000, 0.0000,  3890.0000, 7320.0000, 0.0000,  255, 0, 0
L 3910.0000, 7320.0000, 0.0000,  3910.0000, 7290.0000, 0.0000,  255, 0, 0
L 3870.0000, 7290.0000, 0.0000,  3910.0000, 7290.0000, 0.0000,  255, 0, 0
L 3890.0000, 7320.0000, 0.0000,  3910.0000, 7320.0000, 0.0000,  255, 0, 0
L 3910.0000, 7350.0000, 0.0000,  3890.0000, 7320.0000, 0.0000,  255, 0, 0
L 3620.0000, 7380.0000, 0.0000,  3620.0000, 7440.0000, 0.0000,  255, 255, 0
L 3600.0000, 7380.0000, 0.0000,  3640.0000, 7380.0000, 0.0000,  255, 255, 0
L 3660.0000, 7410.0000, 0.0000,  3690.0000, 7410.0000, 0.0000,  255, 255, 0
L 3660.0000, 7440.0000, 0.0000,  3690.0000, 7440.0000, 0.0000,  255, 255, 0
L 3660.0000, 7380.0000, 0.0000,  3660.0000, 7440.0000, 0.0000,  255, 255, 0
L 3690.0000, 7380.0000, 0.0000,  3660.0000, 7380.0000, 0.0000,  255, 255, 0
L 3710.0000, 7380.0000, 0.0000,  3710.0000, 7440.0000, 0.0000,  255, 255, 0
L 3750.0000, 7440.0000, 0.0000,  3710.0000, 7440.0000, 0.0000,  255, 255, 0
L 3770.0000, 7410.0000, 0.0000,  3800.0000, 7410.0000, 0.0000,  255, 255, 0
L 3770.0000, 7440.0000, 0.0000,  3800.0000, 7440.0000, 0.0000,  255, 255, 0
L 3770.0000, 7380.0000, 0.0000,  3770.0000, 7440.0000, 0.0000,  255, 255, 0
L 3800.0000, 7380.0000, 0.0000,  3770.0000, 7380.0000, 0.0000,  255, 255, 0
L 3850.0000, 7410.0000, 0.0000,  3820.0000, 7410.0000, 0.0000,  255, 255, 0
L 3850.0000, 7380.0000, 0.0000,  3850.0000, 7410.0000, 0.0000,  255, 255, 0
L 3820.0000, 7380.0000, 0.0000,  3850.0000, 7380.0000, 0.0000,  255, 255, 0
L 3820.0000, 7440.0000, 0.0000,  3820.0000, 7380.0000, 0.0000,  255, 255, 0
L 3870.0000, 7380.0000, 0.0000,  3900.0000, 7380.0000, 0.0000,  255, 255, 0
L 3870.0000, 7440.0000, 0.0000,  3900.0000, 7440.0000, 0.0000,  255, 255, 0
L 3870.0000, 7380.0000, 0.0000,  3870.0000, 7440.0000, 0.0000,  255, 255, 0
L 3900.0000, 7380.0000, 0.0000,  3900.0000, 7440.0000, 0.0000,  255, 255, 0
L 3920.0000, 7380.0000, 0.0000,  3920.0000, 7410.0000, 0.0000,  255, 255, 0
L 3920.0000, 7410.0000, 0.0000,  3920.0000, 7440.0000, 0.0000,  255, 255, 0
L 3920.0000, 7410.0000, 0.0000,  3940.0000, 7410.0000, 0.0000,  255, 255, 0
L 3960.0000, 7410.0000, 0.0000,  3960.0000, 7380.0000, 0.0000,  255, 255, 0
L 3920.0000, 7380.0000, 0.0000,  3960.0000, 7380.0000, 0.0000,  255, 255, 0
L 3940.0000, 7410.0000, 0.0000,  3960.0000, 7410.0000, 0.0000,  255, 255, 0
L 3960.0000, 7440.0000, 0.0000,  3940.0000, 7410.0000, 0.0000,  255, 255, 0
L 4000.0000, 7380.0000, 0.0000,  4000.0000, 7440.0000, 0.0000,  255, 255, 0
L 3980.0000, 7380.0000, 0.0000,  4020.0000, 7380.0000, 0.0000,  255, 255, 0
L 3620.0000, 7470.0000, 0.0000,  3620.0000, 7530.0000, 0.0000,  128, 0, 128
L 3600.0000, 7470.0000, 0.0000,  3640.0000, 7470.0000, 0.0000,  128, 0, 128
L 3660.0000, 7470.0000, 0.0000,  3660.0000, 7500.0000, 0.0000,  128, 0, 128
L 3660.0000, 7500.0000, 0.0000,  3660.0000, 7530.0000, 0.0000,  128, 0, 128
L 3660.0000, 7500.0000, 0.0000,  3680.0000, 7500.0000, 0.0000,  128, 0, 128
L 3700.0000, 7500.0000, 0.0000,  3700.0000, 7470.0000, 0.0000,  128, 0, 128
L 3660.0000, 7470.0000, 0.0000,  3700.0000, 7470.0000, 0.0000,  128, 0, 128
L 3680.0000, 7500.0000, 0.0000,  3700.0000, 7500.0000, 0.0000,  128, 0, 128
L 3700.0000, 7530.0000, 0.0000,  3680.0000, 7500.0000, 0.0000,  128, 0, 128
L 3730.0000, 7500.0000, 0.0000,  3750.0000, 7500.0000, 0.0000,  128, 0, 128
L 3740.0000, 7470.0000, 0.0000,  3760.0000, 7530.0000, 0.0000,  128, 0, 128
L 3720.0000, 7530.0000, 0.0000,  3740.0000, 7470.0000, 0.0000,  128, 0, 128
L 3790.0000, 7530.0000, 0.0000,  3790.0000, 7470.0000, 0.0000,  128, 0, 128
L 3800.0000, 7530.0000, 0.0000,  3780.0000, 7530.0000, 0.0000,  128, 0, 128
L 3810.0000, 7500.0000, 0.0000,  3800.0000, 7530.0000, 0.0000,  128, 0, 128
L 3800.0000, 7470.0000, 0.0000,  3810.0000, 7500.0000, 0.0000,  128, 0, 128
L 3780.0000, 7470.0000, 0.0000,  3800.0000, 7470.0000, 0.0000,  128, 0, 128
L 3830.0000, 7500.0000, 0.0000,  3860.0000, 7500.0000, 0.0000,  128, 0, 128
L 3830.0000, 7530.0000, 0.0000,  3860.0000, 7530.0000, 0.0000,  128, 0, 128
L 3830.0000, 7470.0000, 0.0000,  3830.0000, 7530.0000, 0.0000,  128, 0, 128
L 3860.0000, 7470.0000, 0.0000,  3830.0000, 7470.0000, 0.0000,  128, 0, 128
L 3880.0000, 7470.0000, 0.0000,  3880.0000, 7500.0000, 0.0000,  128, 0, 128
L 3880.0000, 7530.0000, 0.0000,  3920.0000, 7530.0000, 0.0000,  128, 0, 128
L 3920.0000, 7500.0000, 0.0000,  3880.0000, 7500.0000, 0.0000,  128, 0, 128
L 3880.0000, 7470.0000, 0.0000,  3920.0000, 7470.0000, 0.0000,  128, 0, 128
L 3920.0000, 7500.0000, 0.0000,  3920.0000, 7530.0000, 0.0000,  128, 0, 128
L 3940.0000, 7470.0000, 0.0000,  3940.0000, 7500.0000, 0.0000,  128, 0, 128
L 3940.0000, 7500.0000, 0.0000,  3940.0000, 7530.0000, 0.0000,  128, 0, 128
L 3940.0000, 7500.0000, 0.0000,  3980.0000, 7530.0000, 0.0000,  128, 0, 128
L 3940.0000, 7500.0000, 0.0000,  3980.0000, 7470.0000, 0.0000,  128, 0, 128
L 4000.0000, 7470.0000, 0.0000,  4000.0000, 7530.0000, 0.0000,  128, 0, 128
L 4020.0000, 7470.0000, 0.0000,  4020.0000, 7530.0000, 0.0000,  128, 0, 128
L 4060.0000, 7530.0000, 0.0000,  4020.0000, 7530.0000, 0.0000,  128, 0, 128
L 4080.0000, 7470.0000, 0.0000,  4080.0000, 7530.0000, 0.0000,  128, 0, 128
L 4120.0000, 7530.0000, 0.0000,  4080.0000, 7530.0000, 0.0000,  128, 0, 128
L 4230.0000, 7530.0000, 0.0000,  4200.0000, 7530.0000, 0.0000,  128, 0, 128
L 4200.0000, 7470.0000, 0.0000,  4230.0000, 7470.0000, 0.0000,  128, 0, 128
L 4200.0000, 7530.0000, 0.0000,  4200.0000, 7470.0000, 0.0000,  128, 0, 128
L 4250.0000, 7470.0000, 0.0000,  4280.0000, 7470.0000, 0.0000,  128, 0, 128
L 4250.0000, 7530.0000, 0.0000,  4280.0000, 7530.0000, 0.0000,  128, 0, 128
L 4250.0000, 7470.0000, 0.0000,  4250.0000, 7530.0000, 0.0000,  128, 0, 128
L 4280.0000, 7470.0000, 0.0000,  4280.0000, 7530.0000, 0.0000,  128, 0, 128
L 4330.0000, 7530.0000, 0.0000,  4330.0000, 7470.0000, 0.0000,  128, 0, 128
L 4300.0000, 7470.0000, 0.0000,  4330.0000, 7530.0000, 0.0000,  128, 0, 128
L 4300.0000, 7530.0000, 0.0000,  4300.0000, 7470.0000, 0.0000,  128, 0, 128
L 4370.0000, 7470.0000, 0.0000,  4370.0000, 7530.0000, 0.0000,  128, 0, 128
L 4350.0000, 7470.0000, 0.0000,  4390.0000, 7470.0000, 0.0000,  128, 0, 128
L 4420.0000, 7500.0000, 0.0000,  4440.0000, 7500.0000, 0.0000,  128, 0, 128
L 4430.0000, 7470.0000, 0.0000,  4450.0000, 7530.0000, 0.0000,  128, 0, 128
L 4410.0000, 7530.0000, 0.0000,  4430.0000, 7470.0000, 0.0000,  128, 0, 128
L 4470.0000, 7470.0000, 0.0000,  4470.0000, 7530.0000, 0.0000,  128, 0, 128
L 4520.0000, 7530.0000, 0.0000,  4520.0000, 7470.0000, 0.0000,  128, 0, 128
L 4490.0000, 7470.0000, 0.0000,  4520.0000, 7530.0000, 0.0000,  128, 0, 128
L 4490.0000, 7530.0000, 0.0000,  4490.0000, 7470.0000, 0.0000,  128, 0, 128
L 4540.0000, 7500.0000, 0.0000,  4570.0000, 7500.0000, 0.0000,  128, 0, 128
L 4540.0000, 7530.0000, 0.0000,  4570.0000, 7530.0000, 0.0000,  128, 0, 128
L 4540.0000, 7470.0000, 0.0000,  4540.0000, 7530.0000, 0.0000,  128, 0, 128
L 4570.0000, 7470.0000, 0.0000,  4540.0000, 7470.0000, 0.0000,  128, 0, 128
L 4590.0000, 7470.0000, 0.0000,  4590.0000, 7500.0000, 0.0000,  128, 0, 128
L 4590.0000, 7500.0000, 0.0000,  4590.0000, 7530.0000, 0.0000,  128, 0, 128
L 4590.0000, 7500.0000, 0.0000,  4610.0000, 7500.0000, 0.0000,  128, 0, 128
L 4630.0000, 7500.0000, 0.0000,  4630.0000, 7470.0000, 0.0000,  128, 0, 128
L 4590.0000, 7470.0000, 0.0000,  4630.0000, 7470.0000, 0.0000,  128, 0, 128
L 4610.0000, 7500.0000, 0.0000,  4630.0000, 7500.0000, 0.0000,  128, 0, 128
L 4630.0000, 7530.0000, 0.0000,  4610.0000, 7500.0000, 0.0000,  128, 0, 128
L 3620.0000, 7560.0000, 0.0000,  3620.0000, 7620.0000, 0.0000,  255, 255, 0
L 3600.0000, 7560.0000, 0.0000,  3640.0000, 7560.0000, 0.0000,  255, 255, 0
L 3660.0000, 7560.0000, 0.0000,  3660.0000, 7590.0000, 0.0000,  255, 255, 0
L 3660.0000, 7590.0000, 0.0000,  3660.0000, 7620.0000, 0.0000,  255, 255, 0
L 3660.0000, 7590.0000, 0.0000,  3680.0000, 7590.0000, 0.0000,  255, 255, 0
L 3700.0000, 7590.0000, 0.0000,  3700.0000, 7560.0000, 0.0000,  255, 255, 0
L 3660.0000, 7560.0000, 0.0000,  3700.0000, 7560.0000, 0.0000,  255, 255, 0
L 3680.0000, 7590.0000, 0.0000,  3700.0000, 7590.0000, 0.0000,  255, 255, 0
L 3700.0000, 7620.0000, 0.0000,  3680.0000, 7590.0000, 0.0000,  255, 255, 0
L 3730.0000, 7590.0000, 0.0000,  3750.0000, 7590.0000, 0.0000,  255, 255, 0
L 3740.0000, 7560.0000, 0.0000,  3760.0000, 7620.0000, 0.0000,  255, 255, 0
L 3720.0000, 7620.0000, 0.0000,  3740.0000, 7560.0000, 0.0000,  255, 255, 0
L 3810.0000, 7590.0000, 0.0000,  3780.0000, 7590.0000, 0.0000,  255, 255, 0
L 3810.0000, 7560.0000, 0.0000,  3810.0000, 7590.0000, 0.0000,  255, 255, 0
L 3780.0000, 7560.0000, 0.0000,  3810.0000, 7560.0000, 0.0000,  255, 255, 0
L 3780.0000, 7620.0000, 0.0000,  3780.0000, 7560.0000, 0.0000,  255, 255, 0
L 3630.0000, 7650.0000, 0.0000,  3600.0000, 7650.0000, 0.0000,  255, 0, 0
L 3600.0000, 7710.0000, 0.0000,  3630.0000, 7650.0000, 0.0000,  255, 0, 0
L 3600.0000, 7710.0000, 0.0000,  3630.0000, 7710.0000, 0.0000,  255, 0, 0
L 3650.0000, 7650.0000, 0.0000,  3680.0000, 7650.0000, 0.0000,  255, 0, 0
L 3650.0000, 7710.0000, 0.0000,  3680.0000, 7710.0000, 0.0000,  255, 0, 0
L 3650.0000, 7650.0000, 0.0000,  3650.0000, 7710.0000, 0.0000,  255, 0, 0
L 3680.0000, 7650.0000, 0.0000,  3680.0000, 7710.0000, 0.0000,  255, 0, 0
L 3730.0000, 7710.0000, 0.0000,  3730.0000, 7650.0000, 0.0000,  255, 0, 0
L 3700.0000, 7650.0000, 0.0000,  3730.0000, 7710.0000, 0.0000,  255, 0, 0
L 3700.0000, 7710.0000, 0.0000,  3700.0000, 7650.0000, 0.0000,  255, 0, 0
L 3750.0000, 7680.0000, 0.0000,  3780.0000, 7680.0000, 0.0000,  255, 0, 0
L 3750.0000, 7710.0000, 0.0000,  3780.0000, 7710.0000, 0.0000,  255, 0, 0
L 3750.0000, 7650.0000, 0.0000,  3750.0000, 7710.0000, 0.0000,  255, 0, 0
L 3780.0000, 7650.0000, 0.0000,  3750.0000, 7650.0000, 0.0000,  255, 0, 0
P 2600.0000, 6000.0000, 0.0000,  0, 0, 0,  2,  Original_Map:_Breganz_of_Crimson_Tempest
P 2600.0000, 6200.0000, 0.0000,  0, 0, 0,  2,  Revised_Map:_Brewall_Rainsiger_(Cazic-Thule)
P 2600.0000, 6400.0000, 0.0000,  0, 0, 0,  2,  http://www.eqmaps.info
P 2600.0000, 6600.0000, 0.0000,  0, 0, 0,  2,  Return_of_the_Exiled_(www.roteguild.org)
P 2600.0000, 6800.0000, 0.0000,  240, 240, 0,  2,  A._Beachcomber's_Booty_ground_spawn
P 2600.0000, 7000.0000, 0.0000,  240, 240, 240,  2,  B._Dropped_Detritus_ground_spawn
P 2600.0000, 7200.0000, 0.0000,  0, 0, 0,  2,  C._Island_Sands_mob_drop
P 2600.0000, 7400.0000, 0.0000,  0, 0, 0,  2,  D._Itching_Insects_mob_drop
P 2600.0000, 7600.0000, 0.0000,  127, 64, 0,  2,  Angry_Alfred_PH=_an_angry_squawker/a_bothered_squawker
P 2600.0000, 7800.0000, 0.0000,  127, 64, 0,  2,  Lidia_the_Castaway_PH=_a_regretful_wanderer/a_vengeful_wanderer
P 2600.0000, 8000.0000, 0.0000,  127, 64, 0,  2,  Mulchmother_PH=_a_voracious_tasselvine
P 2600.0000, 8200.0000, 0.0000,  127, 64, 0,  2,  Redstreak_PH=_an_angry_furthick/a_furthick_charger
P 2600.0000, 8400.0000, 0.0000,  127, 64, 0,  2,  South_Point_Latcher_PH=_a_dripping_razorlatch/a_snipping_razorlatch
