L -45.6000, 331.4000, 10.1000,  -57.8000, 318.6000, 2.3000,  0, 0, 0
L -57.8000, 318.6000, 2.3000,  -69.9000, 320.1000, 1.5000,  0, 0, 0
L -69.9000, 320.1000, 1.5000,  -69.6000, 317.2000, 0.9000,  150, 150, 150
L -69.6000, 317.2000, 0.9000,  -73.2000, 313.7000, 1.5000,  150, 150, 150
L -73.2000, 313.7000, 1.5000,  -73.8000, 310.1000, 1.3000,  150, 150, 150
L -73.8000, 310.1000, 1.3000,  -73.1000, 307.9000, 1.3000,  150, 150, 150
L -73.1000, 307.9000, 1.3000,  -74.1000, 306.0000, 1.0000,  150, 150, 150
L -74.1000, 306.0000, 1.0000,  -75.4000, 305.1000, 0.8000,  150, 150, 150
L -75.4000, 305.1000, 0.8000,  -78.6000, 305.3000, 0.4000,  150, 150, 150
L -78.6000, 305.3000, 0.4000,  -80.1000, 307.7000, 0.3000,  150, 150, 150
L -80.1000, 307.7000, 0.3000,  -80.6000, 308.0000, 0.2000,  150, 150, 150
L -81.8000, 302.9000, -0.1000,  -68.7000, 291.2000, 0.2000,  0, 0, 0
L -68.7000, 291.2000, 0.2000,  -58.8000, 271.5000, 5.0000,  0, 0, 0
L -56.2000, 271.6000, 4.4000,  -53.4000, 270.4000, 3.5000,  150, 150, 150
L -53.4000, 270.4000, 3.5000,  -52.3000, 268.2000, 3.4000,  150, 150, 150
L -52.3000, 268.2000, 3.4000,  -50.2000, 267.2000, 2.6000,  150, 150, 150
L -50.2000, 267.2000, 2.6000,  -49.6000, 265.5000, 2.1000,  150, 150, 150
L -49.6000, 265.5000, 2.1000,  -49.9000, 262.9000, 1.9000,  150, 150, 150
L -49.9000, 262.9000, 1.9000,  -51.1000, 261.9000, 2.3000,  150, 150, 150
L -51.1000, 261.9000, 2.3000,  -53.8000, 261.4000, 3.3000,  150, 150, 150
L -53.8000, 261.4000, 3.3000,  -53.9000, 259.0000, 3.1000,  150, 150, 150
L -53.9000, 259.0000, 3.1000,  -55.8000, 256.4000, 3.1000,  150, 150, 150
L -55.8000, 256.4000, 3.1000,  -53.9000, 255.3000, 2.6000,  150, 150, 150
L -53.9000, 255.3000, 2.6000,  -52.9000, 253.1000, 1.9000,  150, 150, 150
L -52.9000, 253.1000, 1.9000,  -52.9000, 250.2000, 1.6000,  150, 150, 150
L -52.9000, 250.2000, 1.6000,  -55.2000, 247.6000, 2.3000,  150, 150, 150
L -55.2000, 247.6000, 2.3000,  -58.2000, 246.7000, 3.2000,  150, 150, 150
L -58.2000, 246.7000, 3.2000,  -60.1000, 247.5000, 3.8000,  150, 150, 150
L -60.1000, 247.5000, 3.8000,  -63.9000, 244.6000, 5.5000,  150, 150, 150
L -63.9000, 244.6000, 5.5000,  -67.4000, 243.6000, 6.9000,  150, 150, 150
L -67.4000, 243.6000, 6.9000,  -69.0000, 244.3000, 7.1000,  150, 150, 150
L -69.0000, 244.3000, 7.1000,  -70.6000, 243.5000, 7.7000,  150, 150, 150
L -70.6000, 243.5000, 7.7000,  -74.6000, 244.6000, 8.2000,  150, 150, 150
L -74.6000, 244.6000, 8.2000,  -77.8000, 247.4000, 8.3000,  150, 150, 150
L -77.8000, 247.4000, 8.3000,  -79.8000, 251.9000, 9.0000,  150, 150, 150
L -79.8000, 251.9000, 9.0000,  -78.8000, 258.0000, 9.3000,  150, 150, 150
L -78.8000, 258.0000, 9.3000,  -90.7000, 261.1000, 11.6000,  0, 0, 0
L -90.7000, 261.1000, 11.6000,  -97.3000, 262.0000, 9.7000,  0, 0, 0
L -97.3000, 262.0000, 9.7000,  -96.3000, 261.3000, 9.9000,  0, 0, 0
L -96.3000, 261.3000, 9.9000,  -94.8000, 256.4000, 10.6000,  0, 0, 0
L -94.8000, 256.4000, 10.6000,  -95.4000, 251.7000, 10.7000,  0, 0, 0
L -95.4000, 251.7000, 10.7000,  -96.7000, 250.8000, 10.4000,  0, 0, 0
L -96.7000, 250.8000, 10.4000,  -96.9000, 248.5000, 10.6000,  0, 0, 0
L -96.9000, 248.5000, 10.6000,  -99.7000, 245.9000, 11.3000,  0, 0, 0
L -99.7000, 245.9000, 11.3000,  -102.1000, 240.5000, 13.3000,  0, 0, 0
L -102.1000, 240.5000, 13.3000,  -108.0000, 236.3000, 12.6000,  0, 0, 0
L -108.0000, 236.3000, 12.6000,  -113.8000, 236.5000, 9.5000,  0, 0, 0
L -113.8000, 236.5000, 9.5000,  -126.2000, 223.5000, 11.5000,  0, 0, 0
L -126.2000, 223.5000, 11.5000,  -146.8000, 221.2000, 3.5000,  0, 0, 0
L -146.8000, 221.2000, 3.5000,  -167.0000, 225.7000, -3.2000,  0, 0, 0
L -167.0000, 225.7000, -3.2000,  -183.0000, 241.7000, -4.3000,  0, 0, 0
L -183.0000, 241.7000, -4.3000,  -194.0000, 235.3000, -4.7000,  0, 0, 0
L -194.0000, 235.3000, -4.7000,  -191.8000, 233.6000, -4.9000,  0, 0, 0
L -191.8000, 233.6000, -4.9000,  -190.8000, 231.1000, -5.2000,  0, 0, 0
L -190.8000, 231.1000, -5.2000,  -191.7000, 226.2000, -5.3000,  0, 0, 0
L -191.7000, 226.2000, -5.3000,  -193.8000, 224.3000, -4.7000,  0, 0, 0
L -193.8000, 224.3000, -4.7000,  -192.6000, 224.0000, -4.8000,  0, 0, 0
L -192.6000, 224.0000, -4.8000,  -189.1000, 220.5000, -4.9000,  0, 0, 0
L -189.1000, 220.5000, -4.9000,  -188.3000, 217.1000, -4.7000,  0, 0, 0
L -188.3000, 217.1000, -4.7000,  -189.1000, 213.4000, -4.2000,  0, 0, 0
L -189.1000, 213.4000, -4.2000,  -190.4000, 210.5000, -4.1000,  0, 0, 0
L -190.4000, 210.5000, -4.1000,  -189.8000, 210.2000, -4.2000,  0, 0, 0
L -189.8000, 210.2000, -4.2000,  -188.4000, 207.0000, -4.2000,  0, 0, 0
L -188.4000, 207.0000, -4.2000,  -188.7000, 204.3000, -4.4000,  0, 0, 0
L -188.7000, 204.3000, -4.4000,  -190.8000, 202.1000, -4.2000,  0, 0, 0
L -190.8000, 202.1000, -4.2000,  -194.0000, 201.2000, -3.6000,  0, 0, 0
L -194.0000, 201.2000, -3.6000,  -196.3000, 202.3000, -3.1000,  0, 0, 0
L -196.3000, 202.3000, -3.1000,  -199.4000, 199.3000, -2.6000,  0, 0, 0
L -199.4000, 199.3000, -2.6000,  -203.4000, 198.0000, -2.2000,  0, 0, 0
L -203.4000, 198.0000, -2.2000,  -204.6000, 198.7000, -2.4000,  0, 0, 0
L -204.6000, 198.7000, -2.4000,  -206.2000, 197.8000, -2.2000,  0, 0, 0
L -206.2000, 197.8000, -2.2000,  -209.8000, 198.7000, -2.4000,  0, 0, 0
L -209.8000, 198.7000, -2.4000,  -214.4000, 202.2000, -2.8000,  0, 0, 0
L -214.4000, 202.2000, -2.8000,  -228.9000, 196.3000, 1.7000,  0, 0, 0
L -228.9000, 196.3000, 1.7000,  -226.1000, 194.1000, 0.1000,  150, 150, 150
L -226.1000, 194.1000, 0.1000,  -224.7000, 190.5000, 1.4000,  150, 150, 150
L -224.7000, 190.5000, 1.4000,  -224.9000, 187.9000, 2.3000,  150, 150, 150
L -224.9000, 187.9000, 2.3000,  -227.1000, 185.9000, 3.3000,  150, 150, 150
L -227.1000, 185.9000, 3.3000,  -229.5000, 186.5000, 3.3000,  150, 150, 150
L -229.5000, 186.5000, 3.3000,  -230.5000, 187.6000, 3.0000,  150, 150, 150
L -230.5000, 187.6000, 3.0000,  -231.9000, 187.9000, 4.7000,  150, 150, 150
L -233.3000, 194.5000, 3.1000,  -231.9000, 187.9000, 4.7000,  0, 0, 0
L -228.4000, 171.2000, 8.8000,  -236.6000, 160.2000, 13.8000,  0, 0, 0
L -236.6000, 160.2000, 13.8000,  -248.4000, 156.0000, 11.8000,  0, 0, 0
L -248.4000, 156.0000, 11.8000,  -246.9000, 154.5000, 11.8000,  0, 0, 0
L -246.9000, 154.5000, 11.8000,  -247.1000, 151.6000, 11.3000,  0, 0, 0
L -247.1000, 151.6000, 11.3000,  -248.3000, 149.3000, 10.4000,  0, 0, 0
L -248.3000, 149.3000, 10.4000,  -250.0000, 147.9000, 9.4000,  0, 0, 0
L -250.0000, 147.9000, 9.4000,  -252.1000, 148.6000, 9.2000,  0, 0, 0
L -252.1000, 148.6000, 9.2000,  -254.2000, 145.1000, 7.0000,  0, 0, 0
L -254.2000, 145.1000, 7.0000,  -256.8000, 143.2000, 5.5000,  0, 0, 0
L -256.8000, 143.2000, 5.5000,  -258.7000, 143.2000, 5.1000,  0, 0, 0
L -258.7000, 143.2000, 5.1000,  -259.6000, 142.1000, 4.4000,  0, 0, 0
L -259.6000, 142.1000, 4.4000,  -263.9000, 141.7000, 3.1000,  0, 0, 0
L -263.9000, 141.7000, 3.1000,  -268.3000, 143.7000, 1.8000,  0, 0, 0
L -268.3000, 143.7000, 1.8000,  -271.5000, 147.9000, 1.9000,  0, 0, 0
L -271.5000, 147.9000, 1.9000,  -271.6000, 153.7000, 3.5000,  0, 0, 0
L -271.6000, 153.7000, 3.5000,  -277.1000, 151.6000, 0.9000,  0, 0, 0
L -277.1000, 151.6000, 0.9000,  -287.9000, 126.2000, -0.1000,  0, 0, 0
L -287.9000, 126.2000, -0.1000,  -281.8000, 126.2000, 2.8000,  0, 0, 0
L -281.8000, 120.6000, 1.2000,  -318.4000, 120.6000, 0.8000,  0, 0, 0
L -318.4000, 120.6000, 0.8000,  -318.4000, 110.1000, 0.8000,  0, 0, 0
L -318.4000, 110.1000, 0.8000,  -324.1000, 110.1000, 0.8000,  0, 0, 0
L -324.1000, 110.1000, 0.8000,  -324.1000, 120.6000, 0.8000,  0, 0, 0
L -324.1000, 120.6000, 0.8000,  -399.6000, 120.5000, 0.8000,  0, 0, 0
L -399.6000, 120.5000, 0.8000,  -399.6000, 110.1000, 0.8000,  0, 0, 0
L -399.6000, 110.1000, 0.8000,  -405.3000, 110.1000, 0.8000,  0, 0, 0
L -405.3000, 110.1000, 0.8000,  -405.3000, 120.6000, 0.8000,  0, 0, 0
L -405.3000, 120.6000, 0.8000,  -454.1000, 120.5000, 0.8000,  0, 0, 0
L -454.1000, 120.5000, 0.8000,  -454.1000, 75.9000, 0.8000,  0, 0, 0
L -454.1000, 75.9000, 0.8000,  -443.7000, 75.9000, 0.8000,  0, 0, 0
L -443.7000, 75.9000, 0.8000,  -443.8000, 70.3000, 0.8000,  0, 0, 0
L -443.8000, 70.3000, 0.8000,  -454.2000, 70.3000, 0.8000,  0, 0, 0
L -454.2000, 70.3000, 0.8000,  -454.2000, 25.8000, 0.8000,  0, 0, 0
L -454.2000, 25.8000, 0.8000,  -443.8000, 25.8000, 0.8000,  0, 0, 0
L -443.8000, 25.8000, 0.8000,  -443.8000, 20.1000, 0.8000,  0, 0, 0
L -443.8000, 20.1000, 0.8000,  -454.2000, 20.1000, 0.8000,  0, 0, 0
L -454.2000, 20.1000, 0.8000,  -454.2000, -24.4000, 0.8000,  0, 0, 0
L -454.2000, -24.4000, 0.8000,  -443.8000, -24.4000, 0.8000,  0, 0, 0
L -443.8000, -24.4000, 0.8000,  -443.8000, -30.1000, 0.8000,  0, 0, 0
L -443.8000, -30.1000, 0.8000,  -454.2000, -30.1000, 0.8000,  0, 0, 0
L -454.2000, -30.1000, 0.8000,  -454.2000, -74.6000, 0.8000,  0, 0, 0
L -454.2000, -74.6000, 0.8000,  -443.8000, -74.6000, 0.8000,  0, 0, 0
L -443.8000, -74.6000, 0.8000,  -443.8000, -80.3000, 0.8000,  0, 0, 0
L -443.8000, -80.3000, 0.8000,  -454.2000, -80.3000, 0.8000,  0, 0, 0
L -454.2000, -80.3000, 0.8000,  -454.2000, -124.9000, 0.8000,  0, 0, 0
L -454.2000, -124.9000, 0.8000,  -405.4000, -124.9000, 0.8000,  0, 0, 0
L -405.4000, -124.9000, 0.8000,  -405.4000, -114.5000, 0.8000,  0, 0, 0
L -405.4000, -114.5000, 0.8000,  -399.7000, -114.5000, 0.8000,  0, 0, 0
L -399.7000, -114.5000, 0.8000,  -399.7000, -124.9000, 0.8000,  0, 0, 0
L -399.7000, -124.9000, 0.8000,  -324.1000, -124.9000, 0.8000,  0, 0, 0
L -324.1000, -114.5000, 0.8000,  -318.4000, -114.5000, 0.8000,  0, 0, 0
L -318.4000, -114.5000, 0.8000,  -318.4000, -124.9000, 0.8000,  0, 0, 0
L -318.4000, -124.9000, 0.8000,  -269.6000, -124.9000, 0.8000,  0, 0, 0
L -269.6000, -124.9000, 0.8000,  -269.6000, -80.3000, 0.8000,  0, 0, 0
L -269.6000, -80.3000, 0.8000,  -280.0000, -80.3000, 0.8000,  0, 0, 0
L -324.1000, -124.9000, 0.8000,  -324.1000, -114.5000, 0.8000,  0, 0, 0
L -280.0000, -80.3000, 0.8000,  -280.0000, -74.6000, 0.8000,  0, 0, 0
L -280.0000, -74.6000, 0.8000,  -269.6000, -74.6000, 0.8000,  0, 0, 0
L -269.6000, -74.6000, 0.8000,  -269.6000, -30.1000, 0.8000,  0, 0, 0
L -269.6000, -30.1000, 0.8000,  -280.0000, -30.1000, 0.8000,  0, 0, 0
L -280.0000, -30.1000, 0.8000,  -280.0000, -24.4000, 0.8000,  0, 0, 0
L -269.6000, 20.1000, -0.2000,  -280.0000, 20.1000, 0.8000,  0, 0, 0
L -280.0000, 20.1000, 0.8000,  -280.0000, 25.8000, 0.8000,  0, 0, 0
L -269.6000, 25.8000, 0.8000,  -269.6000, 70.3000, 0.8000,  0, 0, 0
L -269.6000, 70.3000, 0.8000,  -280.0000, 70.3000, 0.8000,  0, 0, 0
L -280.0000, 70.3000, 0.8000,  -280.0000, 75.9000, 0.8000,  0, 0, 0
L -280.0000, 75.9000, 0.8000,  -269.6000, 76.0000, 0.8000,  0, 0, 0
L -269.6000, 76.0000, 0.8000,  -269.6000, 107.3000, 0.8000,  0, 0, 0
L -264.3000, 107.3000, 0.5000,  -264.3000, 103.7000, 0.1000,  0, 0, 0
L -264.3000, 103.7000, 0.1000,  -246.6000, 113.4000, 2.2000,  0, 0, 0
L -246.6000, 113.4000, 2.2000,  -230.7000, 135.1000, 11.4000,  0, 0, 0
L -213.9000, 131.7000, 11.0000,  -214.5000, 133.6000, 11.5000,  150, 150, 150
L -214.5000, 133.6000, 11.5000,  -212.2000, 137.8000, 11.9000,  150, 150, 150
L -212.2000, 137.8000, 11.9000,  -210.8000, 139.3000, 11.8000,  150, 150, 150
L -210.8000, 139.3000, 11.8000,  -212.6000, 142.7000, 12.8000,  150, 150, 150
L -212.6000, 142.7000, 12.8000,  -208.6000, 148.7000, 10.0000,  150, 150, 150
L -208.6000, 148.7000, 10.0000,  -204.4000, 150.8000, 6.9000,  150, 150, 150
L -204.4000, 150.8000, 6.9000,  -197.8000, 147.1000, 4.6000,  150, 150, 150
L -197.8000, 147.1000, 4.6000,  -197.3000, 143.6000, 5.1000,  150, 150, 150
L -197.3000, 143.6000, 5.1000,  -196.1000, 144.0000, 4.6000,  150, 150, 150
L -195.9000, 144.1000, 4.5000,  -195.8000, 145.2000, 4.2000,  150, 150, 150
L -195.8000, 145.2000, 4.2000,  -194.5000, 146.9000, 3.5000,  150, 150, 150
L -194.5000, 146.9000, 3.5000,  -191.8000, 148.4000, 2.3000,  150, 150, 150
L -191.8000, 148.4000, 2.3000,  -189.5000, 148.1000, 1.6000,  150, 150, 150
L -189.5000, 148.1000, 1.6000,  -187.0000, 146.4000, 1.2000,  150, 150, 150
L -187.0000, 146.4000, 1.2000,  -186.2000, 143.6000, 1.5000,  150, 150, 150
L -186.2000, 143.6000, 1.5000,  -184.3000, 142.1000, 1.2000,  150, 150, 150
L -184.3000, 142.1000, 1.2000,  -184.3000, 140.1000, 1.7000,  150, 150, 150
L -184.3000, 140.1000, 1.7000,  -185.1000, 138.4000, 2.4000,  150, 150, 150
L -185.1000, 138.4000, 2.4000,  -186.6000, 137.3000, 3.1000,  150, 150, 150
L -186.6000, 137.3000, 3.1000,  -188.8000, 137.1000, 3.9000,  150, 150, 150
L -188.8000, 137.1000, 3.9000,  -190.3000, 138.4000, 4.0000,  150, 150, 150
L -190.3000, 138.4000, 4.0000,  -190.3000, 138.1000, 4.1000,  150, 150, 150
L -190.3000, 138.1000, 4.1000,  -188.7000, 137.1000, 3.9000,  150, 150, 150
L -188.7000, 137.1000, 3.9000,  -188.0000, 135.5000, 4.2000,  150, 150, 150
L -188.0000, 135.5000, 4.2000,  -188.1000, 133.1000, 4.2000,  150, 150, 150
L -188.1000, 133.1000, 4.2000,  -190.0000, 131.8000, 4.6000,  150, 150, 150
L -190.0000, 131.8000, 4.6000,  -190.5000, 129.7000, 4.7000,  150, 150, 150
L -195.4000, 128.0000, 4.7000,  -179.3000, 133.6000, 2.0000,  0, 0, 0
L -179.3000, 133.6000, 2.0000,  -174.5000, 150.5000, -3.6000,  0, 0, 0
L -161.0000, 154.5000, 0.6000,  -158.0000, 158.8000, 0.5000,  150, 150, 150
L -158.0000, 158.8000, 0.5000,  -160.0000, 163.2000, -0.5000,  150, 150, 150
L -160.0000, 163.2000, -0.5000,  -157.7000, 167.8000, -0.2000,  150, 150, 150
L -157.7000, 167.8000, -0.2000,  -154.4000, 169.4000, 0.5000,  150, 150, 150
L -154.4000, 169.4000, 0.5000,  -148.7000, 168.1000, 3.1000,  150, 150, 150
L -148.7000, 168.1000, 3.1000,  -145.3000, 164.1000, 3.9000,  150, 150, 150
L -145.3000, 164.1000, 3.9000,  -145.0000, 161.1000, 6.1000,  150, 150, 150
L -145.0000, 161.1000, 6.1000,  -142.7000, 162.1000, 4.0000,  150, 150, 150
L -142.7000, 162.1000, 4.0000,  -140.5000, 160.7000, 6.6000,  150, 150, 150
L -140.5000, 160.7000, 6.6000,  -138.8000, 158.9000, 4.9000,  150, 150, 150
L -138.8000, 158.9000, 4.9000,  -138.7000, 156.2000, 6.5000,  150, 150, 150
L -138.7000, 156.2000, 6.5000,  -139.2000, 153.6000, 3.3000,  150, 150, 150
L -139.2000, 153.6000, 3.3000,  -141.7000, 152.9000, 3.5000,  150, 150, 150
L -141.7000, 152.9000, 3.5000,  -140.4000, 147.9000, 0.0000,  150, 150, 150
L -140.4000, 147.9000, 0.0000,  -142.3000, 145.5000, 1.1000,  150, 150, 150
L -155.5000, 156.1000, 2.3000,  -142.3000, 145.5000, 1.1000,  0, 0, 0
L -136.1000, 140.6000, 0.6000,  -134.5000, 142.6000, 0.7000,  150, 150, 150
L -134.5000, 142.6000, 0.7000,  -128.4000, 145.2000, 4.0000,  150, 150, 150
L -128.4000, 145.2000, 4.0000,  -125.5000, 144.2000, 4.1000,  150, 150, 150
L -125.5000, 144.2000, 4.1000,  -122.8000, 141.4000, 3.5000,  150, 150, 150
L -122.8000, 141.4000, 3.5000,  -122.0000, 138.9000, 2.5000,  150, 150, 150
L -122.0000, 138.9000, 2.5000,  -110.6000, 145.4000, 7.8000,  0, 0, 0
L -110.6000, 145.4000, 7.8000,  -108.8000, 162.4000, 10.8000,  0, 0, 0
L -98.6000, 172.4000, 11.0000,  -100.8000, 177.6000, 10.2000,  150, 150, 150
L -100.8000, 177.6000, 10.2000,  -100.3000, 179.5000, 10.0000,  150, 150, 150
L -100.3000, 179.5000, 10.0000,  -99.4000, 180.8000, 10.0000,  150, 150, 150
L -99.4000, 180.8000, 10.0000,  -97.5000, 181.7000, 10.1000,  150, 150, 150
L -97.5000, 181.7000, 10.1000,  -94.2000, 179.6000, 10.7000,  150, 150, 150
L -94.2000, 179.6000, 10.7000,  -91.7000, 179.1000, 10.8000,  150, 150, 150
L -91.7000, 179.1000, 10.8000,  -90.2000, 177.0000, 11.1000,  150, 150, 150
L -90.2000, 177.0000, 11.1000,  -89.6000, 174.7000, 11.4000,  150, 150, 150
L -89.6000, 174.7000, 11.4000,  -90.4000, 172.2000, 11.6000,  150, 150, 150
L -90.4000, 172.2000, 11.6000,  -92.3000, 171.1000, 12.4000,  150, 150, 150
L -92.3000, 171.1000, 12.4000,  -79.6000, 161.5000, 13.0000,  0, 0, 0
L -64.0000, 163.0000, 10.4000,  -63.9000, 164.8000, 9.9000,  150, 150, 150
L -63.9000, 164.8000, 9.9000,  -65.0000, 169.7000, 9.0000,  150, 150, 150
L -65.0000, 169.7000, 9.0000,  -64.3000, 170.8000, 8.8000,  150, 150, 150
L -64.3000, 170.8000, 8.8000,  -65.9000, 171.3000, 8.8000,  150, 150, 150
L -65.9000, 171.3000, 8.8000,  -67.8000, 174.1000, 8.4000,  150, 150, 150
L -67.8000, 174.1000, 8.4000,  -68.0000, 176.5000, 8.0000,  150, 150, 150
L -68.0000, 176.5000, 8.0000,  -66.5000, 179.6000, 8.4000,  150, 150, 150
L -66.5000, 179.6000, 8.4000,  -63.7000, 181.1000, 9.1000,  150, 150, 150
L -63.7000, 181.1000, 9.1000,  -60.7000, 180.3000, 9.3000,  150, 150, 150
L -60.7000, 180.3000, 9.3000,  -60.1000, 181.9000, 9.7000,  150, 150, 150
L -60.1000, 181.9000, 9.7000,  -56.8000, 184.7000, 10.6000,  150, 150, 150
L -56.8000, 184.7000, 10.6000,  -54.4000, 185.3000, 10.0000,  150, 150, 150
L -54.4000, 185.3000, 10.0000,  -55.6000, 187.7000, 10.4000,  150, 150, 150
L -55.6000, 187.7000, 10.4000,  -54.2000, 189.9000, 10.1000,  150, 150, 150
L -54.2000, 189.9000, 10.1000,  -52.1000, 191.4000, 9.6000,  150, 150, 150
L -52.1000, 191.4000, 9.6000,  -49.7000, 191.9000, 8.9000,  150, 150, 150
L -49.7000, 191.9000, 8.9000,  -46.9000, 191.1000, 8.2000,  150, 150, 150
L -46.9000, 191.1000, 8.2000,  -46.0000, 188.7000, 7.9000,  150, 150, 150
L -46.0000, 188.7000, 7.9000,  -42.2000, 189.4000, 6.9000,  150, 150, 150
L -42.2000, 189.4000, 6.9000,  -37.8000, 188.3000, 5.8000,  150, 150, 150
L -37.8000, 188.3000, 5.8000,  -37.2000, 186.9000, 5.6000,  150, 150, 150
L -37.2000, 186.9000, 5.6000,  -35.2000, 186.7000, 5.1000,  150, 150, 150
L -35.2000, 186.7000, 5.1000,  -32.7000, 183.6000, 4.3000,  150, 150, 150
L -32.7000, 183.6000, 4.3000,  -31.2000, 178.5000, 3.9000,  150, 150, 150
L -31.2000, 178.5000, 3.9000,  -33.0000, 172.1000, 4.7000,  150, 150, 150
L -33.0000, 172.1000, 4.7000,  -36.6000, 169.2000, 5.0000,  150, 150, 150
L -36.6000, 169.2000, 5.0000,  -24.8000, 165.1000, 0.8000,  0, 0, 0
L 24.8000, 164.3000, 0.9000,  24.9000, 166.1000, 1.0000,  150, 150, 150
L 24.9000, 166.1000, 1.0000,  26.7000, 169.4000, 0.6000,  150, 150, 150
L 26.7000, 169.4000, 0.6000,  30.5000, 171.6000, 0.4000,  150, 150, 150
L 30.5000, 171.6000, 0.4000,  34.1000, 171.6000, 0.4000,  150, 150, 150
L 34.1000, 171.6000, 0.4000,  37.0000, 168.6000, 3.7000,  150, 150, 150
L 37.0000, 168.6000, 3.7000,  39.0000, 160.5000, 6.0000,  150, 150, 150
L 32.7000, 165.2000, 0.8000,  39.0000, 160.5000, 6.0000,  0, 0, 0
L 46.4000, 155.0000, 12.3000,  63.4000, 161.5000, 0.9000,  0, 0, 0
L 63.4000, 161.5000, 0.9000,  83.9000, 159.8000, 0.7000,  0, 0, 0
L 90.0000, 166.2000, 3.7000,  88.4000, 171.5000, 4.6000,  150, 150, 150
L 88.4000, 171.5000, 4.6000,  88.5000, 174.1000, 4.5000,  150, 150, 150
L 88.5000, 174.1000, 4.5000,  84.0000, 175.8000, 3.8000,  150, 150, 150
L 84.0000, 175.8000, 3.8000,  82.6000, 180.0000, 3.1000,  150, 150, 150
L 82.6000, 180.0000, 3.1000,  83.1000, 184.5000, 2.4000,  150, 150, 150
L 83.1000, 184.5000, 2.4000,  85.6000, 188.2000, 0.9000,  150, 150, 150
L 85.6000, 188.2000, 0.9000,  89.1000, 188.9000, 0.7000,  150, 150, 150
L 89.1000, 188.9000, 0.7000,  93.8000, 188.0000, 2.7000,  150, 150, 150
L 93.8000, 188.0000, 2.7000,  96.2000, 185.8000, 4.2000,  150, 150, 150
L 96.2000, 185.8000, 4.2000,  97.6000, 187.8000, 4.2000,  150, 150, 150
L 97.6000, 187.8000, 4.2000,  100.1000, 188.5000, 5.1000,  150, 150, 150
L 100.1000, 188.5000, 5.1000,  102.5000, 187.5000, 6.2000,  150, 150, 150
L 102.5000, 187.5000, 6.2000,  105.0000, 185.3000, 7.7000,  150, 150, 150
L 105.0000, 185.3000, 7.7000,  105.6000, 182.8000, 8.5000,  150, 150, 150
L 105.6000, 182.8000, 8.5000,  104.3000, 180.5000, 8.5000,  150, 150, 150
L 104.3000, 180.5000, 8.5000,  106.9000, 177.7000, 9.3000,  150, 150, 150
L 106.9000, 177.7000, 9.3000,  108.6000, 173.8000, 8.9000,  150, 150, 150
L 108.6000, 173.8000, 8.9000,  108.1000, 168.5000, 8.3000,  150, 150, 150
L 108.1000, 168.5000, 8.3000,  109.9000, 168.4000, 8.1000,  0, 0, 0
L 109.9000, 168.4000, 8.1000,  112.8000, 172.1000, 10.0000,  150, 150, 150
L 112.8000, 172.1000, 10.0000,  116.3000, 173.5000, 11.7000,  150, 150, 150
L 116.3000, 173.5000, 11.7000,  120.0000, 173.3000, 12.0000,  150, 150, 150
L 120.0000, 173.3000, 12.0000,  123.9000, 170.7000, 12.1000,  150, 150, 150
L 123.9000, 170.7000, 12.1000,  124.7000, 166.2000, 12.1000,  150, 150, 150
L 124.7000, 166.2000, 12.1000,  124.1000, 163.2000, 11.9000,  150, 150, 150
L 124.1000, 163.2000, 11.9000,  121.6000, 161.8000, 12.7000,  150, 150, 150
L 131.2000, 155.6000, 12.1000,  146.0000, 168.4000, 10.8000,  0, 0, 0
L 146.0000, 168.4000, 10.8000,  154.0000, 188.4000, 8.6000,  0, 0, 0
L 154.0000, 188.4000, 8.6000,  155.1000, 214.2000, 11.3000,  0, 0, 0
L 155.1000, 214.2000, 11.3000,  135.9000, 209.1000, 13.6000,  0, 0, 0
L 124.5000, 230.3000, 7.4000,  123.3000, 228.9000, 7.7000,  150, 150, 150
L 123.3000, 228.9000, 7.7000,  120.8000, 228.2000, 7.7000,  150, 150, 150
L 120.8000, 228.2000, 7.7000,  118.4000, 229.0000, 7.3000,  150, 150, 150
L 118.4000, 229.0000, 7.3000,  116.9000, 231.2000, 6.5000,  150, 150, 150
L 116.9000, 231.2000, 6.5000,  112.4000, 232.1000, 4.1000,  150, 150, 150
L 112.4000, 232.1000, 4.1000,  109.7000, 235.3000, 3.8000,  150, 150, 150
L 109.7000, 235.3000, 3.8000,  109.3000, 239.6000, 3.5000,  150, 150, 150
L 109.3000, 239.6000, 3.5000,  111.7000, 243.7000, 3.0000,  150, 150, 150
L 117.4000, 243.5000, 3.0000,  87.1000, 244.6000, 3.4000,  0, 0, 0
L 87.1000, 244.6000, 3.4000,  73.5000, 236.6000, 3.3000,  0, 0, 0
L 73.5000, 236.6000, 3.3000,  57.2000, 244.4000, 3.1000,  0, 0, 0
L 57.2000, 244.4000, 3.1000,  58.2000, 262.6000, 5.1000,  0, 0, 0
L 58.2000, 262.6000, 5.1000,  48.1000, 277.9000, 15.1000,  0, 0, 0
L 48.1000, 277.9000, 15.1000,  30.7000, 283.4000, 4.6000,  0, 0, 0
L 30.7000, 283.4000, 4.6000,  26.7000, 290.2000, 3.3000,  0, 0, 0
L 26.7000, 290.2000, 3.3000,  24.7000, 288.9000, 1.3000,  150, 150, 150
L 24.7000, 288.9000, 1.3000,  21.2000, 289.1000, 0.3000,  150, 150, 150
L 21.2000, 289.1000, 0.3000,  18.6000, 291.9000, 0.6000,  150, 150, 150
L 18.6000, 291.9000, 0.6000,  17.2000, 295.2000, -0.3000,  150, 150, 150
L 17.2000, 295.2000, -0.3000,  18.2000, 303.2000, 1.2000,  150, 150, 150
L 18.2000, 303.2000, 1.2000,  20.5000, 306.5000, 1.5000,  150, 150, 150
L 20.5000, 306.5000, 1.5000,  22.3000, 307.3000, 1.3000,  150, 150, 150
L 22.3000, 307.3000, 1.3000,  24.2000, 307.8000, 0.9000,  150, 150, 150
L 24.2000, 307.8000, 0.9000,  26.9000, 306.3000, 0.9000,  150, 150, 150
L 19.0000, 328.8000, 1.4000,  17.8000, 327.8000, 1.3000,  150, 150, 150
L 17.8000, 327.8000, 1.3000,  15.3000, 327.3000, 1.4000,  150, 150, 150
L 15.3000, 327.3000, 1.4000,  9.9000, 328.2000, 2.9000,  150, 150, 150
L 9.9000, 328.2000, 2.9000,  8.2000, 328.9000, 2.5000,  150, 150, 150
L 8.2000, 328.9000, 2.5000,  7.0000, 330.5000, 2.1000,  150, 150, 150
L 7.0000, 330.5000, 2.1000,  6.9000, 331.8000, 2.0000,  150, 150, 150
L -364.8000, -64.1000, 0.7000,  -359.0000, -64.1000, 0.7000,  0, 0, 0
L -359.0000, -64.1000, 0.8000,  -359.0000, -74.6000, 0.8000,  0, 0, 0
L -359.0000, -74.6000, 0.8000,  -348.6000, -74.6000, 0.8000,  0, 0, 0
L -348.6000, -74.6000, 0.8000,  -348.6000, -80.3000, 0.8000,  0, 0, 0
L -348.6000, -80.3000, 0.8000,  -359.0000, -80.3000, 0.8000,  0, 0, 0
L -359.0000, -80.3000, 0.8000,  -359.0000, -90.7000, 0.8000,  0, 0, 0
L -359.0000, -90.7000, 0.8000,  -364.8000, -90.7000, 0.8000,  0, 0, 0
L -364.8000, -90.7000, 0.8000,  -364.8000, -80.3000, 0.8000,  0, 0, 0
L -364.8000, -80.3000, 0.8000,  -375.2000, -80.3000, 0.8000,  0, 0, 0
L -375.2000, -80.3000, 0.8000,  -375.2000, -74.6000, 0.8000,  0, 0, 0
L -375.2000, -74.6000, 0.8000,  -364.8000, -74.6000, 0.8000,  0, 0, 0
L -364.8000, -74.6000, 0.8000,  -364.8000, -64.1000, 0.8000,  0, 0, 0
L -359.0000, 59.8000, 0.8000,  -364.8000, 59.8000, 0.8000,  0, 0, 0
L -364.8000, 59.8000, 0.8000,  -364.8000, 70.3000, 0.8000,  0, 0, 0
L -364.8000, 70.3000, 0.8000,  -375.3000, 70.3000, 0.8000,  0, 0, 0
L -375.3000, 70.3000, 0.8000,  -375.1000, 75.9000, 0.8000,  0, 0, 0
L -375.1000, 75.9000, 0.8000,  -364.7000, 75.9000, 0.8000,  0, 0, 0
L -364.7000, 75.9000, 0.8000,  -364.7000, 86.4000, 0.8000,  0, 0, 0
L -364.7000, 86.4000, 0.8000,  -359.0000, 86.4000, 0.8000,  0, 0, 0
L -359.0000, 86.4000, 0.8000,  -359.0000, 75.9000, 0.8000,  0, 0, 0
L -359.0000, 75.9000, 0.8000,  -348.6000, 75.9000, 0.8000,  0, 0, 0
L -348.6000, 75.9000, 0.8000,  -348.6000, 70.3000, 0.8000,  0, 0, 0
L -348.6000, 70.3000, 0.8000,  -359.0000, 70.3000, 0.8000,  0, 0, 0
L -359.0000, 70.3000, 0.8000,  -359.0000, 59.8000, 0.8000,  0, 0, 0
L -218.3000, -23.7000, -0.2000,  -218.3000, -18.7000, -0.2000,  0, 0, 0
L -220.2000, -18.7000, -0.2000,  -222.2000, -14.5000, -0.2000,  0, 0, 0
L -222.2000, -14.5000, -0.2000,  -220.2000, -10.3000, -0.2000,  0, 0, 0
L -220.2000, -10.3000, -0.2000,  -209.9000, -10.3000, -0.2000,  0, 0, 0
L -211.9000, -18.7000, -0.2000,  -211.8000, -24.4000, -0.2000,  0, 0, 0
L -211.8000, -24.4000, -0.2000,  -167.4000, -24.4000, -0.2000,  0, 0, 0
L -167.4000, -24.4000, -0.2000,  -167.4000, -18.7000, -0.2000,  0, 0, 0
L -159.0000, -18.6000, -0.2000,  -159.5000, -18.6000, -0.2000,  0, 0, 0
L -169.4000, -18.7000, -0.2000,  -171.4000, -14.5000, -0.2000,  0, 0, 0
L -171.4000, -14.5000, -0.2000,  -169.4000, -10.3000, -0.2000,  0, 0, 0
L -169.4000, 6.0000, -0.2000,  -164.2000, 6.0000, -0.2000,  0, 0, 0
L -159.0000, -10.3000, -0.2000,  -157.0000, -14.5000, -0.2000,  0, 0, 0
L -157.0000, -14.5000, -0.2000,  -159.0000, -18.6000, -0.2000,  0, 0, 0
L -159.5000, -29.0000, -0.2000,  -148.7000, -40.0000, -0.2000,  0, 0, 0
L -148.7000, -40.0000, -0.2000,  -86.3000, -86.6000, -0.2000,  0, 0, 0
L -86.3000, -86.6000, -0.2000,  -59.2000, -124.1000, -0.2000,  0, 0, 0
L -59.2000, -124.1000, -0.2000,  -40.1000, -148.5000, -0.2000,  0, 0, 0
L -40.1000, -148.5000, -0.2000,  -29.0000, -159.6000, -0.2000,  0, 0, 0
L -29.0000, -159.6000, -0.2000,  25.0000, -159.6000, -0.2000,  0, 0, 0
L 25.0000, -159.6000, -0.2000,  35.9000, -148.7000, -0.2000,  0, 0, 0
L 35.9000, -148.7000, -0.2000,  82.3000, -86.6000, -0.2000,  0, 0, 0
L 82.3000, -86.6000, -0.2000,  144.5000, -40.1000, -0.2000,  0, 0, 0
L 144.5000, -40.1000, -0.2000,  155.4000, -29.2000, -0.2000,  0, 0, 0
L 155.0000, -18.7000, -0.2000,  153.0000, -14.5000, -0.2000,  0, 0, 0
L 155.0000, -10.3000, -0.2000,  153.0000, -14.5000, -0.2000,  0, 0, 0
L 155.5000, -18.7000, -0.2000,  155.0000, -18.7000, -0.2000,  0, 0, 0
L 155.5000, -18.7000, -0.2000,  155.5000, -29.0000, -0.2000,  0, 0, 0
L 155.0000, 6.0000, -0.2000,  153.0000, 10.2000, -0.2000,  0, 0, 0
L 153.0000, 10.2000, -0.2000,  155.0000, 14.3000, -0.2000,  0, 0, 0
L 155.0000, 14.3000, -0.2000,  155.5000, 14.3000, -0.2000,  0, 0, 0
L 155.5000, 14.3000, -0.2000,  155.5000, 24.8000, -0.2000,  0, 0, 0
L 155.5000, 24.8000, -0.2000,  144.5000, 35.8000, -0.2000,  0, 0, 0
L 144.5000, 35.8000, -0.2000,  82.0000, 82.7000, -0.2000,  0, 0, 0
L 82.0000, 82.7000, -0.2000,  35.9000, 144.4000, -0.2000,  0, 0, 0
L 35.9000, 144.4000, -0.2000,  24.9000, 155.4000, 0.8000,  0, 0, 0
L -29.0000, 155.3000, 0.8000,  -40.0000, 144.4000, -0.2000,  0, 0, 0
L -40.0000, 144.4000, -0.2000,  -86.6000, 82.0000, -0.2000,  0, 0, 0
L -86.6000, 82.0000, -0.2000,  -148.5000, 35.8000, -0.2000,  0, 0, 0
L -148.5000, 35.8000, -0.2000,  -159.5000, 24.7000, -0.2000,  0, 0, 0
L -159.5000, 24.7000, -0.2000,  -159.5000, 14.3000, -0.2000,  0, 0, 0
L -159.0000, 14.3000, -0.2000,  -157.0000, 10.2000, -0.2000,  0, 0, 0
L -157.0000, 10.2000, -0.2000,  -159.0000, 6.0000, -0.2000,  0, 0, 0
L -169.4000, 6.0000, -0.2000,  -171.4000, 10.2000, -0.2000,  0, 0, 0
L -171.4000, 10.2000, -0.2000,  -169.4000, 14.3000, -0.2000,  0, 0, 0
L -167.4000, 14.3000, -0.2000,  -167.5000, 20.1000, -0.2000,  0, 0, 0
L -167.5000, 20.1000, -0.2000,  -211.9000, 20.1000, -0.2000,  0, 0, 0
L -211.9000, 20.1000, -0.2000,  -211.9000, 14.3000, -0.2000,  0, 0, 0
L -209.9000, 14.3000, -0.2000,  -207.9000, 10.2000, -0.2000,  0, 0, 0
L -220.2000, 6.0000, -0.2000,  -222.2000, 10.1000, -0.2000,  0, 0, 0
L -222.2000, 10.1000, -0.2000,  -220.2000, 14.3000, -0.2000,  0, 0, 0
L -218.3000, 14.3000, -0.2000,  -218.3000, 20.1000, -0.2000,  0, 0, 0
L -218.3000, 20.1000, -0.2000,  -262.8000, 20.1000, -0.2000,  0, 0, 0
L -209.9000, -10.3000, -0.2000,  -207.9000, -14.5000, -0.2000,  0, 0, 0
L -207.9000, -14.5000, -0.2000,  -209.9000, -18.7000, -0.2000,  0, 0, 0
L 165.3000, -10.3000, -0.2000,  167.3000, -14.5000, -0.2000,  0, 0, 0
L 167.3000, -14.5000, -0.2000,  165.3000, -18.6000, -0.2000,  0, 0, 0
L 163.3000, -18.7000, -0.2000,  163.3000, -24.4000, -0.2000,  0, 0, 0
L 163.3000, -24.4000, -0.2000,  207.7000, -24.4000, -0.2000,  0, 0, 0
L 207.7000, -24.4000, -0.2000,  207.7000, -18.7000, -0.2000,  0, 0, 0
L 205.8000, -18.7000, -0.2000,  203.8000, -14.5000, -0.2000,  0, 0, 0
L 216.1000, 6.0000, -0.2000,  205.8000, 6.0000, -0.2000,  0, 0, 0
L 205.8000, 6.0000, -0.2000,  203.8000, 10.2000, -0.2000,  0, 0, 0
L 203.8000, 10.2000, -0.2000,  205.8000, 14.3000, -0.2000,  0, 0, 0
L 205.8000, 14.3000, -0.2000,  207.7000, 14.3000, -0.2000,  0, 0, 0
L 207.7000, 14.3000, -0.2000,  207.7000, 20.1000, -0.2000,  0, 0, 0
L 207.7000, 20.1000, -0.2000,  163.3000, 20.1000, -0.2000,  0, 0, 0
L 163.3000, 20.1000, -0.2000,  163.3000, 14.3000, -0.2000,  0, 0, 0
L 165.3000, 14.3000, -0.2000,  167.3000, 10.2000, -0.2000,  0, 0, 0
L 167.3000, 10.2000, -0.2000,  165.3000, 6.0000, -0.2000,  0, 0, 0
L 216.1000, -10.3000, -0.2000,  218.1000, -14.5000, -0.2000,  0, 0, 0
L 218.1000, -14.5000, -0.2000,  216.2000, -18.6000, -0.2000,  0, 0, 0
L 214.1000, -18.7000, -0.2000,  214.1000, -24.4000, -0.2000,  0, 0, 0
L 214.1000, -24.4000, -0.2000,  258.5000, -24.3000, -0.2000,  0, 0, 0
L 258.5000, -24.3000, -0.2000,  258.5000, -18.7000, -0.2000,  0, 0, 0
L 256.6000, -18.7000, -0.2000,  254.6000, -14.5000, -0.2000,  0, 0, 0
L 254.6000, -14.5000, -0.2000,  256.6000, -10.3000, -0.2000,  0, 0, 0
L 266.9000, -10.3000, -0.2000,  267.4000, -11.3000, -0.2000,  0, 0, 0
L 268.9000, -14.5000, -0.2000,  266.9000, -18.6000, -0.2000,  0, 0, 0
L 256.6000, 6.0000, -0.2000,  254.6000, 10.2000, -0.2000,  0, 0, 0
L 254.6000, 10.2000, -0.2000,  256.6000, 14.3000, -0.2000,  0, 0, 0
L 256.6000, 14.3000, -0.2000,  258.5000, 14.3000, -0.2000,  0, 0, 0
L 258.5000, 14.3000, -0.2000,  258.5000, 20.1000, -0.2000,  0, 0, 0
L 258.5000, 20.1000, -0.2000,  214.1000, 20.1000, -0.2000,  0, 0, 0
L 214.1000, 20.1000, -0.2000,  214.1000, 14.3000, -0.2000,  0, 0, 0
L 216.2000, 14.3000, -0.2000,  218.1000, 10.2000, -0.2000,  0, 0, 0
L 218.1000, 10.2000, -0.2000,  216.1000, 6.0000, -0.2000,  0, 0, 0
L 267.4000, -11.3000, -0.2000,  268.9000, -14.5000, -0.2000,  0, 0, 0
L 267.4000, -11.3000, -0.2000,  268.2000, -13.0000, -0.2000,  0, 0, 0
L 264.9000, -18.7000, -0.2000,  264.9000, -36.5000, -0.2000,  0, 0, 0
L 264.9000, -36.5000, -0.2000,  298.3000, -60.3000, -0.2000,  0, 0, 0
L 298.3000, -60.3000, -0.2000,  291.5000, -100.6000, -0.2000,  0, 0, 0
L 291.5000, -100.6000, -0.2000,  306.5000, -115.7000, -0.2000,  0, 0, 0
L 306.5000, -115.7000, -0.2000,  309.8000, -112.4000, -0.2000,  0, 0, 0
L 309.8000, -112.4000, -0.2000,  314.0000, -112.1000, -0.2000,  0, 0, 0
L 314.0000, -112.1000, -0.2000,  324.3000, -107.1000, -0.2000,  0, 0, 0
L 324.3000, -107.1000, -0.2000,  333.3000, -107.5000, -0.2000,  0, 0, 0
L 333.3000, -107.5000, -0.2000,  334.0000, -117.1000, -0.2000,  0, 0, 0
L 334.0000, -117.1000, -0.2000,  328.6000, -126.8000, -0.2000,  0, 0, 0
L 328.6000, -126.8000, -0.2000,  328.3000, -131.1000, -0.2000,  0, 0, 0
L 328.3000, -131.1000, -0.2000,  325.0000, -134.2000, -0.2000,  0, 0, 0
L 325.0000, -134.2000, -0.2000,  340.1000, -149.2000, -0.2000,  0, 0, 0
L 340.1000, -149.2000, -0.2000,  380.3000, -142.5000, -0.2000,  0, 0, 0
L 380.3000, -142.5000, -0.2000,  404.8000, -176.6000, -0.2000,  0, 0, 0
L 404.8000, -176.6000, -0.2000,  406.4000, -199.8000, -0.2000,  0, 0, 0
L 406.4000, -199.8000, -0.2000,  470.7000, -199.8000, -0.2000,  0, 0, 0
L 470.7000, -199.8000, -0.2000,  472.2000, -176.8000, -0.2000,  0, 0, 0
L 472.2000, -176.8000, -0.2000,  496.8000, -142.6000, -0.2000,  0, 0, 0
L 496.8000, -142.6000, -0.2000,  537.0000, -149.2000, -0.2000,  0, 0, 0
L 537.0000, -149.2000, -0.2000,  552.0000, -134.2000, -0.2000,  0, 0, 0
L 552.0000, -134.2000, -0.2000,  548.7000, -130.7000, -0.2000,  0, 0, 0
L 548.7000, -130.7000, -0.2000,  548.5000, -126.8000, -0.2000,  0, 0, 0
L 548.5000, -126.8000, -0.2000,  543.1000, -116.8000, -0.2000,  0, 0, 0
L 543.1000, -116.8000, -0.2000,  543.8000, -107.4000, -0.2000,  0, 0, 0
L 543.8000, -107.4000, -0.2000,  553.1000, -106.8000, -0.2000,  0, 0, 0
L 553.1000, -106.8000, -0.2000,  563.1000, -112.1000, -0.2000,  0, 0, 0
L 563.1000, -112.1000, -0.2000,  567.4000, -112.4000, -0.2000,  0, 0, 0
L 567.4000, -112.4000, -0.2000,  570.5000, -115.7000, -0.2000,  0, 0, 0
L 570.5000, -115.7000, -0.2000,  585.6000, -100.7000, -0.2000,  0, 0, 0
L 585.6000, -100.7000, -0.2000,  578.9000, -60.3000, -0.2000,  0, 0, 0
L 578.9000, -60.3000, -0.2000,  613.2000, -35.8000, -0.2000,  0, 0, 0
L 613.2000, -35.8000, -0.2000,  636.0000, -34.4000, -0.2000,  0, 0, 0
L 636.0000, -34.4000, -0.2000,  636.1000, 29.9000, -0.2000,  0, 0, 0
L 636.1000, 29.9000, -0.2000,  613.1000, 31.4000, -0.2000,  0, 0, 0
L 613.1000, 31.4000, -0.2000,  578.9000, 55.8000, -0.2000,  0, 0, 0
L 578.9000, 55.8000, -0.2000,  585.6000, 96.3000, -0.2000,  0, 0, 0
L 585.6000, 96.3000, -0.2000,  570.5000, 111.3000, -0.2000,  0, 0, 0
L 570.5000, 111.3000, -0.2000,  567.3000, 108.0000, -0.2000,  0, 0, 0
L 567.3000, 108.0000, -0.2000,  563.0000, 107.7000, -0.2000,  0, 0, 0
L 563.0000, 107.7000, -0.2000,  553.2000, 102.4000, -0.2000,  0, 0, 0
L 553.2000, 102.4000, -0.2000,  543.7000, 103.0000, -0.2000,  0, 0, 0
L 543.7000, 103.0000, -0.2000,  543.1000, 112.6000, -0.2000,  0, 0, 0
L 543.1000, 112.6000, -0.2000,  548.4000, 122.3000, -0.2000,  0, 0, 0
L 548.4000, 122.3000, -0.2000,  548.8000, 126.6000, -0.2000,  0, 0, 0
L 548.8000, 126.6000, -0.2000,  552.0000, 129.8000, -0.2000,  0, 0, 0
L 552.0000, 129.8000, -0.2000,  537.0000, 144.8000, -0.2000,  0, 0, 0
L 537.0000, 144.8000, -0.2000,  496.9000, 138.1000, -0.2000,  0, 0, 0
L 496.9000, 138.1000, -0.2000,  471.7000, 173.0000, -0.2000,  0, 0, 0
L 471.7000, 173.0000, -0.2000,  470.7000, 195.3000, -0.2000,  0, 0, 0
L 470.7000, 195.3000, -0.2000,  406.4000, 195.3000, -0.2000,  0, 0, 0
L 406.4000, 195.3000, -0.2000,  405.5000, 173.0000, -0.2000,  0, 0, 0
L 405.5000, 173.0000, -0.2000,  380.3000, 137.9000, -0.2000,  0, 0, 0
L 380.3000, 137.9000, -0.2000,  340.1000, 144.8000, -0.2000,  0, 0, 0
L 340.1000, 144.8000, -0.2000,  325.0000, 129.8000, -0.2000,  0, 0, 0
L 325.0000, 129.8000, -0.2000,  328.3000, 126.3000, -0.2000,  0, 0, 0
L 328.3000, 126.3000, -0.2000,  328.6000, 122.3000, -0.2000,  0, 0, 0
L 328.6000, 122.3000, -0.2000,  334.1000, 112.2000, -0.2000,  0, 0, 0
L 334.1000, 112.2000, -0.2000,  333.2000, 102.9000, -0.2000,  0, 0, 0
L 333.2000, 102.9000, -0.2000,  323.9000, 102.4000, -0.2000,  0, 0, 0
L 323.9000, 102.4000, -0.2000,  314.0000, 107.7000, -0.2000,  0, 0, 0
L 314.0000, 107.7000, -0.2000,  309.7000, 108.0000, -0.2000,  0, 0, 0
L 309.7000, 108.0000, -0.2000,  306.5000, 111.3000, -0.2000,  0, 0, 0
L 306.5000, 111.3000, -0.2000,  291.5000, 96.2000, -0.2000,  0, 0, 0
L 291.5000, 96.2000, -0.2000,  298.2000, 55.9000, -0.2000,  0, 0, 0
L 298.2000, 55.9000, -0.2000,  265.0000, 32.0000, -0.2000,  0, 0, 0
L 265.0000, 32.0000, -0.2000,  264.9000, 14.3000, -0.2000,  0, 0, 0
L 267.0000, 14.3000, -0.2000,  268.8000, 10.3000, -0.2000,  0, 0, 0
L 268.8000, 10.3000, -0.2000,  267.0000, 6.0000, -0.2000,  0, 0, 0
L 385.9000, -7.5000, 1.8000,  385.9000, 3.1000, 1.8000,  150, 150, 150
L 385.9000, 3.1000, 1.8000,  400.5000, 13.5000, 1.8000,  150, 150, 150
L 397.6000, 31.2000, 1.8000,  400.5000, 13.6000, 1.8000,  150, 150, 150
L 397.6000, 31.2000, 1.8000,  405.1000, 38.7000, 1.8000,  150, 150, 150
L 405.1000, 38.7000, 1.8000,  422.9000, 35.8000, 1.8000,  150, 150, 150
L 422.9000, 35.8000, 1.8000,  433.2000, 50.4000, 1.8000,  150, 150, 150
L 433.2000, 50.4000, 1.8000,  443.9000, 50.4000, 1.8000,  150, 150, 150
L 443.9000, 50.4000, 1.8000,  454.3000, 35.8000, 1.8000,  150, 150, 150
L 454.3000, 35.8000, 1.8000,  472.0000, 38.7000, 1.8000,  150, 150, 150
L 472.0000, 38.7000, 1.8000,  479.5000, 31.2000, 1.8000,  150, 150, 150
L 479.5000, 31.2000, 1.8000,  476.6000, 13.4000, 1.8000,  150, 150, 150
L 476.6000, 13.4000, 1.8000,  491.1000, 3.1000, 1.8000,  150, 150, 150
L 491.1000, 3.1000, 1.8000,  491.1000, -7.5000, 1.8000,  150, 150, 150
L 491.1000, -7.5000, 1.8000,  476.6000, -18.3000, 1.8000,  150, 150, 150
L 476.6000, -18.3000, 1.8000,  479.5000, -35.6000, 1.8000,  150, 150, 150
L 479.5000, -35.6000, 1.8000,  472.0000, -43.2000, 1.8000,  150, 150, 150
L 472.0000, -43.2000, 1.8000,  454.3000, -40.2000, 1.8000,  150, 150, 150
L 454.3000, -40.2000, 1.8000,  443.9000, -54.8000, 1.8000,  150, 150, 150
L 443.9000, -54.8000, 1.8000,  433.2000, -54.8000, 1.8000,  150, 150, 150
L 433.2000, -54.8000, 1.8000,  422.8000, -40.2000, 1.8000,  150, 150, 150
L 422.8000, -40.2000, 1.8000,  405.1000, -43.2000, 1.8000,  150, 150, 150
L 405.1000, -43.2000, 1.8000,  397.6000, -35.6000, 1.8000,  150, 150, 150
L 397.6000, -35.6000, 1.8000,  400.5000, -18.0000, 1.8000,  150, 150, 150
L 400.5000, -18.0000, 1.8000,  385.9000, -7.5000, 1.8000,  150, 150, 150
L 413.4000, -12.4000, 3.8000,  397.5000, -2.2000, 3.8000,  150, 150, 150
L 397.5000, -2.2000, 3.8000,  413.6000, 8.1000, 3.8000,  150, 150, 150
L 413.6000, 8.1000, 3.8000,  409.5000, 26.8000, 3.8000,  150, 150, 150
L 409.5000, 26.8000, 3.8000,  428.2000, 22.7000, 3.8000,  150, 150, 150
L 428.2000, 22.7000, 3.8000,  438.5000, 38.8000, 3.8000,  150, 150, 150
L 438.5000, 38.8000, 3.8000,  448.8000, 22.7000, 3.8000,  150, 150, 150
L 448.8000, 22.7000, 3.8000,  467.5000, 26.8000, 3.8000,  150, 150, 150
L 467.5000, 26.8000, 3.8000,  463.5000, 8.2000, 3.8000,  150, 150, 150
L 463.5000, 8.2000, 3.8000,  479.5000, -2.2000, 3.8000,  150, 150, 150
L 479.5000, -2.2000, 3.8000,  463.5000, -12.6000, 3.8000,  150, 150, 150
L 463.5000, -12.6000, 3.8000,  467.6000, -31.2000, 3.8000,  150, 150, 150
L 467.6000, -31.2000, 3.8000,  448.9000, -27.2000, 3.8000,  150, 150, 150
L 448.9000, -27.2000, 3.8000,  438.5000, -43.2000, 3.8000,  150, 150, 150
L 438.5000, -43.2000, 3.8000,  428.1000, -27.2000, 3.8000,  150, 150, 150
L 428.1000, -27.2000, 3.8000,  409.5000, -31.2000, 3.8000,  150, 150, 150
L 409.5000, -31.2000, 3.8000,  413.6000, -12.5000, 3.8000,  150, 150, 150
L 449.0000, 170.1000, 0.8000,  428.1000, 170.1000, 0.8000,  0, 0, 0
L 428.1000, 170.1000, 0.8000,  428.1000, 181.5000, 0.8000,  0, 0, 0
L 428.1000, 181.5000, 0.8000,  449.0000, 181.5000, 0.8000,  0, 0, 0
L 449.0000, 181.5000, 0.8000,  449.0000, 170.1000, 0.8000,  0, 0, 0
L 434.2000, -9.7000, 6.0000,  442.9000, -9.7000, 6.0000,  0, 0, 0
L 442.9000, -9.7000, 5.9000,  442.9000, 5.3000, 5.9000,  0, 0, 0
L 442.9000, 5.3000, 6.0000,  434.2000, 5.3000, 6.0000,  0, 0, 0
L 434.2000, 5.3000, 5.9000,  434.2000, -9.7000, 5.9000,  0, 0, 0
L 414.5000, -22.1000, 5.4000,  414.4000, -18.1000, 5.4000,  0, 0, 0
L 414.4000, -18.1000, 5.4000,  416.9000, -15.7000, 5.4000,  0, 0, 0
L 416.9000, -15.7000, 5.4000,  420.7000, -15.8000, 5.4000,  0, 0, 0
L 420.7000, -15.8000, 5.4000,  423.2000, -17.4000, 5.4000,  0, 0, 0
L 423.2000, -17.4000, 5.4000,  424.9000, -19.9000, 5.4000,  0, 0, 0
L 424.9000, -19.9000, 5.4000,  425.4000, -23.7000, 5.4000,  0, 0, 0
L 425.4000, -23.7000, 5.4000,  422.2000, -26.7000, 5.4000,  0, 0, 0
L 422.2000, -26.7000, 5.4000,  418.8000, -26.3000, 5.4000,  0, 0, 0
L 418.8000, -26.3000, 5.4000,  415.9000, -24.3000, 5.4000,  0, 0, 0
L 415.9000, -24.3000, 5.4000,  414.5000, -22.1000, 5.4000,  0, 0, 0
L 451.7000, -23.6000, 5.4000,  452.1000, -20.2000, 5.4000,  0, 0, 0
L 452.1000, -20.2000, 5.4000,  453.8000, -17.4000, 5.4000,  0, 0, 0
L 453.8000, -17.4000, 5.4000,  456.4000, -15.8000, 5.4000,  0, 0, 0
L 456.4000, -15.8000, 5.4000,  459.6000, -15.4000, 5.4000,  0, 0, 0
L 459.6000, -15.4000, 5.4000,  462.8000, -18.3000, 5.4000,  0, 0, 0
L 462.8000, -18.3000, 5.4000,  462.4000, -22.6000, 5.4000,  0, 0, 0
L 462.4000, -22.6000, 5.4000,  461.0000, -24.5000, 5.4000,  0, 0, 0
L 461.0000, -24.5000, 5.4000,  458.8000, -26.1000, 5.4000,  0, 0, 0
L 458.8000, -26.1000, 5.4000,  454.8000, -26.7000, 5.4000,  0, 0, 0
L 454.8000, -26.7000, 5.4000,  451.7000, -23.6000, 5.4000,  0, 0, 0
L 456.3000, 11.4000, 5.4000,  453.7000, 13.1000, 5.4000,  0, 0, 0
L 453.7000, 13.1000, 5.4000,  452.1000, 15.7000, 5.4000,  0, 0, 0
L 452.1000, 15.7000, 5.4000,  451.7000, 19.0000, 5.4000,  0, 0, 0
L 451.7000, 19.0000, 5.4000,  455.0000, 22.3000, 5.4000,  0, 0, 0
L 455.0000, 22.3000, 5.4000,  458.7000, 21.7000, 5.4000,  0, 0, 0
L 458.7000, 21.7000, 5.4000,  460.7000, 20.4000, 5.4000,  0, 0, 0
L 460.7000, 20.4000, 5.4000,  462.6000, 17.5000, 5.4000,  0, 0, 0
L 462.6000, 17.5000, 5.4000,  463.0000, 14.2000, 5.4000,  0, 0, 0
L 463.0000, 14.2000, 5.4000,  459.6000, 10.9000, 5.4000,  0, 0, 0
L 459.6000, 10.9000, 5.4000,  456.3000, 11.4000, 5.4000,  0, 0, 0
L 425.4000, 19.1000, 5.4000,  424.9000, 15.4000, 5.4000,  0, 0, 0
L 424.9000, 15.4000, 5.4000,  423.3000, 13.1000, 5.4000,  0, 0, 0
L 423.3000, 13.1000, 5.4000,  420.4000, 11.3000, 5.4000,  0, 0, 0
L 420.4000, 11.3000, 5.4000,  417.3000, 11.0000, 5.4000,  0, 0, 0
L 417.3000, 11.0000, 5.4000,  414.1000, 14.2000, 5.4000,  0, 0, 0
L 414.1000, 14.2000, 5.4000,  414.5000, 17.6000, 5.4000,  0, 0, 0
L 414.5000, 17.6000, 5.4000,  416.3000, 20.3000, 5.4000,  0, 0, 0
L 416.3000, 20.3000, 5.4000,  418.7000, 21.8000, 5.4000,  0, 0, 0
L 418.7000, 21.8000, 5.4000,  422.1000, 22.3000, 5.4000,  0, 0, 0
L 422.1000, 22.3000, 5.4000,  425.4000, 19.1000, 5.4000,  0, 0, 0
L 428.1000, -172.7000, 0.8000,  449.0000, -172.7000, 0.8000,  0, 0, 0
L 449.0000, -172.7000, 0.8000,  449.0000, -184.2000, 0.8000,  0, 0, 0
L 449.0000, -184.2000, 0.8000,  428.1000, -184.2000, 0.8000,  0, 0, 0
L 428.1000, -184.2000, 0.8000,  428.1000, -172.7000, 0.8000,  0, 0, 0
L 608.5000, -12.3000, 0.8000,  608.5000, 8.6000, 0.8000,  0, 0, 0
L 608.5000, 8.6000, 0.8000,  620.0000, 8.6000, 0.8000,  0, 0, 0
L 620.0000, 8.6000, 0.8000,  620.0000, -12.3000, 0.8000,  0, 0, 0
L 620.0000, -12.3000, 0.8000,  608.5000, -12.3000, 0.8000,  0, 0, 0
L 31.5000, 36.6000, -1.7000,  35.0000, 34.9000, -1.7000,  0, 0, 0
L 35.0000, 34.9000, -1.7000,  36.1000, 31.3000, -1.7000,  0, 0, 0
L 36.1000, 31.3000, -1.7000,  36.5000, 25.7000, -1.7000,  0, 0, 0
L 36.5000, 25.7000, -1.7000,  32.9000, 21.4000, -1.7000,  0, 0, 0
L 32.9000, 21.4000, -1.7000,  28.8000, 22.5000, -1.7000,  0, 0, 0
L 28.8000, 22.5000, -1.7000,  21.8000, 15.2000, -4.7000,  0, 0, 0
L 21.8000, 15.2000, -4.7000,  18.1000, 14.5000, -5.7000,  0, 0, 0
L 18.1000, 14.5000, -5.7000,  12.8000, 12.8000, -5.7000,  0, 0, 0
L 12.8000, 12.8000, -5.7000,  14.5000, 18.1000, -5.7000,  0, 0, 0
L 14.5000, 18.1000, -5.7000,  14.9000, 21.5000, -4.7000,  0, 0, 0
L 14.9000, 21.5000, -4.7000,  22.4000, 28.7000, -1.7000,  0, 0, 0
L 22.4000, 28.7000, -1.7000,  21.2000, 32.7000, -1.7000,  0, 0, 0
L 21.2000, 32.7000, -1.7000,  25.0000, 36.4000, -1.7000,  0, 0, 0
L 25.0000, 36.4000, -1.7000,  27.0000, 36.0000, -1.7000,  0, 0, 0
L 27.0000, 36.0000, -1.7000,  31.5000, 36.6000, -1.7000,  0, 0, 0
L -26.5000, 28.7000, -1.7000,  -18.9000, 21.4000, -4.8000,  0, 0, 0
L -18.9000, 21.4000, -4.8000,  -18.5000, 18.3000, -5.7000,  0, 0, 0
L -18.5000, 18.3000, -5.7000,  -16.9000, 13.5000, -5.7000,  0, 0, 0
L -16.9000, 13.5000, -5.7000,  -22.2000, 14.5000, -5.7000,  0, 0, 0
L -22.2000, 14.5000, -5.7000,  -25.8000, 15.1000, -4.7000,  0, 0, 0
L -25.8000, 15.1000, -4.7000,  -32.7000, 22.5000, -1.7000,  0, 0, 0
L -32.7000, 22.5000, -1.7000,  -37.3000, 21.3000, -1.7000,  0, 0, 0
L -37.3000, 21.3000, -1.7000,  -40.5000, 25.1000, -1.7000,  0, 0, 0
L -40.5000, 25.1000, -1.7000,  -40.0000, 27.0000, -1.7000,  0, 0, 0
L -40.0000, 27.0000, -1.7000,  -40.7000, 31.1000, -1.7000,  0, 0, 0
L -40.7000, 31.1000, -1.7000,  -38.7000, 35.0000, -1.7000,  0, 0, 0
L -38.7000, 35.0000, -1.7000,  -34.5000, 36.9000, -1.7000,  0, 0, 0
L -34.5000, 36.9000, -1.7000,  -31.2000, 36.0000, -1.7000,  0, 0, 0
L -31.2000, 36.0000, -1.7000,  -28.5000, 36.3000, -1.7000,  0, 0, 0
L -28.5000, 36.3000, -1.7000,  -25.6000, 33.1000, -1.7000,  0, 0, 0
L -25.6000, 33.1000, -1.7000,  -26.5000, 28.8000, -1.7000,  0, 0, 0
L -32.6000, -26.4000, -1.7000,  -25.9000, -19.2000, -4.7000,  0, 0, 0
L -25.9000, -19.2000, -4.7000,  -22.4000, -18.5000, -5.7000,  0, 0, 0
L -22.4000, -18.5000, -5.7000,  -17.3000, -16.8000, -5.7000,  0, 0, 0
L -17.3000, -16.8000, -5.7000,  -18.5000, -22.1000, -5.7000,  0, 0, 0
L -18.5000, -22.1000, -5.7000,  -19.0000, -25.7000, -4.7000,  0, 0, 0
L -19.0000, -25.7000, -4.7000,  -26.5000, -32.7000, -1.7000,  0, 0, 0
L -26.5000, -32.7000, -1.7000,  -25.3000, -36.9000, -1.7000,  0, 0, 0
L -25.3000, -36.9000, -1.7000,  -29.0000, -40.4000, -1.7000,  0, 0, 0
L -29.0000, -40.4000, -1.7000,  -31.4000, -40.0000, -1.7000,  0, 0, 0
L -31.4000, -40.0000, -1.7000,  -35.0000, -40.7000, -1.7000,  0, 0, 0
L -35.0000, -40.7000, -1.7000,  -38.7000, -38.7000, -1.7000,  0, 0, 0
L -38.7000, -38.7000, -1.7000,  -40.5000, -34.4000, -1.7000,  0, 0, 0
L -40.5000, -34.4000, -1.7000,  -40.0000, -31.1000, -1.7000,  0, 0, 0
L -40.0000, -31.1000, -1.7000,  -40.3000, -28.3000, -1.7000,  0, 0, 0
L -40.3000, -28.3000, -1.7000,  -36.7000, -25.3000, -1.7000,  0, 0, 0
L -36.7000, -25.3000, -1.7000,  -32.7000, -26.5000, -1.7000,  0, 0, 0
L 22.4000, -32.6000, -1.7000,  14.9000, -25.4000, -4.8000,  0, 0, 0
L 14.9000, -25.4000, -4.8000,  14.4000, -21.9000, -5.7000,  0, 0, 0
L 14.4000, -21.9000, -5.7000,  12.5000, -16.7000, -5.7000,  0, 0, 0
L 12.5000, -16.7000, -5.7000,  18.3000, -18.5000, -5.7000,  0, 0, 0
L 18.3000, -18.5000, -5.7000,  21.9000, -19.2000, -4.7000,  0, 0, 0
L 21.9000, -19.2000, -4.7000,  28.8000, -26.4000, -1.7000,  0, 0, 0
L 28.8000, -26.4000, -1.7000,  33.2000, -25.5000, -1.7000,  0, 0, 0
L 33.2000, -25.5000, -1.7000,  36.1000, -28.6000, -1.7000,  0, 0, 0
L 36.1000, -28.6000, -1.7000,  36.0000, -31.0000, -1.7000,  0, 0, 0
L 36.0000, -31.0000, -1.7000,  36.6000, -34.7000, -1.7000,  0, 0, 0
L 36.6000, -34.7000, -1.7000,  34.5000, -39.1000, -1.7000,  0, 0, 0
L 34.5000, -39.1000, -1.7000,  30.3000, -40.5000, -1.7000,  0, 0, 0
L 30.3000, -40.5000, -1.7000,  27.0000, -39.9000, -1.7000,  0, 0, 0
L 27.0000, -39.9000, -1.7000,  24.9000, -40.3000, -1.7000,  0, 0, 0
L 24.9000, -40.3000, -1.7000,  21.3000, -36.7000, -1.7000,  0, 0, 0
L 21.3000, -36.7000, -1.7000,  22.4000, -32.6000, -1.7000,  0, 0, 0
L 22.1000, -32.2000, -1.7000,  17.5000, -32.6000, -1.7000,  150, 150, 150
L 17.5000, -32.6000, -1.7000,  -2.2000, -38.7000, -1.7000,  150, 150, 150
L -2.2000, -38.7000, -1.7000,  -21.9000, -32.7000, -1.7000,  150, 150, 150
L -21.9000, -32.7000, -1.7000,  -26.4000, -32.5000, -1.7000,  150, 150, 150
L -23.8000, -29.8000, -2.7000,  -20.3000, -30.2000, -2.7000,  150, 150, 150
L -20.3000, -30.2000, -2.7000,  -1.9000, -36.0000, -2.7000,  150, 150, 150
L -1.9000, -36.0000, -2.7000,  16.2000, -30.1000, -2.7000,  150, 150, 150
L 16.2000, -30.1000, -2.7000,  19.7000, -29.7000, -2.7000,  150, 150, 150
L 17.2000, -27.9000, -3.7000,  14.9000, -27.9000, -3.7000,  150, 150, 150
L 14.9000, -27.9000, -3.7000,  -1.9000, -33.4000, -3.7000,  150, 150, 150
L -1.9000, -33.4000, -3.7000,  -18.9000, -28.2000, -3.7000,  150, 150, 150
L -18.9000, -28.2000, -3.7000,  -21.5000, -28.1000, -3.7000,  150, 150, 150
L -19.2000, -25.9000, -4.7000,  -17.2000, -26.2000, -4.7000,  150, 150, 150
L -17.2000, -26.2000, -4.7000,  -1.8000, -30.9000, -4.7000,  150, 150, 150
L -1.8000, -30.9000, -4.7000,  13.2000, -25.9000, -4.7000,  150, 150, 150
L 13.2000, -25.9000, -4.7000,  15.1000, -25.8000, -4.7000,  150, 150, 150
L 21.9000, -19.2000, -4.7000,  22.0000, -16.8000, -4.7000,  150, 150, 150
L 22.0000, -16.8000, -4.7000,  26.5000, -1.8000, -4.7000,  150, 150, 150
L 26.5000, -1.8000, -4.7000,  21.9000, 13.0000, -4.7000,  150, 150, 150
L 21.9000, 13.0000, -4.7000,  21.8000, 15.1000, -4.7000,  150, 150, 150
L 24.1000, 17.4000, -3.7000,  24.4000, 14.8000, -3.7000,  150, 150, 150
L 24.4000, 14.8000, -3.7000,  29.2000, -2.0000, -3.7000,  150, 150, 150
L 29.2000, -2.0000, -3.7000,  23.9000, -19.1000, -3.7000,  150, 150, 150
L 23.9000, -19.1000, -3.7000,  24.0000, -21.3000, -3.7000,  150, 150, 150
L 26.0000, -23.6000, -2.7000,  26.3000, -20.0000, -2.7000,  150, 150, 150
L 26.3000, -20.0000, -2.7000,  31.9000, -2.1000, -2.7000,  150, 150, 150
L 31.9000, -2.1000, -2.7000,  26.6000, 16.2000, -2.7000,  150, 150, 150
L 26.6000, 16.2000, -2.7000,  26.0000, 19.9000, -2.7000,  150, 150, 150
L 28.2000, 22.1000, -1.7000,  28.5000, 18.1000, -1.7000,  150, 150, 150
L 28.5000, 18.1000, -1.7000,  34.7000, -2.0000, -1.7000,  150, 150, 150
L 34.7000, -2.0000, -1.7000,  28.5000, -21.6000, -1.7000,  150, 150, 150
L 28.5000, -21.6000, -1.7000,  28.0000, -26.0000, -1.7000,  150, 150, 150
L 15.2000, 22.0000, -4.7000,  12.8000, 22.1000, -4.7000,  150, 150, 150
L 12.8000, 22.1000, -4.7000,  -2.0000, 26.4000, -4.9000,  150, 150, 150
L -2.0000, 26.4000, -4.9000,  -17.4000, 22.0000, -4.7000,  150, 150, 150
L -17.4000, 22.0000, -4.7000,  -19.0000, 21.7000, -4.7000,  150, 150, 150
L -21.1000, 23.8000, -3.7000,  -18.3000, 24.3000, -3.7000,  150, 150, 150
L -18.3000, 24.3000, -3.7000,  -2.2000, 29.3000, -3.7000,  150, 150, 150
L -2.2000, 29.3000, -3.7000,  15.0000, 24.0000, -3.7000,  150, 150, 150
L 15.0000, 24.0000, -3.7000,  17.2000, 23.9000, -3.7000,  150, 150, 150
L 19.5000, 25.8000, -2.7000,  15.9000, 26.5000, -2.7000,  150, 150, 150
L 15.9000, 26.5000, -2.7000,  -2.3000, 32.3000, -2.7000,  150, 150, 150
L -2.3000, 32.3000, -2.7000,  -20.6000, 26.3000, -2.7000,  150, 150, 150
L -20.6000, 26.3000, -2.7000,  -23.9000, 25.9000, -2.7000,  150, 150, 150
L -26.1000, 28.1000, -1.7000,  -21.6000, 28.4000, -1.7000,  150, 150, 150
L -21.6000, 28.4000, -1.7000,  -2.2000, 35.0000, -1.7000,  150, 150, 150
L -2.2000, 35.0000, -1.7000,  17.9000, 28.4000, -1.7000,  150, 150, 150
L 17.9000, 28.4000, -1.7000,  21.8000, 27.8000, -1.8000,  150, 150, 150
L -25.6000, 15.0000, -4.7000,  -26.0000, 13.1000, -4.7000,  150, 150, 150
L -26.0000, 13.1000, -4.7000,  -31.0000, -2.0000, -4.7000,  150, 150, 150
L -31.0000, -2.0000, -4.7000,  -25.9000, -17.1000, -4.7000,  150, 150, 150
L -25.9000, -17.1000, -4.7000,  -25.8000, -19.1000, -4.7000,  150, 150, 150
L -27.6000, -20.9000, -3.7000,  -28.1000, -18.7000, -3.7000,  150, 150, 150
L -28.1000, -18.7000, -3.7000,  -33.3000, -2.1000, -3.7000,  150, 150, 150
L -33.3000, -2.1000, -3.7000,  -28.1000, 14.3000, -3.7000,  150, 150, 150
L -28.1000, 14.3000, -3.7000,  -28.0000, 17.3000, -3.7000,  150, 150, 150
L -30.1000, 19.9000, -2.7000,  -30.6000, 15.7000, -2.7000,  150, 150, 150
L -30.6000, 15.7000, -2.7000,  -35.8000, -1.6000, -2.8000,  150, 150, 150
L -35.8000, -1.6000, -2.8000,  -30.6000, -20.6000, -2.7000,  150, 150, 150
L -30.6000, -20.6000, -2.7000,  -30.1000, -24.0000, -2.7000,  150, 150, 150
L -32.1000, -26.0000, -1.7000,  -32.7000, -21.2000, -1.7000,  150, 150, 150
L -32.7000, -21.2000, -1.7000,  -38.7000, -1.8000, -1.7000,  150, 150, 150
L -38.7000, -1.8000, -1.7000,  -32.4000, 17.6000, -1.7000,  150, 150, 150
L -32.4000, 17.6000, -1.7000,  -32.2000, 22.2000, -1.7000,  150, 150, 150
L 256.6000, 6.0000, -0.2000,  261.8000, 6.0000, -0.2000,  0, 0, 0
L 256.6000, -10.3000, -0.2000,  261.8000, -10.3000, -0.2000,  0, 0, 0
L 259.1000, 0.6000, -0.2000,  259.1000, -4.9000, -0.2000,  205, 133, 63
L 261.8000, 6.0000, -0.2000,  267.0000, 6.0000, -0.2000,  0, 0, 0
L 261.8000, 6.0000, -0.2000,  261.8000, 0.6000, -0.2000,  205, 133, 63
L 259.1000, 0.6000, -0.2000,  264.4000, 0.6000, -0.2000,  205, 133, 63
L 259.1000, -4.9000, -0.2000,  261.8000, -4.9000, -0.2000,  205, 133, 63
L 261.8000, -4.9000, -0.2000,  264.4000, -4.9000, -0.2000,  205, 133, 63
L 261.8000, -10.3000, -0.2000,  266.9000, -10.3000, -0.2000,  0, 0, 0
L 261.8000, -4.9000, -0.2000,  261.8000, -10.3000, -0.2000,  205, 133, 63
L 264.4000, 0.6000, -0.2000,  264.4000, -4.9000, -0.2000,  205, 133, 63
L 264.9000, 14.3000, -0.2000,  267.0000, 14.3000, -0.2000,  0, 0, 0
L 264.9000, -18.7000, -0.2000,  266.9000, -18.6000, -0.2000,  0, 0, 0
L 258.5000, -18.7000, -0.2000,  256.6000, -18.7000, -0.2000,  0, 0, 0
L 214.1000, 14.3000, -0.2000,  216.2000, 14.3000, -0.2000,  0, 0, 0
L 216.1000, -10.3000, -0.2000,  205.8000, -10.3000, -0.2000,  0, 0, 0
L 205.8000, -10.3000, -0.2000,  203.8000, -14.5000, -0.2000,  0, 0, 0
L 214.1000, -18.7000, -0.2000,  216.2000, -18.6000, -0.2000,  0, 0, 0
L 207.7000, -18.7000, -0.2000,  205.8000, -18.7000, -0.2000,  0, 0, 0
L 163.3000, -18.7000, -0.2000,  165.3000, -18.6000, -0.2000,  0, 0, 0
L 163.3000, 14.3000, -0.2000,  165.3000, 14.3000, -0.2000,  0, 0, 0
L 165.3000, -10.3000, -0.2000,  160.1000, -10.3000, -0.2000,  0, 0, 0
L 165.3000, 6.0000, -0.2000,  160.1000, 6.0000, -0.2000,  0, 0, 0
L 157.6000, 0.6000, -0.2000,  157.6000, -4.9000, -0.2000,  205, 133, 63
L 160.1000, 6.0000, -0.2000,  155.0000, 6.0000, -0.2000,  0, 0, 0
L 160.1000, 6.0000, -0.2000,  160.1000, 0.6000, -0.2000,  205, 133, 63
L 157.6000, 0.6000, -0.2000,  162.7000, 0.6000, -0.2000,  205, 133, 63
L 157.6000, -4.9000, -0.2000,  160.1000, -4.9000, -0.2000,  205, 133, 63
L 160.1000, -4.9000, -0.2000,  162.7000, -4.9000, -0.2000,  205, 133, 63
L 160.1000, -10.3000, -0.2000,  155.0000, -10.3000, -0.2000,  0, 0, 0
L 160.1000, -4.9000, -0.2000,  160.1000, -10.3000, -0.2000,  205, 133, 63
L 162.7000, 0.6000, -0.2000,  162.7000, -4.9000, -0.2000,  205, 133, 63
L -159.5000, -29.0000, -0.2000,  -159.5000, -18.6000, -0.2000,  0, 0, 0
L -167.4000, -18.7000, -0.2000,  -169.4000, -18.7000, -0.2000,  0, 0, 0
L -159.0000, 14.3000, -0.2000,  -159.5000, 14.3000, -0.2000,  0, 0, 0
L -167.4000, 14.3000, -0.2000,  -169.4000, 14.3000, -0.2000,  0, 0, 0
L -159.0000, -10.3000, -0.2000,  -164.2000, -10.3000, -0.2000,  0, 0, 0
L -166.8000, 0.6000, -0.2000,  -166.8000, -4.9000, -0.2000,  205, 133, 63
L -164.2000, 6.0000, -0.2000,  -159.0000, 6.0000, -0.2000,  0, 0, 0
L -164.2000, 6.0000, -0.2000,  -164.2000, 0.6000, -0.2000,  205, 133, 63
L -166.8000, 0.6000, -0.2000,  -161.6000, 0.6000, -0.2000,  205, 133, 63
L -166.8000, -4.9000, -0.2000,  -164.2000, -4.9000, -0.2000,  205, 133, 63
L -164.2000, -4.9000, -0.2000,  -161.6000, -4.9000, -0.2000,  205, 133, 63
L -164.2000, -10.3000, -0.2000,  -169.4000, -10.3000, -0.2000,  0, 0, 0
L -164.2000, -4.9000, -0.2000,  -164.2000, -10.3000, -0.2000,  205, 133, 63
L -161.6000, 0.6000, -0.2000,  -161.6000, -4.9000, -0.2000,  205, 133, 63
L -220.2000, 6.0000, -0.2000,  -211.5000, 6.0000, -0.2000,  0, 0, 0
L -211.5000, 6.0000, -0.2000,  -209.9000, 6.0000, -0.2000,  0, 0, 0
L -207.9000, 10.2000, -0.2000,  -209.9000, 6.0000, -0.2000,  0, 0, 0
L -211.9000, 14.3000, -0.2000,  -209.9000, 14.3000, -0.2000,  0, 0, 0
L -218.3000, 14.3000, -0.2000,  -220.2000, 14.3000, -0.2000,  0, 0, 0
L -211.9000, -18.7000, -0.2000,  -209.9000, -18.7000, -0.2000,  0, 0, 0
L -218.3000, -18.7000, -0.2000,  -220.2000, -18.7000, -0.2000,  0, 0, 0
L -262.8000, -24.4000, -0.2000,  -218.3000, -23.7000, -0.2000,  0, 0, 0
L -280.0000, -24.4000, 0.8000,  -269.6000, -24.4000, -0.2000,  0, 0, 0
L -269.6000, -24.4000, -0.2000,  -269.6000, -18.7000, -0.2000,  0, 0, 0
L -273.1000, 10.2000, -0.2000,  -271.0000, 6.0000, -0.2000,  0, 0, 0
L -271.1000, 14.3000, -0.2000,  -269.6000, 14.3000, -0.2000,  0, 0, 0
L -269.6000, 14.3000, -0.2000,  -269.6000, 20.1000, -0.2000,  0, 0, 0
L -271.0000, -10.3000, -0.2000,  -265.9000, -10.3000, -0.2000,  0, 0, 0
L -273.1000, 10.2000, -0.2000,  -271.1000, 14.3000, -0.2000,  0, 0, 0
L -271.1000, -18.7000, -0.2000,  -273.2000, -14.6000, -0.2000,  0, 0, 0
L -262.8000, -18.7000, -0.2000,  -262.8000, -24.4000, -0.2000,  0, 0, 0
L -258.8000, -14.5000, -0.2000,  -260.8000, -18.6000, -0.2000,  0, 0, 0
L -258.8000, 10.2000, -0.2000,  -260.8000, 6.0000, -0.2000,  0, 0, 0
L -260.8000, 14.3000, -0.2000,  -258.8000, 10.2000, -0.2000,  0, 0, 0
L -262.8000, 20.1000, -0.2000,  -262.8000, 14.3000, -0.2000,  0, 0, 0
L -271.0000, -10.3000, -0.2000,  -273.2000, -14.6000, -0.2000,  0, 0, 0
L -260.7000, -10.3000, -0.2000,  -258.8000, -14.5000, -0.2000,  0, 0, 0
L -280.0000, 25.8000, 0.8000,  -269.6000, 25.8000, 0.8000,  0, 0, 0
L -260.8000, 6.0000, -0.2000,  -265.9000, 6.0000, -0.2000,  0, 0, 0
L -268.5000, 0.6000, -0.2000,  -268.5000, -4.9000, -0.2000,  205, 133, 63
L -265.9000, 6.0000, -0.2000,  -271.0000, 6.0000, -0.2000,  0, 0, 0
L -265.9000, 6.0000, -0.2000,  -265.9000, 0.6000, -0.2000,  205, 133, 63
L -268.5000, 0.6000, -0.2000,  -263.3000, 0.6000, -0.2000,  205, 133, 63
L -268.5000, -4.9000, -0.2000,  -265.9000, -4.9000, -0.2000,  205, 133, 63
L -265.9000, -4.9000, -0.2000,  -263.3000, -4.9000, -0.2000,  205, 133, 63
L -265.9000, -10.3000, -0.2000,  -260.7000, -10.3000, -0.2000,  0, 0, 0
L -265.9000, -4.9000, -0.2000,  -265.9000, -10.3000, -0.2000,  205, 133, 63
L -263.3000, 0.6000, -0.2000,  -263.3000, -4.9000, -0.2000,  205, 133, 63
L -269.6000, -18.7000, -0.2000,  -271.1000, -18.7000, -0.2000,  0, 0, 0
L -262.8000, -18.7000, -0.2000,  -260.8000, -18.6000, -0.2000,  0, 0, 0
L -260.8000, 14.3000, -0.2000,  -262.8000, 14.3000, -0.2000,  0, 0, 0
L -281.8000, 120.6000, 1.2000,  -281.8000, 126.2000, 2.8000,  0, 0, 0
L -269.6000, 107.3000, 0.8000,  -264.3000, 107.3000, 0.5000,  0, 0, 0
L -213.9000, 131.7000, 11.0000,  -195.4000, 128.0000, 4.7000,  0, 0, 0
L -213.9000, 131.7000, 11.0000,  -230.7000, 135.1000, 11.4000,  0, 0, 0
L -228.9000, 196.3000, 1.7000,  -233.3000, 194.5000, 3.1000,  0, 0, 0
L -231.9000, 187.9000, 4.7000,  -228.4000, 171.2000, 8.8000,  0, 0, 0
L -161.0000, 154.5000, 0.6000,  -174.5000, 150.5000, -3.6000,  0, 0, 0
L -155.5000, 156.1000, 2.3000,  -161.0000, 154.5000, 0.6000,  0, 0, 0
L -142.3000, 145.5000, 1.1000,  -136.1000, 140.6000, 0.6000,  0, 0, 0
L -136.1000, 140.6000, 0.6000,  -129.1000, 134.9000, -0.1000,  0, 0, 0
L -122.0000, 138.9000, 2.5000,  -129.1000, 134.9000, -0.1000,  0, 0, 0
L -96.7000, 174.3000, 11.0000,  -92.3000, 171.1000, 12.4000,  0, 0, 0
L -96.7000, 174.3000, 11.0000,  -98.6000, 172.4000, 11.0000,  0, 0, 0
L -98.6000, 172.4000, 11.0000,  -108.8000, 162.4000, 10.8000,  0, 0, 0
L -41.7000, 165.2000, 5.6000,  -64.0000, 163.0000, 10.4000,  0, 0, 0
L -64.0000, 163.0000, 10.4000,  -79.6000, 161.5000, 13.0000,  0, 0, 0
L -36.6000, 169.2000, 5.0000,  -41.7000, 165.2000, 5.6000,  0, 0, 0
L -10.2000, 163.0000, 0.8000,  6.1000, 163.0000, 0.8000,  0, 0, 0
L -10.2000, 154.9000, 0.8000,  -14.4000, 152.8000, 0.8000,  0, 0, 0
L 6.2000, 156.9000, 0.8000,  -10.2000, 156.9000, 0.8000,  0, 0, 0
L 14.5000, 163.1000, 0.8000,  32.7000, 165.2000, 0.8000,  0, 0, 0
L -18.5000, 155.4000, 0.8000,  -29.0000, 155.3000, 0.8000,  0, 0, 0
L -18.5000, 164.4000, 0.8000,  -18.5000, 165.2000, 0.8000,  0, 0, 0
L -24.8000, 165.1000, 0.8000,  -18.5000, 164.4000, 0.8000,  0, 0, 0
L -14.4000, 152.8000, 0.8000,  -18.5000, 154.9000, 0.8000,  0, 0, 0
L 6.1000, 165.2000, 0.8000,  10.3000, 167.2000, 0.8000,  0, 0, 0
L -14.4000, 167.2000, 0.8000,  -10.2000, 165.2000, 0.8000,  0, 0, 0
L -18.5000, 165.2000, 0.8000,  -14.4000, 167.2000, 0.8000,  0, 0, 0
L 14.5000, 165.2000, 0.8000,  14.5000, 163.1000, 0.8000,  0, 0, 0
L 10.3000, 167.2000, 0.8000,  14.5000, 165.2000, 0.8000,  0, 0, 0
L 14.5000, 154.9000, 0.8000,  10.3000, 152.8000, 0.8000,  0, 0, 0
L 10.3000, 152.8000, 0.8000,  6.2000, 154.9000, 0.8000,  0, 0, 0
L 24.9000, 155.4000, 0.8000,  14.5000, 155.4000, 0.8000,  0, 0, 0
L 39.0000, 160.5000, 6.0000,  46.4000, 155.0000, 12.3000,  0, 0, 0
L -10.2000, 165.2000, 0.8000,  -10.2000, 163.0000, 0.8000,  0, 0, 0
L -10.2000, 156.9000, 0.8000,  -10.2000, 154.9000, 0.8000,  0, 0, 0
L -18.5000, 155.4000, 0.8000,  -18.5000, 154.9000, 0.8000,  0, 0, 0
L 6.2000, 156.9000, 0.8000,  6.2000, 154.9000, 0.8000,  0, 0, 0
L 6.1000, 163.0000, 0.8000,  6.1000, 165.2000, 0.8000,  0, 0, 0
L 14.5000, 155.4000, 0.8000,  14.5000, 154.9000, 0.8000,  0, 0, 0
L 92.9000, 169.2000, 3.7000,  90.0000, 166.2000, 3.7000,  0, 0, 0
L 90.0000, 166.2000, 3.7000,  83.9000, 159.8000, 0.7000,  0, 0, 0
L 131.2000, 155.6000, 12.1000,  121.6000, 161.8000, 12.7000,  0, 0, 0
L 121.6000, 161.8000, 12.7000,  111.4000, 168.4000, 7.9000,  0, 0, 0
L 109.9000, 168.4000, 8.1000,  111.4000, 168.4000, 7.9000,  0, 0, 0
L 108.1000, 168.5000, 8.3000,  92.9000, 169.2000, 3.7000,  0, 0, 0
L 135.9000, 209.1000, 13.6000,  124.5000, 230.3000, 7.4000,  0, 0, 0
L 124.5000, 230.3000, 7.4000,  117.4000, 243.5000, 3.0000,  0, 0, 0
L 26.7000, 290.2000, 3.3000,  23.6000, 296.7000, 0.9000,  0, 0, 0
L 32.3000, 322.0000, -1.3000,  26.9000, 306.3000, 0.9000,  0, 0, 0
L 26.9000, 306.3000, 0.9000,  23.6000, 296.7000, 0.9000,  0, 0, 0
L -78.8000, 258.0000, 9.3000,  -64.8000, 271.3000, 5.0000,  0, 0, 0
L -56.2000, 271.6000, 4.4000,  -58.8000, 271.5000, 5.0000,  150, 150, 150
L -58.8000, 271.5000, 5.0000,  -64.8000, 271.3000, 5.0000,  0, 0, 0
L -69.9000, 320.1000, 1.5000,  -77.4000, 321.1000, 0.2000,  0, 0, 0
L -81.8000, 302.9000, -0.1000,  -80.6000, 308.0000, 0.2000,  0, 0, 0
L -80.6000, 308.0000, 0.2000,  -77.4000, 321.1000, 0.2000,  0, 0, 0
L -24.6000, 346.2000, 0.3000,  -28.4000, 346.3000, 0.3000,  0, 0, 0
L -76.6000, 368.9000, 0.3000,  -76.6000, 371.9000, 0.3000,  0, 0, 0
L -53.5000, 371.9000, 0.3000,  -58.9000, 371.9000, 0.3000,  0, 0, 0
L -82.0000, 371.9000, 0.3000,  -76.6000, 371.9000, 0.3000,  0, 0, 0
L -53.5000, 345.8000, 0.3000,  -50.5000, 345.8000, 0.3000,  0, 0, 0
L 3.5000, 340.4000, 0.3000,  3.5000, 368.9000, 0.3000,  0, 0, 0
L -18.9000, 340.4000, 0.3000,  -18.9000, 329.1000, 0.3000,  0, 0, 0
L -82.0000, 340.4000, 0.3000,  -53.5000, 340.4000, 0.3000,  0, 0, 0
L -2.6000, 329.1000, 0.3000,  -2.6000, 340.4000, 0.3000,  0, 0, 0
L -2.6000, 340.4000, 0.3000,  3.5000, 340.4000, 0.3000,  0, 0, 0
L -82.0000, 376.1000, 0.3000,  -53.5000, 376.1000, 0.3000,  199, 21, 133
L -53.5000, 368.9000, 0.3000,  -58.9000, 368.9000, 0.3000,  0, 0, 0
L -53.5000, 371.9000, 0.3000,  -53.5000, 376.1000, 0.3000,  0, 0, 0
L -50.5000, 368.9000, 0.3000,  -28.4000, 368.9000, 0.3000,  0, 0, 0
L -53.5000, 368.9000, 0.3000,  -53.5000, 363.5000, 0.3000,  0, 0, 0
L -24.6000, 363.1000, 0.3000,  -28.4000, 363.1000, 0.3000,  0, 0, 0
L -58.9000, 371.9000, 0.3000,  -58.9000, 368.9000, 0.3000,  0, 0, 0
L -53.5000, 363.5000, 0.3000,  -50.5000, 363.5000, 0.3000,  0, 0, 0
L -82.0000, 368.9000, 0.3000,  -76.6000, 368.9000, 0.3000,  0, 0, 0
L -50.5000, 363.5000, 0.3000,  -50.5000, 368.9000, 0.3000,  0, 0, 0
L -24.6000, 340.4000, 0.3000,  -18.9000, 340.4000, 0.3000,  0, 0, 0
L 1.4000, 329.1000, 0.3000,  -2.6000, 329.1000, 0.3000,  0, 0, 0
L -18.9000, 329.1000, 0.3000,  -22.9000, 329.1000, 0.3000,  0, 0, 0
L -24.6000, 368.9000, 0.3000,  3.5000, 368.9000, 0.3000,  0, 0, 0
L -24.6000, 363.1000, 0.3000,  -24.6000, 368.9000, 0.3000,  0, 0, 0
L -28.4000, 363.1000, 0.3000,  -28.4000, 368.9000, 0.3000,  0, 0, 0
L -28.4000, 346.3000, 0.3000,  -28.4000, 340.4000, 0.3000,  0, 0, 0
L -24.6000, 346.2000, 0.3000,  -24.6000, 340.4000, 0.3000,  0, 0, 0
L -53.5000, 345.8000, 0.3000,  -53.5000, 340.4000, 0.3000,  0, 0, 0
L -50.5000, 340.4000, 0.3000,  -28.4000, 340.4000, 0.3000,  0, 0, 0
L -50.5000, 345.8000, 0.3000,  -50.5000, 340.4000, 0.3000,  0, 0, 0
L -82.0000, 371.9000, 0.3000,  -82.0000, 376.1000, 0.3000,  0, 0, 0
L -82.0000, 368.9000, 0.3000,  -82.0000, 340.4000, 0.3000,  0, 0, 0
L 1.4000, 330.6000, 0.3000,  1.4000, 329.1000, 0.3000,  0, 0, 0
L -22.9000, 330.5000, 0.3000,  -22.9000, 329.1000, 0.3000,  0, 0, 0
L -22.9000, 330.5000, 0.3000,  -45.6000, 331.4000, 10.1000,  0, 0, 0
L 1.4000, 330.6000, 0.3000,  6.9000, 331.8000, 2.0000,  0, 0, 0
L 6.9000, 331.8000, 2.0000,  11.4000, 332.8000, 1.4000,  0, 0, 0
L 19.0000, 328.8000, 1.4000,  32.3000, 322.0000, -1.3000,  0, 0, 0
L 19.0000, 328.8000, 1.4000,  11.4000, 332.8000, 1.4000,  0, 0, 0
L -53.5000, 376.1000, 0.3000,  -53.5000, 387.8000, 0.3000,  0, 0, 0
L -82.0000, 376.1000, 0.3000,  -82.0000, 387.8000, 0.3000,  0, 0, 0
