L 2727.8394, 1732.7963, 32.9248,  2727.8384, 1722.8730, 33.0142,  0, 0, 0
L 2727.8384, 1722.8730, 33.0178,  2714.6414, 1722.8723, 32.9651,  0, 0, 0
L 2714.6414, 1722.8723, 32.9465,  2714.3809, 1733.9855, 32.8424,  0, 0, 0
L 2714.3809, 1733.9855, 32.8416,  2726.7886, 1733.9860, 32.9057,  0, 0, 0
L 2537.0295, 1703.7052, 32.0470,  2537.0300, 1692.5922, 31.8220,  0, 0, 0
L 2537.0300, 1692.5922, 31.7817,  2523.7317, 1692.5916, 31.8105,  0, 0, 0
L 2523.7317, 1692.5916, 31.8452,  2523.7310, 1703.7043, 32.0392,  0, 0, 0
L 2523.7310, 1703.7043, 32.0701,  2537.0295, 1703.7052, 37.2297,  0, 0, 0
L 2399.3557, 1650.3500, 51.5870,  2402.8982, 1663.5764, 32.2466,  0, 0, 0
L 2402.8982, 1663.5764, 31.9002,  2385.0757, 1668.3514, 30.1361,  0, 0, 0
L 2385.0757, 1668.3514, 30.3735,  2381.5479, 1655.2384, 44.6071,  0, 0, 0
L 2381.5479, 1655.2384, 44.6071,  2360.1343, 1652.6501, 45.2416,  0, 0, 0
L 2360.1343, 1652.6501, 45.2416,  2333.0779, 1647.2792, 77.1095,  0, 0, 0
L 2333.0779, 1647.2792, 77.1095,  2311.1265, 1653.1321, 27.4106,  0, 0, 0
L 2311.1265, 1653.1321, 27.4105,  2313.3523, 1661.4414, 25.1153,  0, 0, 0
L 2313.3523, 1661.4414, 24.9391,  2295.5261, 1666.2174, 23.2869,  0, 0, 0
L 2295.5261, 1666.2174, 23.1258,  2292.3621, 1654.3939, 23.2956,  0, 0, 0
L 2292.3621, 1654.3939, 23.2956,  2280.8181, 1658.3046, 25.3701,  0, 0, 0
L 2280.8181, 1658.3046, 25.9321,  2275.1477, 1641.2581, 32.4067,  0, 0, 0
L 2275.1477, 1641.2581, 32.4067,  2276.8018, 1640.4214, 32.1841,  0, 0, 0
L 2276.8018, 1640.4214, 32.1841,  2256.6199, 1626.0162, 40.0058,  0, 0, 0
L 2399.8411, 1651.2345, 47.0584,  2427.3181, 1619.3577, 57.3722,  0, 0, 0
L 2427.3181, 1619.3577, 57.3720,  2517.7761, 1567.4702, 30.1351,  0, 0, 0
L 2517.7761, 1567.4702, 30.1351,  2567.0447, 1519.9448, 61.2282,  0, 0, 0
L 2567.0447, 1519.9448, 61.2282,  2567.0447, 1519.9448, 61.2282,  0, 0, 0
L 2567.0447, 1519.9448, 61.2282,  2654.2490, 1555.6245, 33.5445,  0, 0, 0
L 2449.7844, 1886.4609, 54.8507,  2446.2163, 1872.1383, 34.6263,  0, 0, 0
L 2446.2163, 1872.1383, 34.4387,  2428.3545, 1876.9230, 33.8116,  0, 0, 0
L 2428.3545, 1876.9230, 36.8881,  2430.1379, 1883.5757, 45.9533,  0, 0, 0
L 2430.1377, 1883.5754, 45.9527,  2359.7573, 1899.1495, 67.8046,  0, 0, 0
L 2359.7568, 1899.1478, 67.8018,  2356.6401, 1887.5155, 30.5004,  0, 0, 0
L 2356.6401, 1887.5155, 30.2665,  2338.8149, 1892.2887, 29.9036,  0, 0, 0
L 2338.8149, 1892.2887, 30.0393,  2342.4229, 1905.7570, 34.3462,  0, 0, 0
L 2344.0811, 1906.6490, 35.8982,  2349.0195, 1905.3271, 48.3606,  0, 0, 0
L 2349.0200, 1905.3270, 48.3677,  2362.9407, 1939.0618, 94.0486,  0, 0, 0
L 2363.0493, 1939.5293, 94.2609,  2373.3784, 1989.4526, 104.2034,  0, 0, 0
L 2373.3899, 1989.4484, 104.3069,  2370.6323, 1990.4523, 67.7784,  0, 0, 0
L 2370.6323, 1990.4523, 67.7784,  2361.5872, 1993.7411, 54.3295,  0, 0, 0
L 2361.5872, 1993.7411, 54.3337,  2367.8992, 2011.0830, 54.8920,  0, 0, 0
L 2367.8992, 2011.0830, 55.1491,  2378.7690, 2007.1277, 70.6843,  0, 0, 0
L 2378.7466, 2007.1360, 70.6886,  2424.5647, 2079.3286, 84.8837,  0, 0, 0
L 2424.5647, 2079.3286, 84.8837,  2431.0352, 2130.5530, 55.4940,  0, 0, 0
L 2304.3455, 2033.8717, 53.6965,  2299.0662, 2035.7930, 63.1032,  0, 0, 0
L 2299.0662, 2035.7930, 63.1032,  2362.3870, 2150.2771, 80.6096,  0, 0, 0
L 2362.3870, 2150.2771, 80.6096,  2391.7075, 2163.7075, 52.5164,  0, 0, 0
L 2304.3455, 2033.8717, 53.5289,  2298.0339, 2016.5287, 53.3805,  0, 0, 0
L 2298.0339, 2016.5287, 54.6320,  2291.0859, 2019.0532, 71.1325,  0, 0, 0
L 2291.0867, 2019.0516, 71.1232,  2257.2031, 1880.4575, 26.4399,  0, 0, 0
L 2307.5327, 1139.9426, 69.2048,  2299.1570, 1139.9438, 61.4049,  0, 0, 0
L 2299.1570, 1139.9438, 58.4903,  2299.1499, 1121.4904, 53.2023,  0, 0, 0
L 2299.1499, 1121.4904, 52.5710,  2303.9697, 1121.4904, 52.7232,  0, 0, 0
L 2303.9697, 1121.4904, 52.7232,  2351.2776, 1092.3757, 81.8166,  0, 0, 0
L 2351.2776, 1092.3757, 81.8166,  2439.4460, 1023.2211, 44.7709,  0, 0, 0
L 2439.4460, 1023.2211, 44.7709,  2468.1360, 1044.4158, 77.9321,  0, 0, 0
L 2468.1360, 1044.4158, 77.9321,  2552.2109, 965.2694, 37.8199,  0, 0, 0
L 2307.5339, 1139.9426, 69.2046,  2284.1589, 1196.9312, 80.9414,  0, 0, 0
L 2284.1589, 1196.9312, 80.9414,  2243.8125, 1260.2498, 58.5191,  0, 0, 0
L 2185.4167, 1139.4686, 55.6374,  2177.7104, 1139.4672, 57.1622,  0, 0, 0
L 2177.7104, 1139.4672, 57.1620,  2161.3889, 1163.2247, 117.8367,  0, 0, 0
L 2161.3889, 1163.2247, 117.8367,  2173.8313, 1216.4806, 66.5754,  0, 0, 0
L 2185.4167, 1139.4686, 55.0058,  2185.4163, 1121.0128, 53.2595,  0, 0, 0
L 2185.4163, 1121.0128, 52.1022,  2176.0159, 1121.0150, 54.4474,  0, 0, 0
L 2176.0159, 1121.0150, 54.4474,  2113.4878, 1090.0000, 37.6743,  0, 0, 0
L 2172.8992, 1677.8652, 64.2654,  2183.4990, 1674.0096, 42.9052,  0, 0, 0
L 2183.4990, 1674.0096, 42.5454,  2189.8105, 1691.3499, 39.6633,  0, 0, 0
L 2189.8105, 1691.3499, 39.3776,  2182.1799, 1694.1273, 46.9221,  0, 0, 0
L 2182.1799, 1694.1273, 46.9221,  2185.0896, 1769.6879, 58.7571,  0, 0, 0
L 2185.0896, 1769.6879, 58.7567,  2228.1257, 1815.0333, 17.1432,  0, 0, 0
L 2172.8757, 1677.8763, 64.3564,  2154.0266, 1631.1295, 76.6918,  0, 0, 0
L 2154.0266, 1631.1295, 76.6918,  2160.2837, 1600.8489, 54.6808,  0, 0, 0
L 2449.4202, 1886.9327, 57.0035,  2501.7361, 1903.8413, 35.9408,  0, 0, 0
P 2480.0000, -1292.0000, 73.0000,  255, 0, 0,  3,  to_Nekulos_Forest
P 3966.0000, -253.0000, 14.0000,  255, 0, 0,  3,  to_West_Freeport
P 2380.0000, 2104.0000, 51.0000,  255, 0, 0,  3,  to_North_Desert_of_Ro
P -1044.0000, 1167.0000, 40.0000,  255, 0, 0,  3,  to_Befallen
P -976.0000, 1058.0000, 43.0000,  255, 0, 0,  3,  to_Chapterhouse_of_the_Fallen_(click)
P -3666.0000, -1157.0000, 35.0000,  255, 0, 0,  3,  to_Kithicor_Forest
P 3492.0000, -180.0000, 11.0000,  240, 0, 0,  2,  Succor
P 2633.0000, 1852.0000, 33.0000,  240, 0, 0,  3,  Magnus_(Wayfarer_Camp_Port)
P -1596.0000, -726.0000, -44.0000,  255, 0, 0,  2,  Druid_Ring
P -1784.0000, -221.0000, 34.0000,  255, 0, 0,  2,  Wizard_Spire
P 2327.0000, -474.0000, 16.0000,  255, 255, 0,  2,  TRAP:_Plague
P 2706.0000, 1737.0000, 38.0000,  0, 0, 0,  2,  Soulbinder
P -2388.0000, -515.0000, -33.0000,  0, 128, 0,  2,  Maula_Fishcatcher_(Fishing)
P 2518.0000, 1585.0000, 33.0000,  0, 128, 0,  2,  RushkaDeklamoor_(Spells)
P 2541.0000, 1568.0000, 34.0000,  0, 128, 0,  2,  Entock_Malso_(Tomes)
P 2643.0000, 1564.0000, 34.0000,  0, 128, 0,  2,  Palil_Agrolm_(Spells)
P 2678.0000, 1579.0000, 37.0000,  0, 128, 0,  2,  Tallik_Jaggedfire_(Spells)
P 2691.0000, 1590.0000, 36.0000,  0, 128, 0,  2,  Bubar_(General_Vendor)
P 2826.0000, 1802.0000, 38.0000,  0, 128, 0,  2,  Celni_Pawfoot_(Beastlord_Tomes)
P 2823.0000, 1834.0000, 38.0000,  0, 128, 0,  2,  Voris_Flatblade_(Warrior_Tomes
P 2801.0000, 1871.0000, 38.0000,  0, 128, 0,  2,  Badoo_Zumlar_(Berserker_Tomes)
P 2772.0000, 1861.0000, 39.0000,  0, 128, 0,  2,  Xernic_Gutner_(Rogue_Tomes)
P 2782.0000, 1889.0000, 38.0000,  0, 128, 0,  2,  Elin_Lightblade_(paladin_Tomes)
P 2769.0000, 1904.0000, 39.0000,  0, 128, 0,  2,  Grishna_Vriensa_(Berserker_Tomes)
P 2756.0000, 1924.0000, 38.0000,  0, 128, 0,  2,  Cedric_Bramblethorn_(Ranger_Tomes)
P 2595.0000, 1965.0000, 39.0000,  0, 128, 0,  2,  Wilno_Lilin_(Monk_Tomes)
P 2613.0000, 1948.0000, 38.0000,  0, 128, 0,  2,  Olin_Helni_(Shadow_Knight_Tomes)
P -2857.0000, 561.0000, 44.0000,  0, 0, 0,  2,  Farrengen_Mithfinder
P -409.0000, -1113.0000, -1.0000,  0, 0, 0,  2,  Kathi_Norman
P 3090.0000, 12.0000, 11.0000,  0, 127, 0,  2,  Pardor_the_Blessed_(General)
P 211.0000, -172.0000, 21.0000,  0, 127, 0,  2,  Lyth_Spellstar_(Research)
P 779.0000, -458.0000, 112.0000,  0, 0, 0,  2,  Vuil_Greenwhisper
P -2324.0000, 93.0000, -31.0000,  0, 0, 0,  2,  Bealya_Tanilsuia
P -1440.0000, -402.0000, 28.0000,  0, 127, 127,  2,  a_wandering_zombie_(Mission)
P 2614.0000, 1970.0000, 39.0000,  0, 127, 127,  2,  Almon_Juliao_(Task_Master)
P 797.0000, -450.0000, 113.0000,  0, 0, 0,  2,  Metha_Wintersong
P 1369.0000, -913.0000, -7.0000,  255, 255, 255,  2,  Orc_1
P 195.0000, -702.0000, 23.0000,  255, 255, 255,  2,  Orc_2
P -3140.0000, -1080.0000, 20.0000,  255, 255, 255,  2,  Orc_3
P 1311.0000, 1035.0000, 18.0000,  255, 255, 255,  2,  Undead_Ruins
P -2188.0000, -1194.0000, 26.0000,  255, 255, 255,  2,  Broken_Claw_Bandit_Camp
P -1453.0000, -1096.0000, 65.0000,  255, 255, 255,  2,  Dervish_Cutthroat_Camp
P -1113.0000, -818.0000, 7.0000,  255, 255, 255,  2,  Undead_Tower
P 295.0000, -176.0000, 20.0000,  255, 255, 255,  2,  West_Village_#1
P -1246.0000, 225.0000, 16.0000,  255, 255, 255,  2,  West_Village_#3
P 768.0000, -1001.0000, -2.0000,  255, 255, 255,  2,  North_Inn
P 1423.0000, 372.0000, 55.0000,  255, 255, 255,  2,  South_Inn
P 2751.0000, -101.0000, 5.0000,  255, 255, 255,  2,  East_Inn
P -843.0000, 64.0000, 12.0000,  255, 255, 255,  2,  Toll_Booth
P -71.0000, 445.0000, 23.0000,  0, 0, 0,  2,  Derin_Mausrel
P -2129.0000, -284.0000, -38.0000,  0, 0, 0,  2,  Brizzenoth_Scyth
P 2522.0000, 1731.0000, 34.0000,  0, 240, 240,  2,  Luarnn_Gibbizt_(Raids)
P 2506.0000, 1711.0000, 32.0000,  0, 240, 0,  2,  Kehn_Kohski_(Adventure_Merchant)
P 3158.0000, 65.0000, 9.0000,  0, 0, 0,  2,  Rinna_LIghtshadow
P 3127.0000, -345.0000, 15.0000,  0, 127, 127,  2,  Ponila_Quickfingers_(Task_Master)
P 2672.0000, -117.0000, 5.0000,  0, 127, 0,  2,  Parthar_(Baking)
P 2825.0000, -118.0000, 4.0000,  0, 127, 127,  2,  Merra_Clayfinger_(Task_Master)
P 2756.0000, -48.0000, 6.0000,  0, 127, 0,  2,  Innkeep_Harold_(General)
P 1951.0000, -2.0000, 34.0000,  0, 0, 0,  2,  Getallan_Drakay
P 1609.0000, 363.0000, 47.0000,  0, 0, 0,  2,  Doorduden_Fallstine
P 1420.0000, 406.0000, 57.0000,  0, 127, 0,  2,  Innkeep_Juna_(General)
P 606.0000, -284.0000, 13.0000,  0, 127, 0,  2,  Romya_(General)
P 323.0000, -9.0000, 21.0000,  0, 127, 0,  2,  Altunic_Jartin_(Shields
P 377.0000, -168.0000, 21.0000,  0, 0, 0,  2,  Katha_Firespinner
P 268.0000, -227.0000, 23.0000,  0, 127, 0,  2,  Innkeep_Calen_(Bar)
P -798.0000, -327.0000, 0.0000,  0, 0, 0,  2,  Staranna_Eisley
P -1228.0000, 222.0000, 16.0000,  0, 127, 0,  2,  Innkeep_Roster_(General)
P -1267.0000, 243.0000, 14.0000,  0, 0, 0,  2,  Timtok_Tonsmith
P -1269.0000, 256.0000, 13.0000,  0, 0, 0,  2,  Ranvigoz_Tonsmith
P -1289.0000, 335.0000, 14.0000,  0, 127, 0,  2,  Parus_the_Stong_(Smithing)
P -1291.0000, 112.0000, 15.0000,  0, 127, 0,  2,  Ruby_Boxcrafter_(Satchels)
P -1640.0000, -658.0000, -45.0000,  0, 0, 0,  2,  Shadow_Treebright
P -1651.0000, -678.0000, -44.0000,  0, 0, 0,  2,  Cei_Sunjumper
P -1607.0000, -700.0000, -44.0000,  0, 127, 0,  2,  Slea_Pinewhisper_(General)
P -2236.0000, 112.0000, -28.0000,  0, 127, 0,  2,  Opal_Woodchopper_(Weapons)
P -2425.0000, 41.0000, -33.0000,  0, 127, 0,  2,  Innkeep_Olissa_(General)
P -2523.0000, 87.0000, -34.0000,  0, 127, 0,  2,  Ranon_Strongarm_(Shields)
P -3056.0000, 713.0000, 15.0000,  240, 240, 240,  2,  Shadowed_Man_Camp
P -2684.0000, -283.0000, -39.0000,  0, 0, 0,  2,  Fellentaya_Sentrk
P -2624.0000, -444.0000, -40.0000,  0, 0, 0,  2,  Simon_Aldicott
P -2387.0000, -418.0000, -37.0000,  0, 0, 0,  2,  Modren_Fishcatcher
P 3267.0000, 434.0000, 34.0000,  0, 0, 0,  2,  Greemi_Draygoon
P -2328.0000, -102.0000, -40.0000,  0, 0, 0,  2,  Mojax_Hikspin
P -2357.0000, -91.0000, -40.0000,  0, 0, 0,  2,  Skipynn_Stoneheart
P -2837.0000, -310.0000, -27.0000,  0, 0, 0,  2,  Wallin_Slyfoot
P -1440.0000, 440.0000, 4.0000,  0, 0, 0,  2,  Jahsohn_Ak'sot_(Roam)
P -435.0000, -1132.0000, -1.0000,  0, 127, 0,  2,  Bakrav_Uramis_(Tomes)
P -235.0000, -768.0000, 60.0000,  0, 0, 0,  2,  Gantran_Leafwell
P 769.0000, -1014.0000, -2.0000,  0, 127, 0,  2,  Innkeep_Dolman_(General
P 742.0000, -1009.0000, 0.0000,  0, 127, 0,  2,  Innkeep_Fenia_(Bar)
P 743.0000, -997.0000, 0.0000,  0, 0, 0,  2,  Niatra_Glimtaf
P 801.0000, -1008.0000, -3.0000,  0, 127, 0,  2,  Germe_Threadspinner_(Cloth_Armor)
P 789.0000, -996.0000, -3.0000,  0, 127, 0,  2,  Joryd_Longarms_(Fletching)
P 1320.0000, -940.0000, -20.0000,  127, 64, 0,  2,  High_Chief_Foslosas_(Named)
P 1397.0000, -935.0000, -18.0000,  127, 64, 0,  2,  High_Chief_Diedridans_(Named)
P 2722.0000, -56.0000, 4.0000,  0, 127, 0,  2,  Jelda_Needlefinger_(Tailoring)
P 2788.0000, -58.0000, 7.0000,  0, 127, 0,  2,  Innkeep_Elora_(Bar)
P 2521.0000, -158.0000, 8.0000,  0, 0, 0,  2,  Jimble_Woodentoe_(Roam)
P 1387.0000, 401.0000, 56.0000,  0, 127, 127,  2,  Loric_Weaver_(Task_Master)
P 1450.0000, 401.0000, 58.0000,  0, 127, 0,  2,  Innkeep_Leo_(Bar)
P -831.0000, 581.0000, 6.0000,  0, 127, 0,  2,  Noressa_Sparkle_(Jewelcrafting)
P 2536.0000, 1739.0000, 33.0000,  0, 127, 127,  2,  Periac_Windfell_(Group_Adventures)
P 2545.0000, 1741.0000, 33.0000,  0, 0, 0,  2,  Kayci_Strahtin
P 2559.0000, 1729.0000, 33.0000,  0, 240, 0,  2,  Uyennli_V'Drimw_(Adventure_Merchant)
P 2538.0000, 1715.0000, 32.0000,  0, 127, 0,  2,  A_Shady_Swashbuckler_(Merchant)
P 2507.0000, 1724.0000, 31.0000,  0, 240, 240,  2,  Uzmanya_Zsik_(Raid)
P 2519.0000, 1699.0000, 31.0000,  0, 240, 240,  2,  Chaenz_Abella_(Raid)
P 2557.0000, 1718.0000, 32.0000,  0, 0, 0,  2,  Barstre_Songweaver
P 2689.0000, -1002.0000, 25.0000,  0, 0, 0,  2,  Wanridor_Skymoor
P 2727.0000, -30.0000, 4.0000,  0, 0, 0,  2,  Initiate_Firansad
P 274.0000, -233.0000, 23.0000,  0, 0, 0,  2,  Stretch_the_Deadly
P 299.0000, -235.0000, 22.0000,  0, 127, 0,  2,  Innkeep_Blaise_(General)
P 329.0000, -229.0000, 21.0000,  0, 127, 0,  2,  Dena_Loommistress_(Armor)
P -1235.0000, 193.0000, 17.0000,  0, 127, 0,  2,  Innkeep_Seke_(Bar)
P -1233.0000, 255.0000, 14.0000,  0, 127, 0,  2,  Sorsha_Barrowfriend_(Armor)
P -2456.0000, 48.0000, -32.0000,  0, 127, 0,  2,  Innkeeper_Redthorn_(Bar)
P -2394.0000, 47.0000, -34.0000,  0, 127, 0,  2,  Peron_Threadspinner_(Tailoring)
