L 1000.0000, 0.0000, 0.0000,  1000.0000, -50.0000, 0.0000,  255, 0, 0
L -20.0000, 50.0000, 0.0000,  -50.0000, 20.0000, 0.0000,  255, 0, 0
L 50.0000, 20.0000, 0.0000,  20.0000, 50.0000, 0.0000,  255, 0, 0
L 20.0000, -50.0000, 0.0000,  50.0000, -20.0000, 0.0000,  255, 0, 0
L -50.0000, -20.0000, 0.0000,  -20.0000, -50.0000, 0.0000,  255, 0, 0
L -50.0000, 20.0000, 0.0000,  -50.0000, -20.0000, 0.0000,  255, 0, 0
L 20.0000, 50.0000, 0.0000,  -20.0000, 50.0000, 0.0000,  255, 0, 0
L 50.0000, -20.0000, 0.0000,  50.0000, 20.0000, 0.0000,  255, 0, 0
L -20.0000, -50.0000, 0.0000,  20.0000, -50.0000, 0.0000,  255, 0, 0
L 580.0000, -20.0000, 0.0000,  540.0000, -20.0000, 0.0000,  255, 0, 0
L 580.0000, -90.0000, 0.0000,  580.0000, -20.0000, 0.0000,  255, 0, 0
L 540.0000, -90.0000, 0.0000,  580.0000, -90.0000, 0.0000,  255, 0, 0
L 540.0000, -20.0000, 0.0000,  540.0000, -90.0000, 0.0000,  255, 0, 0
L 520.0000, -20.0000, 0.0000,  480.0000, -20.0000, 0.0000,  255, 0, 0
L 520.0000, -90.0000, 0.0000,  520.0000, -20.0000, 0.0000,  255, 0, 0
L 480.0000, -90.0000, 0.0000,  520.0000, -90.0000, 0.0000,  255, 0, 0
L 480.0000, -20.0000, 0.0000,  480.0000, -90.0000, 0.0000,  255, 0, 0
L 460.0000, -90.0000, 0.0000,  450.0000, -80.0000, 0.0000,  255, 0, 0
L 460.0000, -20.0000, 0.0000,  460.0000, -90.0000, 0.0000,  255, 0, 0
L 0.0000, -250.0000, 0.0000,  0.0000, 250.0000, 0.0000,  255, 0, 0
L -250.0000, 0.0000, 0.0000,  1000.0000, 0.0000, 0.0000,  255, 0, 0
L -120.0000, -80.0000, 0.0000,  -120.0000, -60.0000, 0.0000,  255, 0, 0
L -120.0000, -60.0000, 0.0000,  -120.0000, -40.0000, 0.0000,  255, 0, 0
L -100.0000, -60.0000, 0.0000,  -120.0000, -60.0000, 0.0000,  255, 0, 0
L -120.0000, -60.0000, 0.0000,  -140.0000, -60.0000, 0.0000,  255, 0, 0
L -90.0000, -50.0000, 0.0000,  -100.0000, -30.0000, 0.0000,  255, 0, 0
L -60.0000, -80.0000, 0.0000,  -60.0000, -60.0000, 0.0000,  255, 0, 0
L -60.0000, -60.0000, 0.0000,  -60.0000, -40.0000, 0.0000,  255, 0, 0
L -40.0000, -60.0000, 0.0000,  -60.0000, -60.0000, 0.0000,  255, 0, 0
L -60.0000, -60.0000, 0.0000,  -80.0000, -60.0000, 0.0000,  255, 0, 0
L 100.0000, 60.0000, 0.0000,  120.0000, 60.0000, 0.0000,  255, 0, 0
L 120.0000, 60.0000, 0.0000,  140.0000, 60.0000, 0.0000,  255, 0, 0
L 90.0000, 70.0000, 0.0000,  80.0000, 90.0000, 0.0000,  255, 0, 0
L 40.0000, 60.0000, 0.0000,  60.0000, 60.0000, 0.0000,  255, 0, 0
L 60.0000, 60.0000, 0.0000,  80.0000, 60.0000, 0.0000,  255, 0, 0
L -100.0000, 60.0000, 0.0000,  -120.0000, 60.0000, 0.0000,  255, 0, 0
L -120.0000, 60.0000, 0.0000,  -140.0000, 60.0000, 0.0000,  255, 0, 0
L -90.0000, 70.0000, 0.0000,  -100.0000, 90.0000, 0.0000,  255, 0, 0
L -60.0000, 80.0000, 0.0000,  -60.0000, 60.0000, 0.0000,  255, 0, 0
L -60.0000, 60.0000, 0.0000,  -60.0000, 40.0000, 0.0000,  255, 0, 0
L -40.0000, 60.0000, 0.0000,  -60.0000, 60.0000, 0.0000,  255, 0, 0
L -60.0000, 60.0000, 0.0000,  -80.0000, 60.0000, 0.0000,  255, 0, 0
L 100.0000, -60.0000, 0.0000,  120.0000, -60.0000, 0.0000,  255, 0, 0
L 120.0000, -60.0000, 0.0000,  140.0000, -60.0000, 0.0000,  255, 0, 0
L 90.0000, -50.0000, 0.0000,  80.0000, -30.0000, 0.0000,  255, 0, 0
L 60.0000, -80.0000, 0.0000,  60.0000, -60.0000, 0.0000,  255, 0, 0
L 60.0000, -60.0000, 0.0000,  60.0000, -40.0000, 0.0000,  255, 0, 0
L 40.0000, -60.0000, 0.0000,  60.0000, -60.0000, 0.0000,  255, 0, 0
L 60.0000, -60.0000, 0.0000,  80.0000, -60.0000, 0.0000,  255, 0, 0
L 599.0000, -90.0000, 0.0000,  637.3000, -90.0000, 0.0000,  255, 0, 0
L 599.0000, -20.0000, 0.0000,  637.3000, -20.0000, 0.0000,  255, 0, 0
L 599.0000, -90.0000, 0.0000,  599.0000, -20.0000, 0.0000,  255, 0, 0
L 637.3000, -90.0000, 0.0000,  637.3000, -20.0000, 0.0000,  255, 0, 0
L 2400.0000, 2000.0000, 0.0000,  2400.0000, 2060.0000, 0.0000,  0, 0, 0
L 2440.0000, 2060.0000, 0.0000,  2400.0000, 2060.0000, 0.0000,  0, 0, 0
L 2460.0000, 2030.0000, 0.0000,  2490.0000, 2030.0000, 0.0000,  0, 0, 0
L 2460.0000, 2060.0000, 0.0000,  2490.0000, 2060.0000, 0.0000,  0, 0, 0
L 2460.0000, 2000.0000, 0.0000,  2460.0000, 2060.0000, 0.0000,  0, 0, 0
L 2490.0000, 2000.0000, 0.0000,  2460.0000, 2000.0000, 0.0000,  0, 0, 0
L 2540.0000, 2060.0000, 0.0000,  2510.0000, 2060.0000, 0.0000,  0, 0, 0
L 2510.0000, 2000.0000, 0.0000,  2540.0000, 2000.0000, 0.0000,  0, 0, 0
L 2510.0000, 2060.0000, 0.0000,  2510.0000, 2000.0000, 0.0000,  0, 0, 0
L 2540.0000, 2060.0000, 0.0000,  2540.0000, 2030.0000, 0.0000,  0, 0, 0
L 2540.0000, 2030.0000, 0.0000,  2520.0000, 2030.0000, 0.0000,  0, 0, 0
L 2560.0000, 2030.0000, 0.0000,  2590.0000, 2030.0000, 0.0000,  0, 0, 0
L 2560.0000, 2060.0000, 0.0000,  2590.0000, 2060.0000, 0.0000,  0, 0, 0
L 2560.0000, 2000.0000, 0.0000,  2560.0000, 2060.0000, 0.0000,  0, 0, 0
L 2590.0000, 2000.0000, 0.0000,  2560.0000, 2000.0000, 0.0000,  0, 0, 0
L 2640.0000, 2060.0000, 0.0000,  2640.0000, 2000.0000, 0.0000,  0, 0, 0
L 2610.0000, 2000.0000, 0.0000,  2640.0000, 2060.0000, 0.0000,  0, 0, 0
L 2610.0000, 2060.0000, 0.0000,  2610.0000, 2000.0000, 0.0000,  0, 0, 0
L 2670.0000, 2060.0000, 0.0000,  2670.0000, 2000.0000, 0.0000,  0, 0, 0
L 2680.0000, 2060.0000, 0.0000,  2660.0000, 2060.0000, 0.0000,  0, 0, 0
L 2690.0000, 2030.0000, 0.0000,  2680.0000, 2060.0000, 0.0000,  0, 0, 0
L 2680.0000, 2000.0000, 0.0000,  2690.0000, 2030.0000, 0.0000,  0, 0, 0
L 2660.0000, 2000.0000, 0.0000,  2680.0000, 2000.0000, 0.0000,  0, 0, 0
L 2400.0000, 2170.0000, 0.0000,  2460.0000, 2170.0000, 0.0000,  0, 0, 0
L 2400.0000, 2090.0000, 0.0000,  2460.0000, 2090.0000, 0.0000,  0, 0, 0
L 2430.0000, 2143.0000, 0.0000,  2430.0000, 2117.0000, 0.0000,  205, 133, 63
L 2460.0000, 2170.0000, 0.0000,  2520.0000, 2170.0000, 0.0000,  0, 0, 0
L 2460.0000, 2170.0000, 0.0000,  2460.0000, 2143.0000, 0.0000,  205, 133, 63
L 2430.0000, 2143.0000, 0.0000,  2490.0000, 2143.0000, 0.0000,  205, 133, 63
L 2430.0000, 2117.0000, 0.0000,  2460.0000, 2117.0000, 0.0000,  205, 133, 63
L 2460.0000, 2117.0000, 0.0000,  2490.0000, 2117.0000, 0.0000,  205, 133, 63
L 2460.0000, 2090.0000, 0.0000,  2520.0000, 2090.0000, 0.0000,  0, 0, 0
L 2460.0000, 2117.0000, 0.0000,  2460.0000, 2090.0000, 0.0000,  205, 133, 63
L 2490.0000, 2143.0000, 0.0000,  2490.0000, 2117.0000, 0.0000,  205, 133, 63
L 2570.0000, 2160.0000, 0.0000,  2570.0000, 2100.0000, 0.0000,  0, 0, 0
L 2580.0000, 2160.0000, 0.0000,  2560.0000, 2160.0000, 0.0000,  0, 0, 0
L 2590.0000, 2130.0000, 0.0000,  2580.0000, 2160.0000, 0.0000,  0, 0, 0
L 2580.0000, 2100.0000, 0.0000,  2590.0000, 2130.0000, 0.0000,  0, 0, 0
L 2560.0000, 2100.0000, 0.0000,  2580.0000, 2100.0000, 0.0000,  0, 0, 0
L 2610.0000, 2100.0000, 0.0000,  2640.0000, 2100.0000, 0.0000,  0, 0, 0
L 2610.0000, 2160.0000, 0.0000,  2640.0000, 2160.0000, 0.0000,  0, 0, 0
L 2610.0000, 2100.0000, 0.0000,  2610.0000, 2160.0000, 0.0000,  0, 0, 0
L 2640.0000, 2100.0000, 0.0000,  2640.0000, 2160.0000, 0.0000,  0, 0, 0
L 2660.0000, 2100.0000, 0.0000,  2690.0000, 2100.0000, 0.0000,  0, 0, 0
L 2660.0000, 2160.0000, 0.0000,  2690.0000, 2160.0000, 0.0000,  0, 0, 0
L 2660.0000, 2100.0000, 0.0000,  2660.0000, 2160.0000, 0.0000,  0, 0, 0
L 2690.0000, 2100.0000, 0.0000,  2690.0000, 2160.0000, 0.0000,  0, 0, 0
L 2710.0000, 2100.0000, 0.0000,  2710.0000, 2130.0000, 0.0000,  0, 0, 0
L 2710.0000, 2130.0000, 0.0000,  2710.0000, 2160.0000, 0.0000,  0, 0, 0
L 2710.0000, 2130.0000, 0.0000,  2730.0000, 2130.0000, 0.0000,  0, 0, 0
L 2750.0000, 2130.0000, 0.0000,  2750.0000, 2100.0000, 0.0000,  0, 0, 0
L 2710.0000, 2100.0000, 0.0000,  2750.0000, 2100.0000, 0.0000,  0, 0, 0
L 2730.0000, 2130.0000, 0.0000,  2750.0000, 2130.0000, 0.0000,  0, 0, 0
L 2750.0000, 2160.0000, 0.0000,  2730.0000, 2130.0000, 0.0000,  0, 0, 0
L 2400.0000, 2210.0000, 0.0000,  2400.0000, 2240.0000, 0.0000,  255, 210, 0
L 2400.0000, 2210.0000, 0.0000,  2420.0000, 2210.0000, 0.0000,  255, 210, 0
L 2420.0000, 2270.0000, 0.0000,  2400.0000, 2270.0000, 0.0000,  255, 210, 0
L 2400.0000, 2240.0000, 0.0000,  2400.0000, 2270.0000, 0.0000,  255, 210, 0
L 2420.0000, 2240.0000, 0.0000,  2400.0000, 2240.0000, 0.0000,  255, 210, 0
L 2420.0000, 2240.0000, 0.0000,  2440.0000, 2225.0000, 0.0000,  255, 210, 0
L 2420.0000, 2210.0000, 0.0000,  2440.0000, 2225.0000, 0.0000,  255, 210, 0
L 2420.0000, 2240.0000, 0.0000,  2440.0000, 2255.0000, 0.0000,  255, 210, 0
L 2440.0000, 2255.0000, 0.0000,  2420.0000, 2270.0000, 0.0000,  255, 210, 0
L 2470.0000, 2240.0000, 0.0000,  2490.0000, 2240.0000, 0.0000,  255, 210, 0
L 2480.0000, 2210.0000, 0.0000,  2500.0000, 2270.0000, 0.0000,  255, 210, 0
L 2460.0000, 2270.0000, 0.0000,  2480.0000, 2210.0000, 0.0000,  255, 210, 0
L 2550.0000, 2270.0000, 0.0000,  2550.0000, 2210.0000, 0.0000,  255, 210, 0
L 2520.0000, 2210.0000, 0.0000,  2550.0000, 2270.0000, 0.0000,  255, 210, 0
L 2520.0000, 2270.0000, 0.0000,  2520.0000, 2210.0000, 0.0000,  255, 210, 0
L 2570.0000, 2210.0000, 0.0000,  2570.0000, 2240.0000, 0.0000,  255, 210, 0
L 2570.0000, 2240.0000, 0.0000,  2570.0000, 2270.0000, 0.0000,  255, 210, 0
L 2570.0000, 2240.0000, 0.0000,  2610.0000, 2270.0000, 0.0000,  255, 210, 0
L 2570.0000, 2240.0000, 0.0000,  2610.0000, 2210.0000, 0.0000,  255, 210, 0
L 2630.0000, 2240.0000, 0.0000,  2660.0000, 2240.0000, 0.0000,  255, 210, 0
L 2630.0000, 2270.0000, 0.0000,  2660.0000, 2270.0000, 0.0000,  255, 210, 0
L 2630.0000, 2210.0000, 0.0000,  2630.0000, 2270.0000, 0.0000,  255, 210, 0
L 2660.0000, 2210.0000, 0.0000,  2630.0000, 2210.0000, 0.0000,  255, 210, 0
L 2680.0000, 2210.0000, 0.0000,  2680.0000, 2240.0000, 0.0000,  255, 210, 0
L 2680.0000, 2240.0000, 0.0000,  2680.0000, 2270.0000, 0.0000,  255, 210, 0
L 2680.0000, 2240.0000, 0.0000,  2700.0000, 2240.0000, 0.0000,  255, 210, 0
L 2720.0000, 2240.0000, 0.0000,  2720.0000, 2210.0000, 0.0000,  255, 210, 0
L 2680.0000, 2210.0000, 0.0000,  2720.0000, 2210.0000, 0.0000,  255, 210, 0
L 2700.0000, 2240.0000, 0.0000,  2720.0000, 2240.0000, 0.0000,  255, 210, 0
L 2720.0000, 2270.0000, 0.0000,  2700.0000, 2240.0000, 0.0000,  255, 210, 0
L 2430.0000, 2360.0000, 0.0000,  2400.0000, 2360.0000, 0.0000,  255, 255, 255
L 2400.0000, 2300.0000, 0.0000,  2430.0000, 2300.0000, 0.0000,  255, 255, 255
L 2400.0000, 2360.0000, 0.0000,  2400.0000, 2300.0000, 0.0000,  255, 255, 255
L 2450.0000, 2300.0000, 0.0000,  2480.0000, 2300.0000, 0.0000,  255, 255, 255
L 2450.0000, 2360.0000, 0.0000,  2480.0000, 2360.0000, 0.0000,  255, 255, 255
L 2450.0000, 2300.0000, 0.0000,  2450.0000, 2360.0000, 0.0000,  255, 255, 255
L 2480.0000, 2300.0000, 0.0000,  2480.0000, 2360.0000, 0.0000,  255, 255, 255
L 2540.0000, 2300.0000, 0.0000,  2540.0000, 2360.0000, 0.0000,  255, 255, 255
L 2520.0000, 2330.0000, 0.0000,  2540.0000, 2300.0000, 0.0000,  255, 255, 255
L 2500.0000, 2300.0000, 0.0000,  2520.0000, 2330.0000, 0.0000,  255, 255, 255
L 2500.0000, 2360.0000, 0.0000,  2500.0000, 2300.0000, 0.0000,  255, 255, 255
L 2600.0000, 2300.0000, 0.0000,  2600.0000, 2360.0000, 0.0000,  255, 255, 255
L 2580.0000, 2330.0000, 0.0000,  2600.0000, 2300.0000, 0.0000,  255, 255, 255
L 2560.0000, 2300.0000, 0.0000,  2580.0000, 2330.0000, 0.0000,  255, 255, 255
L 2560.0000, 2360.0000, 0.0000,  2560.0000, 2300.0000, 0.0000,  255, 255, 255
L 2620.0000, 2330.0000, 0.0000,  2650.0000, 2330.0000, 0.0000,  255, 255, 255
L 2620.0000, 2360.0000, 0.0000,  2650.0000, 2360.0000, 0.0000,  255, 255, 255
L 2620.0000, 2300.0000, 0.0000,  2620.0000, 2360.0000, 0.0000,  255, 255, 255
L 2650.0000, 2300.0000, 0.0000,  2620.0000, 2300.0000, 0.0000,  255, 255, 255
L 2700.0000, 2360.0000, 0.0000,  2700.0000, 2300.0000, 0.0000,  255, 255, 255
L 2670.0000, 2300.0000, 0.0000,  2700.0000, 2360.0000, 0.0000,  255, 255, 255
L 2670.0000, 2360.0000, 0.0000,  2670.0000, 2300.0000, 0.0000,  255, 255, 255
L 2740.0000, 2300.0000, 0.0000,  2740.0000, 2360.0000, 0.0000,  255, 255, 255
L 2720.0000, 2300.0000, 0.0000,  2760.0000, 2300.0000, 0.0000,  255, 255, 255
L 2430.0000, 2450.0000, 0.0000,  2400.0000, 2450.0000, 0.0000,  0, 0, 0
L 2400.0000, 2390.0000, 0.0000,  2430.0000, 2390.0000, 0.0000,  0, 0, 0
L 2400.0000, 2450.0000, 0.0000,  2400.0000, 2390.0000, 0.0000,  0, 0, 0
L 2430.0000, 2450.0000, 0.0000,  2430.0000, 2420.0000, 0.0000,  0, 0, 0
L 2430.0000, 2420.0000, 0.0000,  2410.0000, 2420.0000, 0.0000,  0, 0, 0
L 2450.0000, 2420.0000, 0.0000,  2480.0000, 2420.0000, 0.0000,  0, 0, 0
L 2450.0000, 2450.0000, 0.0000,  2480.0000, 2450.0000, 0.0000,  0, 0, 0
L 2450.0000, 2390.0000, 0.0000,  2450.0000, 2450.0000, 0.0000,  0, 0, 0
L 2480.0000, 2390.0000, 0.0000,  2450.0000, 2390.0000, 0.0000,  0, 0, 0
L 2530.0000, 2450.0000, 0.0000,  2530.0000, 2390.0000, 0.0000,  0, 0, 0
L 2500.0000, 2390.0000, 0.0000,  2530.0000, 2450.0000, 0.0000,  0, 0, 0
L 2500.0000, 2450.0000, 0.0000,  2500.0000, 2390.0000, 0.0000,  0, 0, 0
L 2550.0000, 2420.0000, 0.0000,  2580.0000, 2420.0000, 0.0000,  0, 0, 0
L 2550.0000, 2450.0000, 0.0000,  2580.0000, 2450.0000, 0.0000,  0, 0, 0
L 2550.0000, 2390.0000, 0.0000,  2550.0000, 2450.0000, 0.0000,  0, 0, 0
L 2580.0000, 2390.0000, 0.0000,  2550.0000, 2390.0000, 0.0000,  0, 0, 0
L 2600.0000, 2390.0000, 0.0000,  2600.0000, 2420.0000, 0.0000,  0, 0, 0
L 2600.0000, 2420.0000, 0.0000,  2600.0000, 2450.0000, 0.0000,  0, 0, 0
L 2600.0000, 2420.0000, 0.0000,  2620.0000, 2420.0000, 0.0000,  0, 0, 0
L 2640.0000, 2420.0000, 0.0000,  2640.0000, 2390.0000, 0.0000,  0, 0, 0
L 2600.0000, 2390.0000, 0.0000,  2640.0000, 2390.0000, 0.0000,  0, 0, 0
L 2620.0000, 2420.0000, 0.0000,  2640.0000, 2420.0000, 0.0000,  0, 0, 0
L 2640.0000, 2450.0000, 0.0000,  2620.0000, 2420.0000, 0.0000,  0, 0, 0
L 2670.0000, 2420.0000, 0.0000,  2690.0000, 2420.0000, 0.0000,  0, 0, 0
L 2680.0000, 2390.0000, 0.0000,  2700.0000, 2450.0000, 0.0000,  0, 0, 0
L 2660.0000, 2450.0000, 0.0000,  2680.0000, 2390.0000, 0.0000,  0, 0, 0
L 2720.0000, 2390.0000, 0.0000,  2720.0000, 2450.0000, 0.0000,  0, 0, 0
L 2760.0000, 2450.0000, 0.0000,  2720.0000, 2450.0000, 0.0000,  0, 0, 0
L 2430.0000, 2540.0000, 0.0000,  2400.0000, 2540.0000, 0.0000,  0, 0, 255
L 2400.0000, 2480.0000, 0.0000,  2430.0000, 2480.0000, 0.0000,  0, 0, 255
L 2400.0000, 2540.0000, 0.0000,  2400.0000, 2480.0000, 0.0000,  0, 0, 255
L 2430.0000, 2540.0000, 0.0000,  2430.0000, 2510.0000, 0.0000,  0, 0, 255
L 2430.0000, 2510.0000, 0.0000,  2410.0000, 2510.0000, 0.0000,  0, 0, 255
L 2450.0000, 2480.0000, 0.0000,  2450.0000, 2510.0000, 0.0000,  0, 0, 255
L 2450.0000, 2510.0000, 0.0000,  2450.0000, 2540.0000, 0.0000,  0, 0, 255
L 2450.0000, 2510.0000, 0.0000,  2470.0000, 2510.0000, 0.0000,  0, 0, 255
L 2490.0000, 2510.0000, 0.0000,  2490.0000, 2480.0000, 0.0000,  0, 0, 255
L 2450.0000, 2480.0000, 0.0000,  2490.0000, 2480.0000, 0.0000,  0, 0, 255
L 2470.0000, 2510.0000, 0.0000,  2490.0000, 2510.0000, 0.0000,  0, 0, 255
L 2490.0000, 2540.0000, 0.0000,  2470.0000, 2510.0000, 0.0000,  0, 0, 255
L 2510.0000, 2480.0000, 0.0000,  2540.0000, 2480.0000, 0.0000,  0, 0, 255
L 2510.0000, 2540.0000, 0.0000,  2540.0000, 2540.0000, 0.0000,  0, 0, 255
L 2510.0000, 2480.0000, 0.0000,  2510.0000, 2540.0000, 0.0000,  0, 0, 255
L 2540.0000, 2480.0000, 0.0000,  2540.0000, 2540.0000, 0.0000,  0, 0, 255
L 2600.0000, 2480.0000, 0.0000,  2600.0000, 2540.0000, 0.0000,  0, 0, 255
L 2560.0000, 2480.0000, 0.0000,  2560.0000, 2540.0000, 0.0000,  0, 0, 255
L 2560.0000, 2540.0000, 0.0000,  2600.0000, 2540.0000, 0.0000,  0, 0, 255
L 2650.0000, 2540.0000, 0.0000,  2650.0000, 2480.0000, 0.0000,  0, 0, 255
L 2620.0000, 2480.0000, 0.0000,  2650.0000, 2540.0000, 0.0000,  0, 0, 255
L 2620.0000, 2540.0000, 0.0000,  2620.0000, 2480.0000, 0.0000,  0, 0, 255
L 2680.0000, 2540.0000, 0.0000,  2680.0000, 2480.0000, 0.0000,  0, 0, 255
L 2690.0000, 2540.0000, 0.0000,  2670.0000, 2540.0000, 0.0000,  0, 0, 255
L 2700.0000, 2510.0000, 0.0000,  2690.0000, 2540.0000, 0.0000,  0, 0, 255
L 2690.0000, 2480.0000, 0.0000,  2700.0000, 2510.0000, 0.0000,  0, 0, 255
L 2670.0000, 2480.0000, 0.0000,  2690.0000, 2480.0000, 0.0000,  0, 0, 255
L 2780.0000, 2480.0000, 0.0000,  2780.0000, 2510.0000, 0.0000,  0, 0, 255
L 2780.0000, 2540.0000, 0.0000,  2820.0000, 2540.0000, 0.0000,  0, 0, 255
L 2820.0000, 2510.0000, 0.0000,  2780.0000, 2510.0000, 0.0000,  0, 0, 255
L 2780.0000, 2480.0000, 0.0000,  2820.0000, 2480.0000, 0.0000,  0, 0, 255
L 2820.0000, 2510.0000, 0.0000,  2820.0000, 2540.0000, 0.0000,  0, 0, 255
L 2870.0000, 2510.0000, 0.0000,  2840.0000, 2510.0000, 0.0000,  0, 0, 255
L 2870.0000, 2480.0000, 0.0000,  2870.0000, 2510.0000, 0.0000,  0, 0, 255
L 2840.0000, 2480.0000, 0.0000,  2870.0000, 2480.0000, 0.0000,  0, 0, 255
L 2840.0000, 2540.0000, 0.0000,  2840.0000, 2480.0000, 0.0000,  0, 0, 255
L 2900.0000, 2510.0000, 0.0000,  2920.0000, 2510.0000, 0.0000,  0, 0, 255
L 2910.0000, 2480.0000, 0.0000,  2930.0000, 2540.0000, 0.0000,  0, 0, 255
L 2890.0000, 2540.0000, 0.0000,  2910.0000, 2480.0000, 0.0000,  0, 0, 255
L 2980.0000, 2540.0000, 0.0000,  2990.0000, 2480.0000, 0.0000,  0, 0, 255
L 2970.0000, 2510.0000, 0.0000,  2980.0000, 2540.0000, 0.0000,  0, 0, 255
L 2960.0000, 2540.0000, 0.0000,  2970.0000, 2510.0000, 0.0000,  0, 0, 255
L 2950.0000, 2480.0000, 0.0000,  2960.0000, 2540.0000, 0.0000,  0, 0, 255
L 3040.0000, 2540.0000, 0.0000,  3040.0000, 2480.0000, 0.0000,  0, 0, 255
L 3010.0000, 2480.0000, 0.0000,  3040.0000, 2540.0000, 0.0000,  0, 0, 255
L 3010.0000, 2540.0000, 0.0000,  3010.0000, 2480.0000, 0.0000,  0, 0, 255
L 2430.0000, 2630.0000, 0.0000,  2400.0000, 2630.0000, 0.0000,  128, 128, 128
L 2400.0000, 2570.0000, 0.0000,  2430.0000, 2570.0000, 0.0000,  128, 128, 128
L 2400.0000, 2630.0000, 0.0000,  2400.0000, 2570.0000, 0.0000,  128, 128, 128
L 2430.0000, 2630.0000, 0.0000,  2430.0000, 2600.0000, 0.0000,  128, 128, 128
L 2430.0000, 2600.0000, 0.0000,  2410.0000, 2600.0000, 0.0000,  128, 128, 128
L 2490.0000, 2570.0000, 0.0000,  2490.0000, 2630.0000, 0.0000,  128, 128, 128
L 2450.0000, 2570.0000, 0.0000,  2450.0000, 2630.0000, 0.0000,  128, 128, 128
L 2450.0000, 2630.0000, 0.0000,  2490.0000, 2630.0000, 0.0000,  128, 128, 128
L 2510.0000, 2570.0000, 0.0000,  2510.0000, 2630.0000, 0.0000,  128, 128, 128
L 2530.0000, 2570.0000, 0.0000,  2530.0000, 2630.0000, 0.0000,  128, 128, 128
L 2570.0000, 2630.0000, 0.0000,  2530.0000, 2630.0000, 0.0000,  128, 128, 128
L 2600.0000, 2630.0000, 0.0000,  2600.0000, 2570.0000, 0.0000,  128, 128, 128
L 2610.0000, 2630.0000, 0.0000,  2590.0000, 2630.0000, 0.0000,  128, 128, 128
L 2620.0000, 2600.0000, 0.0000,  2610.0000, 2630.0000, 0.0000,  128, 128, 128
L 2610.0000, 2570.0000, 0.0000,  2620.0000, 2600.0000, 0.0000,  128, 128, 128
L 2590.0000, 2570.0000, 0.0000,  2610.0000, 2570.0000, 0.0000,  128, 128, 128
L 2740.0000, 2570.0000, 0.0000,  2740.0000, 2630.0000, 0.0000,  128, 128, 128
L 2720.0000, 2600.0000, 0.0000,  2740.0000, 2570.0000, 0.0000,  128, 128, 128
L 2700.0000, 2570.0000, 0.0000,  2720.0000, 2600.0000, 0.0000,  128, 128, 128
L 2700.0000, 2630.0000, 0.0000,  2700.0000, 2570.0000, 0.0000,  128, 128, 128
L 2770.0000, 2600.0000, 0.0000,  2790.0000, 2600.0000, 0.0000,  128, 128, 128
L 2780.0000, 2570.0000, 0.0000,  2800.0000, 2630.0000, 0.0000,  128, 128, 128
L 2760.0000, 2630.0000, 0.0000,  2780.0000, 2570.0000, 0.0000,  128, 128, 128
L 2820.0000, 2570.0000, 0.0000,  2820.0000, 2600.0000, 0.0000,  128, 128, 128
L 2820.0000, 2630.0000, 0.0000,  2860.0000, 2630.0000, 0.0000,  128, 128, 128
L 2860.0000, 2600.0000, 0.0000,  2820.0000, 2600.0000, 0.0000,  128, 128, 128
L 2820.0000, 2570.0000, 0.0000,  2860.0000, 2570.0000, 0.0000,  128, 128, 128
L 2860.0000, 2600.0000, 0.0000,  2860.0000, 2630.0000, 0.0000,  128, 128, 128
L 2900.0000, 2570.0000, 0.0000,  2900.0000, 2630.0000, 0.0000,  128, 128, 128
L 2880.0000, 2570.0000, 0.0000,  2920.0000, 2570.0000, 0.0000,  128, 128, 128
L 2940.0000, 2600.0000, 0.0000,  2970.0000, 2600.0000, 0.0000,  128, 128, 128
L 2940.0000, 2630.0000, 0.0000,  2970.0000, 2630.0000, 0.0000,  128, 128, 128
L 2940.0000, 2570.0000, 0.0000,  2940.0000, 2630.0000, 0.0000,  128, 128, 128
L 2970.0000, 2570.0000, 0.0000,  2940.0000, 2570.0000, 0.0000,  128, 128, 128
L 2990.0000, 2570.0000, 0.0000,  2990.0000, 2600.0000, 0.0000,  128, 128, 128
L 2990.0000, 2600.0000, 0.0000,  2990.0000, 2630.0000, 0.0000,  128, 128, 128
L 2990.0000, 2600.0000, 0.0000,  3010.0000, 2600.0000, 0.0000,  128, 128, 128
L 3030.0000, 2600.0000, 0.0000,  3030.0000, 2570.0000, 0.0000,  128, 128, 128
L 2990.0000, 2570.0000, 0.0000,  3030.0000, 2570.0000, 0.0000,  128, 128, 128
L 3010.0000, 2600.0000, 0.0000,  3030.0000, 2600.0000, 0.0000,  128, 128, 128
L 3030.0000, 2630.0000, 0.0000,  3010.0000, 2600.0000, 0.0000,  128, 128, 128
L 2400.0000, 2660.0000, 0.0000,  2400.0000, 2690.0000, 0.0000,  127, 64, 0
L 2440.0000, 2720.0000, 0.0000,  2440.0000, 2690.0000, 0.0000,  127, 64, 0
L 2400.0000, 2690.0000, 0.0000,  2400.0000, 2720.0000, 0.0000,  127, 64, 0
L 2440.0000, 2690.0000, 0.0000,  2440.0000, 2660.0000, 0.0000,  127, 64, 0
L 2400.0000, 2690.0000, 0.0000,  2440.0000, 2690.0000, 0.0000,  127, 64, 0
L 2500.0000, 2660.0000, 0.0000,  2500.0000, 2720.0000, 0.0000,  127, 64, 0
L 2460.0000, 2660.0000, 0.0000,  2460.0000, 2720.0000, 0.0000,  127, 64, 0
L 2460.0000, 2720.0000, 0.0000,  2500.0000, 2720.0000, 0.0000,  127, 64, 0
L 2550.0000, 2720.0000, 0.0000,  2550.0000, 2660.0000, 0.0000,  127, 64, 0
L 2520.0000, 2660.0000, 0.0000,  2550.0000, 2720.0000, 0.0000,  127, 64, 0
L 2520.0000, 2720.0000, 0.0000,  2520.0000, 2660.0000, 0.0000,  127, 64, 0
L 2590.0000, 2660.0000, 0.0000,  2590.0000, 2720.0000, 0.0000,  127, 64, 0
L 2570.0000, 2660.0000, 0.0000,  2610.0000, 2660.0000, 0.0000,  127, 64, 0
L 2630.0000, 2690.0000, 0.0000,  2660.0000, 2690.0000, 0.0000,  127, 64, 0
L 2630.0000, 2720.0000, 0.0000,  2660.0000, 2720.0000, 0.0000,  127, 64, 0
L 2630.0000, 2660.0000, 0.0000,  2630.0000, 2720.0000, 0.0000,  127, 64, 0
L 2660.0000, 2660.0000, 0.0000,  2630.0000, 2660.0000, 0.0000,  127, 64, 0
L 2680.0000, 2660.0000, 0.0000,  2680.0000, 2690.0000, 0.0000,  127, 64, 0
L 2680.0000, 2690.0000, 0.0000,  2680.0000, 2720.0000, 0.0000,  127, 64, 0
L 2680.0000, 2690.0000, 0.0000,  2700.0000, 2690.0000, 0.0000,  127, 64, 0
L 2720.0000, 2690.0000, 0.0000,  2720.0000, 2660.0000, 0.0000,  127, 64, 0
L 2680.0000, 2660.0000, 0.0000,  2720.0000, 2660.0000, 0.0000,  127, 64, 0
L 2700.0000, 2690.0000, 0.0000,  2720.0000, 2690.0000, 0.0000,  127, 64, 0
L 2720.0000, 2720.0000, 0.0000,  2700.0000, 2690.0000, 0.0000,  127, 64, 0
L 2440.0000, 2750.0000, 0.0000,  2440.0000, 2810.0000, 0.0000,  0, 127, 0
L 2420.0000, 2780.0000, 0.0000,  2440.0000, 2750.0000, 0.0000,  0, 127, 0
L 2400.0000, 2750.0000, 0.0000,  2420.0000, 2780.0000, 0.0000,  0, 127, 0
L 2400.0000, 2810.0000, 0.0000,  2400.0000, 2750.0000, 0.0000,  0, 127, 0
L 2460.0000, 2780.0000, 0.0000,  2490.0000, 2780.0000, 0.0000,  0, 127, 0
L 2460.0000, 2810.0000, 0.0000,  2490.0000, 2810.0000, 0.0000,  0, 127, 0
L 2460.0000, 2750.0000, 0.0000,  2460.0000, 2810.0000, 0.0000,  0, 127, 0
L 2490.0000, 2750.0000, 0.0000,  2460.0000, 2750.0000, 0.0000,  0, 127, 0
L 2510.0000, 2750.0000, 0.0000,  2510.0000, 2780.0000, 0.0000,  0, 127, 0
L 2510.0000, 2780.0000, 0.0000,  2510.0000, 2810.0000, 0.0000,  0, 127, 0
L 2510.0000, 2780.0000, 0.0000,  2530.0000, 2780.0000, 0.0000,  0, 127, 0
L 2550.0000, 2780.0000, 0.0000,  2550.0000, 2750.0000, 0.0000,  0, 127, 0
L 2510.0000, 2750.0000, 0.0000,  2550.0000, 2750.0000, 0.0000,  0, 127, 0
L 2530.0000, 2780.0000, 0.0000,  2550.0000, 2780.0000, 0.0000,  0, 127, 0
L 2550.0000, 2810.0000, 0.0000,  2530.0000, 2780.0000, 0.0000,  0, 127, 0
L 2600.0000, 2810.0000, 0.0000,  2570.0000, 2810.0000, 0.0000,  0, 127, 0
L 2570.0000, 2750.0000, 0.0000,  2600.0000, 2750.0000, 0.0000,  0, 127, 0
L 2570.0000, 2810.0000, 0.0000,  2570.0000, 2750.0000, 0.0000,  0, 127, 0
L 2620.0000, 2750.0000, 0.0000,  2620.0000, 2780.0000, 0.0000,  0, 127, 0
L 2660.0000, 2810.0000, 0.0000,  2660.0000, 2780.0000, 0.0000,  0, 127, 0
L 2620.0000, 2780.0000, 0.0000,  2620.0000, 2810.0000, 0.0000,  0, 127, 0
L 2660.0000, 2780.0000, 0.0000,  2660.0000, 2750.0000, 0.0000,  0, 127, 0
L 2620.0000, 2780.0000, 0.0000,  2660.0000, 2780.0000, 0.0000,  0, 127, 0
L 2690.0000, 2780.0000, 0.0000,  2710.0000, 2780.0000, 0.0000,  0, 127, 0
L 2700.0000, 2750.0000, 0.0000,  2720.0000, 2810.0000, 0.0000,  0, 127, 0
L 2680.0000, 2810.0000, 0.0000,  2700.0000, 2750.0000, 0.0000,  0, 127, 0
L 2770.0000, 2810.0000, 0.0000,  2770.0000, 2750.0000, 0.0000,  0, 127, 0
L 2740.0000, 2750.0000, 0.0000,  2770.0000, 2810.0000, 0.0000,  0, 127, 0
L 2740.0000, 2810.0000, 0.0000,  2740.0000, 2750.0000, 0.0000,  0, 127, 0
L 2810.0000, 2750.0000, 0.0000,  2810.0000, 2810.0000, 0.0000,  0, 127, 0
L 2790.0000, 2750.0000, 0.0000,  2830.0000, 2750.0000, 0.0000,  0, 127, 0
L 2440.0000, 2840.0000, 0.0000,  2440.0000, 2900.0000, 0.0000,  0, 127, 127
L 2420.0000, 2870.0000, 0.0000,  2440.0000, 2840.0000, 0.0000,  0, 127, 127
L 2400.0000, 2840.0000, 0.0000,  2420.0000, 2870.0000, 0.0000,  0, 127, 127
L 2400.0000, 2900.0000, 0.0000,  2400.0000, 2840.0000, 0.0000,  0, 127, 127
L 2460.0000, 2840.0000, 0.0000,  2460.0000, 2900.0000, 0.0000,  0, 127, 127
L 2480.0000, 2840.0000, 0.0000,  2480.0000, 2870.0000, 0.0000,  0, 127, 127
L 2480.0000, 2900.0000, 0.0000,  2520.0000, 2900.0000, 0.0000,  0, 127, 127
L 2520.0000, 2870.0000, 0.0000,  2480.0000, 2870.0000, 0.0000,  0, 127, 127
L 2480.0000, 2840.0000, 0.0000,  2520.0000, 2840.0000, 0.0000,  0, 127, 127
L 2520.0000, 2870.0000, 0.0000,  2520.0000, 2900.0000, 0.0000,  0, 127, 127
L 2540.0000, 2840.0000, 0.0000,  2540.0000, 2870.0000, 0.0000,  0, 127, 127
L 2540.0000, 2900.0000, 0.0000,  2580.0000, 2900.0000, 0.0000,  0, 127, 127
L 2580.0000, 2870.0000, 0.0000,  2540.0000, 2870.0000, 0.0000,  0, 127, 127
L 2540.0000, 2840.0000, 0.0000,  2580.0000, 2840.0000, 0.0000,  0, 127, 127
L 2580.0000, 2870.0000, 0.0000,  2580.0000, 2900.0000, 0.0000,  0, 127, 127
L 2600.0000, 2840.0000, 0.0000,  2600.0000, 2900.0000, 0.0000,  0, 127, 127
L 2620.0000, 2840.0000, 0.0000,  2650.0000, 2840.0000, 0.0000,  0, 127, 127
L 2620.0000, 2900.0000, 0.0000,  2650.0000, 2900.0000, 0.0000,  0, 127, 127
L 2620.0000, 2840.0000, 0.0000,  2620.0000, 2900.0000, 0.0000,  0, 127, 127
L 2650.0000, 2840.0000, 0.0000,  2650.0000, 2900.0000, 0.0000,  0, 127, 127
L 2700.0000, 2900.0000, 0.0000,  2700.0000, 2840.0000, 0.0000,  0, 127, 127
L 2670.0000, 2840.0000, 0.0000,  2700.0000, 2900.0000, 0.0000,  0, 127, 127
L 2670.0000, 2900.0000, 0.0000,  2670.0000, 2840.0000, 0.0000,  0, 127, 127
L 2430.0000, 2990.0000, 0.0000,  2430.0000, 2930.0000, 0.0000,  127, 64, 0
L 2400.0000, 2930.0000, 0.0000,  2430.0000, 2990.0000, 0.0000,  127, 64, 0
L 2400.0000, 2990.0000, 0.0000,  2400.0000, 2930.0000, 0.0000,  127, 64, 0
L 2460.0000, 2960.0000, 0.0000,  2480.0000, 2960.0000, 0.0000,  127, 64, 0
L 2470.0000, 2930.0000, 0.0000,  2490.0000, 2990.0000, 0.0000,  127, 64, 0
L 2450.0000, 2990.0000, 0.0000,  2470.0000, 2930.0000, 0.0000,  127, 64, 0
L 2550.0000, 2930.0000, 0.0000,  2550.0000, 2990.0000, 0.0000,  127, 64, 0
L 2530.0000, 2960.0000, 0.0000,  2550.0000, 2930.0000, 0.0000,  127, 64, 0
L 2510.0000, 2930.0000, 0.0000,  2530.0000, 2960.0000, 0.0000,  127, 64, 0
L 2510.0000, 2990.0000, 0.0000,  2510.0000, 2930.0000, 0.0000,  127, 64, 0
L 2570.0000, 2960.0000, 0.0000,  2600.0000, 2960.0000, 0.0000,  127, 64, 0
L 2570.0000, 2990.0000, 0.0000,  2600.0000, 2990.0000, 0.0000,  127, 64, 0
L 2570.0000, 2930.0000, 0.0000,  2570.0000, 2990.0000, 0.0000,  127, 64, 0
L 2600.0000, 2930.0000, 0.0000,  2570.0000, 2930.0000, 0.0000,  127, 64, 0
L 2630.0000, 2990.0000, 0.0000,  2630.0000, 2930.0000, 0.0000,  127, 64, 0
L 2640.0000, 2990.0000, 0.0000,  2620.0000, 2990.0000, 0.0000,  127, 64, 0
L 2650.0000, 2960.0000, 0.0000,  2640.0000, 2990.0000, 0.0000,  127, 64, 0
L 2640.0000, 2930.0000, 0.0000,  2650.0000, 2960.0000, 0.0000,  127, 64, 0
L 2620.0000, 2930.0000, 0.0000,  2640.0000, 2930.0000, 0.0000,  127, 64, 0
L 2430.0000, 3050.0000, 0.0000,  2400.0000, 3050.0000, 0.0000,  0, 255, 0
L 2430.0000, 3020.0000, 0.0000,  2430.0000, 3050.0000, 0.0000,  0, 255, 0
L 2400.0000, 3020.0000, 0.0000,  2430.0000, 3020.0000, 0.0000,  0, 255, 0
L 2400.0000, 3080.0000, 0.0000,  2400.0000, 3020.0000, 0.0000,  0, 255, 0
L 2460.0000, 3050.0000, 0.0000,  2480.0000, 3050.0000, 0.0000,  0, 255, 0
L 2470.0000, 3020.0000, 0.0000,  2490.0000, 3080.0000, 0.0000,  0, 255, 0
L 2450.0000, 3080.0000, 0.0000,  2470.0000, 3020.0000, 0.0000,  0, 255, 0
L 2510.0000, 3020.0000, 0.0000,  2510.0000, 3050.0000, 0.0000,  0, 255, 0
L 2510.0000, 3050.0000, 0.0000,  2510.0000, 3080.0000, 0.0000,  0, 255, 0
L 2510.0000, 3050.0000, 0.0000,  2530.0000, 3050.0000, 0.0000,  0, 255, 0
L 2550.0000, 3050.0000, 0.0000,  2550.0000, 3020.0000, 0.0000,  0, 255, 0
L 2510.0000, 3020.0000, 0.0000,  2550.0000, 3020.0000, 0.0000,  0, 255, 0
L 2530.0000, 3050.0000, 0.0000,  2550.0000, 3050.0000, 0.0000,  0, 255, 0
L 2550.0000, 3080.0000, 0.0000,  2530.0000, 3050.0000, 0.0000,  0, 255, 0
L 2600.0000, 3080.0000, 0.0000,  2570.0000, 3080.0000, 0.0000,  0, 255, 0
L 2570.0000, 3020.0000, 0.0000,  2600.0000, 3020.0000, 0.0000,  0, 255, 0
L 2570.0000, 3080.0000, 0.0000,  2570.0000, 3020.0000, 0.0000,  0, 255, 0
L 2620.0000, 3050.0000, 0.0000,  2650.0000, 3050.0000, 0.0000,  0, 255, 0
L 2620.0000, 3080.0000, 0.0000,  2650.0000, 3080.0000, 0.0000,  0, 255, 0
L 2620.0000, 3020.0000, 0.0000,  2620.0000, 3080.0000, 0.0000,  0, 255, 0
L 2650.0000, 3020.0000, 0.0000,  2620.0000, 3020.0000, 0.0000,  0, 255, 0
L 2670.0000, 3020.0000, 0.0000,  2670.0000, 3080.0000, 0.0000,  0, 255, 0
L 2710.0000, 3080.0000, 0.0000,  2670.0000, 3080.0000, 0.0000,  0, 255, 0
L 2730.0000, 3020.0000, 0.0000,  2730.0000, 3050.0000, 0.0000,  0, 255, 0
L 2730.0000, 3080.0000, 0.0000,  2770.0000, 3080.0000, 0.0000,  0, 255, 0
L 2770.0000, 3050.0000, 0.0000,  2730.0000, 3050.0000, 0.0000,  0, 255, 0
L 2730.0000, 3020.0000, 0.0000,  2770.0000, 3020.0000, 0.0000,  0, 255, 0
L 2770.0000, 3050.0000, 0.0000,  2770.0000, 3080.0000, 0.0000,  0, 255, 0
L 2400.0000, 3110.0000, 0.0000,  2400.0000, 3140.0000, 0.0000,  0, 240, 240
L 2400.0000, 3140.0000, 0.0000,  2400.0000, 3170.0000, 0.0000,  0, 240, 240
L 2400.0000, 3140.0000, 0.0000,  2420.0000, 3140.0000, 0.0000,  0, 240, 240
L 2440.0000, 3140.0000, 0.0000,  2440.0000, 3110.0000, 0.0000,  0, 240, 240
L 2400.0000, 3110.0000, 0.0000,  2440.0000, 3110.0000, 0.0000,  0, 240, 240
L 2420.0000, 3140.0000, 0.0000,  2440.0000, 3140.0000, 0.0000,  0, 240, 240
L 2440.0000, 3170.0000, 0.0000,  2420.0000, 3140.0000, 0.0000,  0, 240, 240
L 2470.0000, 3140.0000, 0.0000,  2490.0000, 3140.0000, 0.0000,  0, 240, 240
L 2480.0000, 3110.0000, 0.0000,  2500.0000, 3170.0000, 0.0000,  0, 240, 240
L 2460.0000, 3170.0000, 0.0000,  2480.0000, 3110.0000, 0.0000,  0, 240, 240
L 2520.0000, 3110.0000, 0.0000,  2520.0000, 3170.0000, 0.0000,  0, 240, 240
L 2550.0000, 3170.0000, 0.0000,  2550.0000, 3110.0000, 0.0000,  0, 240, 240
L 2560.0000, 3170.0000, 0.0000,  2540.0000, 3170.0000, 0.0000,  0, 240, 240
L 2570.0000, 3140.0000, 0.0000,  2560.0000, 3170.0000, 0.0000,  0, 240, 240
L 2560.0000, 3110.0000, 0.0000,  2570.0000, 3140.0000, 0.0000,  0, 240, 240
L 2540.0000, 3110.0000, 0.0000,  2560.0000, 3110.0000, 0.0000,  0, 240, 240
L 2400.0000, 3200.0000, 0.0000,  2400.0000, 3230.0000, 0.0000,  0, 255, 0
L 2400.0000, 3260.0000, 0.0000,  2440.0000, 3260.0000, 0.0000,  0, 255, 0
L 2440.0000, 3230.0000, 0.0000,  2400.0000, 3230.0000, 0.0000,  0, 255, 0
L 2400.0000, 3200.0000, 0.0000,  2440.0000, 3200.0000, 0.0000,  0, 255, 0
L 2440.0000, 3230.0000, 0.0000,  2440.0000, 3260.0000, 0.0000,  0, 255, 0
L 2490.0000, 3230.0000, 0.0000,  2460.0000, 3230.0000, 0.0000,  0, 255, 0
L 2490.0000, 3200.0000, 0.0000,  2490.0000, 3230.0000, 0.0000,  0, 255, 0
L 2460.0000, 3200.0000, 0.0000,  2490.0000, 3200.0000, 0.0000,  0, 255, 0
L 2460.0000, 3260.0000, 0.0000,  2460.0000, 3200.0000, 0.0000,  0, 255, 0
L 2510.0000, 3230.0000, 0.0000,  2540.0000, 3230.0000, 0.0000,  0, 255, 0
L 2510.0000, 3260.0000, 0.0000,  2540.0000, 3260.0000, 0.0000,  0, 255, 0
L 2510.0000, 3200.0000, 0.0000,  2510.0000, 3260.0000, 0.0000,  0, 255, 0
L 2540.0000, 3200.0000, 0.0000,  2510.0000, 3200.0000, 0.0000,  0, 255, 0
L 2590.0000, 3260.0000, 0.0000,  2560.0000, 3260.0000, 0.0000,  0, 255, 0
L 2560.0000, 3200.0000, 0.0000,  2590.0000, 3200.0000, 0.0000,  0, 255, 0
L 2560.0000, 3260.0000, 0.0000,  2560.0000, 3200.0000, 0.0000,  0, 255, 0
L 2610.0000, 3200.0000, 0.0000,  2610.0000, 3260.0000, 0.0000,  0, 255, 0
L 2640.0000, 3230.0000, 0.0000,  2660.0000, 3230.0000, 0.0000,  0, 255, 0
L 2650.0000, 3200.0000, 0.0000,  2670.0000, 3260.0000, 0.0000,  0, 255, 0
L 2630.0000, 3260.0000, 0.0000,  2650.0000, 3200.0000, 0.0000,  0, 255, 0
L 2690.0000, 3200.0000, 0.0000,  2690.0000, 3260.0000, 0.0000,  0, 255, 0
L 2730.0000, 3260.0000, 0.0000,  2690.0000, 3260.0000, 0.0000,  0, 255, 0
L 2840.0000, 3260.0000, 0.0000,  2810.0000, 3260.0000, 0.0000,  0, 255, 0
L 2810.0000, 3200.0000, 0.0000,  2840.0000, 3200.0000, 0.0000,  0, 255, 0
L 2810.0000, 3260.0000, 0.0000,  2810.0000, 3200.0000, 0.0000,  0, 255, 0
L 2900.0000, 3200.0000, 0.0000,  2900.0000, 3260.0000, 0.0000,  0, 255, 0
L 2860.0000, 3200.0000, 0.0000,  2860.0000, 3260.0000, 0.0000,  0, 255, 0
L 2860.0000, 3260.0000, 0.0000,  2900.0000, 3260.0000, 0.0000,  0, 255, 0
L 2920.0000, 3200.0000, 0.0000,  2920.0000, 3230.0000, 0.0000,  0, 255, 0
L 2920.0000, 3230.0000, 0.0000,  2920.0000, 3260.0000, 0.0000,  0, 255, 0
L 2920.0000, 3230.0000, 0.0000,  2940.0000, 3230.0000, 0.0000,  0, 255, 0
L 2960.0000, 3230.0000, 0.0000,  2960.0000, 3200.0000, 0.0000,  0, 255, 0
L 2920.0000, 3200.0000, 0.0000,  2960.0000, 3200.0000, 0.0000,  0, 255, 0
L 2940.0000, 3230.0000, 0.0000,  2960.0000, 3230.0000, 0.0000,  0, 255, 0
L 2960.0000, 3260.0000, 0.0000,  2940.0000, 3230.0000, 0.0000,  0, 255, 0
L 2980.0000, 3200.0000, 0.0000,  2980.0000, 3230.0000, 0.0000,  0, 255, 0
L 2980.0000, 3230.0000, 0.0000,  2980.0000, 3260.0000, 0.0000,  0, 255, 0
L 2980.0000, 3230.0000, 0.0000,  3000.0000, 3230.0000, 0.0000,  0, 255, 0
L 3020.0000, 3230.0000, 0.0000,  3020.0000, 3200.0000, 0.0000,  0, 255, 0
L 2980.0000, 3200.0000, 0.0000,  3020.0000, 3200.0000, 0.0000,  0, 255, 0
L 3000.0000, 3230.0000, 0.0000,  3020.0000, 3230.0000, 0.0000,  0, 255, 0
L 3020.0000, 3260.0000, 0.0000,  3000.0000, 3230.0000, 0.0000,  0, 255, 0
L 3040.0000, 3230.0000, 0.0000,  3070.0000, 3230.0000, 0.0000,  0, 255, 0
L 3040.0000, 3260.0000, 0.0000,  3070.0000, 3260.0000, 0.0000,  0, 255, 0
L 3040.0000, 3200.0000, 0.0000,  3040.0000, 3260.0000, 0.0000,  0, 255, 0
L 3070.0000, 3200.0000, 0.0000,  3040.0000, 3200.0000, 0.0000,  0, 255, 0
L 3120.0000, 3260.0000, 0.0000,  3120.0000, 3200.0000, 0.0000,  0, 255, 0
L 3090.0000, 3200.0000, 0.0000,  3120.0000, 3260.0000, 0.0000,  0, 255, 0
L 3090.0000, 3260.0000, 0.0000,  3090.0000, 3200.0000, 0.0000,  0, 255, 0
L 3170.0000, 3260.0000, 0.0000,  3140.0000, 3260.0000, 0.0000,  0, 255, 0
L 3140.0000, 3200.0000, 0.0000,  3170.0000, 3200.0000, 0.0000,  0, 255, 0
L 3140.0000, 3260.0000, 0.0000,  3140.0000, 3200.0000, 0.0000,  0, 255, 0
L 3210.0000, 3230.0000, 0.0000,  3210.0000, 3260.0000, 0.0000,  0, 255, 0
L 3210.0000, 3230.0000, 0.0000,  3230.0000, 3200.0000, 0.0000,  0, 255, 0
L 3190.0000, 3200.0000, 0.0000,  3210.0000, 3230.0000, 0.0000,  0, 255, 0
L 2400.0000, 3290.0000, 0.0000,  2400.0000, 3320.0000, 0.0000,  255, 0, 0
L 2400.0000, 3350.0000, 0.0000,  2440.0000, 3350.0000, 0.0000,  255, 0, 0
L 2440.0000, 3320.0000, 0.0000,  2400.0000, 3320.0000, 0.0000,  255, 0, 0
L 2400.0000, 3290.0000, 0.0000,  2440.0000, 3290.0000, 0.0000,  255, 0, 0
L 2440.0000, 3320.0000, 0.0000,  2440.0000, 3350.0000, 0.0000,  255, 0, 0
L 2500.0000, 3290.0000, 0.0000,  2500.0000, 3350.0000, 0.0000,  255, 0, 0
L 2460.0000, 3290.0000, 0.0000,  2460.0000, 3350.0000, 0.0000,  255, 0, 0
L 2460.0000, 3350.0000, 0.0000,  2500.0000, 3350.0000, 0.0000,  255, 0, 0
L 2550.0000, 3350.0000, 0.0000,  2520.0000, 3350.0000, 0.0000,  255, 0, 0
L 2520.0000, 3290.0000, 0.0000,  2550.0000, 3290.0000, 0.0000,  255, 0, 0
L 2520.0000, 3350.0000, 0.0000,  2520.0000, 3290.0000, 0.0000,  255, 0, 0
L 2600.0000, 3350.0000, 0.0000,  2570.0000, 3350.0000, 0.0000,  255, 0, 0
L 2570.0000, 3290.0000, 0.0000,  2600.0000, 3290.0000, 0.0000,  255, 0, 0
L 2570.0000, 3350.0000, 0.0000,  2570.0000, 3290.0000, 0.0000,  255, 0, 0
L 2620.0000, 3290.0000, 0.0000,  2650.0000, 3290.0000, 0.0000,  255, 0, 0
L 2620.0000, 3350.0000, 0.0000,  2650.0000, 3350.0000, 0.0000,  255, 0, 0
L 2620.0000, 3290.0000, 0.0000,  2620.0000, 3350.0000, 0.0000,  255, 0, 0
L 2650.0000, 3290.0000, 0.0000,  2650.0000, 3350.0000, 0.0000,  255, 0, 0
L 2670.0000, 3290.0000, 0.0000,  2670.0000, 3320.0000, 0.0000,  255, 0, 0
L 2670.0000, 3320.0000, 0.0000,  2670.0000, 3350.0000, 0.0000,  255, 0, 0
L 2670.0000, 3320.0000, 0.0000,  2690.0000, 3320.0000, 0.0000,  255, 0, 0
L 2710.0000, 3320.0000, 0.0000,  2710.0000, 3290.0000, 0.0000,  255, 0, 0
L 2670.0000, 3290.0000, 0.0000,  2710.0000, 3290.0000, 0.0000,  255, 0, 0
L 2690.0000, 3320.0000, 0.0000,  2710.0000, 3320.0000, 0.0000,  255, 0, 0
L 2710.0000, 3350.0000, 0.0000,  2690.0000, 3320.0000, 0.0000,  255, 0, 0
L 2420.0000, 3380.0000, 0.0000,  2420.0000, 3440.0000, 0.0000,  255, 255, 0
L 2400.0000, 3380.0000, 0.0000,  2440.0000, 3380.0000, 0.0000,  255, 255, 0
L 2460.0000, 3410.0000, 0.0000,  2490.0000, 3410.0000, 0.0000,  255, 255, 0
L 2460.0000, 3440.0000, 0.0000,  2490.0000, 3440.0000, 0.0000,  255, 255, 0
L 2460.0000, 3380.0000, 0.0000,  2460.0000, 3440.0000, 0.0000,  255, 255, 0
L 2490.0000, 3380.0000, 0.0000,  2460.0000, 3380.0000, 0.0000,  255, 255, 0
L 2510.0000, 3380.0000, 0.0000,  2510.0000, 3440.0000, 0.0000,  255, 255, 0
L 2550.0000, 3440.0000, 0.0000,  2510.0000, 3440.0000, 0.0000,  255, 255, 0
L 2570.0000, 3410.0000, 0.0000,  2600.0000, 3410.0000, 0.0000,  255, 255, 0
L 2570.0000, 3440.0000, 0.0000,  2600.0000, 3440.0000, 0.0000,  255, 255, 0
L 2570.0000, 3380.0000, 0.0000,  2570.0000, 3440.0000, 0.0000,  255, 255, 0
L 2600.0000, 3380.0000, 0.0000,  2570.0000, 3380.0000, 0.0000,  255, 255, 0
L 2650.0000, 3410.0000, 0.0000,  2620.0000, 3410.0000, 0.0000,  255, 255, 0
L 2650.0000, 3380.0000, 0.0000,  2650.0000, 3410.0000, 0.0000,  255, 255, 0
L 2620.0000, 3380.0000, 0.0000,  2650.0000, 3380.0000, 0.0000,  255, 255, 0
L 2620.0000, 3440.0000, 0.0000,  2620.0000, 3380.0000, 0.0000,  255, 255, 0
L 2670.0000, 3380.0000, 0.0000,  2700.0000, 3380.0000, 0.0000,  255, 255, 0
L 2670.0000, 3440.0000, 0.0000,  2700.0000, 3440.0000, 0.0000,  255, 255, 0
L 2670.0000, 3380.0000, 0.0000,  2670.0000, 3440.0000, 0.0000,  255, 255, 0
L 2700.0000, 3380.0000, 0.0000,  2700.0000, 3440.0000, 0.0000,  255, 255, 0
L 2720.0000, 3380.0000, 0.0000,  2720.0000, 3410.0000, 0.0000,  255, 255, 0
L 2720.0000, 3410.0000, 0.0000,  2720.0000, 3440.0000, 0.0000,  255, 255, 0
L 2720.0000, 3410.0000, 0.0000,  2740.0000, 3410.0000, 0.0000,  255, 255, 0
L 2760.0000, 3410.0000, 0.0000,  2760.0000, 3380.0000, 0.0000,  255, 255, 0
L 2720.0000, 3380.0000, 0.0000,  2760.0000, 3380.0000, 0.0000,  255, 255, 0
L 2740.0000, 3410.0000, 0.0000,  2760.0000, 3410.0000, 0.0000,  255, 255, 0
L 2760.0000, 3440.0000, 0.0000,  2740.0000, 3410.0000, 0.0000,  255, 255, 0
L 2800.0000, 3380.0000, 0.0000,  2800.0000, 3440.0000, 0.0000,  255, 255, 0
L 2780.0000, 3380.0000, 0.0000,  2820.0000, 3380.0000, 0.0000,  255, 255, 0
L 2420.0000, 3470.0000, 0.0000,  2420.0000, 3530.0000, 0.0000,  128, 0, 128
L 2400.0000, 3470.0000, 0.0000,  2440.0000, 3470.0000, 0.0000,  128, 0, 128
L 2460.0000, 3470.0000, 0.0000,  2460.0000, 3500.0000, 0.0000,  128, 0, 128
L 2460.0000, 3500.0000, 0.0000,  2460.0000, 3530.0000, 0.0000,  128, 0, 128
L 2460.0000, 3500.0000, 0.0000,  2480.0000, 3500.0000, 0.0000,  128, 0, 128
L 2500.0000, 3500.0000, 0.0000,  2500.0000, 3470.0000, 0.0000,  128, 0, 128
L 2460.0000, 3470.0000, 0.0000,  2500.0000, 3470.0000, 0.0000,  128, 0, 128
L 2480.0000, 3500.0000, 0.0000,  2500.0000, 3500.0000, 0.0000,  128, 0, 128
L 2500.0000, 3530.0000, 0.0000,  2480.0000, 3500.0000, 0.0000,  128, 0, 128
L 2530.0000, 3500.0000, 0.0000,  2550.0000, 3500.0000, 0.0000,  128, 0, 128
L 2540.0000, 3470.0000, 0.0000,  2560.0000, 3530.0000, 0.0000,  128, 0, 128
L 2520.0000, 3530.0000, 0.0000,  2540.0000, 3470.0000, 0.0000,  128, 0, 128
L 2590.0000, 3530.0000, 0.0000,  2590.0000, 3470.0000, 0.0000,  128, 0, 128
L 2600.0000, 3530.0000, 0.0000,  2580.0000, 3530.0000, 0.0000,  128, 0, 128
L 2610.0000, 3500.0000, 0.0000,  2600.0000, 3530.0000, 0.0000,  128, 0, 128
L 2600.0000, 3470.0000, 0.0000,  2610.0000, 3500.0000, 0.0000,  128, 0, 128
L 2580.0000, 3470.0000, 0.0000,  2600.0000, 3470.0000, 0.0000,  128, 0, 128
L 2630.0000, 3500.0000, 0.0000,  2660.0000, 3500.0000, 0.0000,  128, 0, 128
L 2630.0000, 3530.0000, 0.0000,  2660.0000, 3530.0000, 0.0000,  128, 0, 128
L 2630.0000, 3470.0000, 0.0000,  2630.0000, 3530.0000, 0.0000,  128, 0, 128
L 2660.0000, 3470.0000, 0.0000,  2630.0000, 3470.0000, 0.0000,  128, 0, 128
L 2680.0000, 3470.0000, 0.0000,  2680.0000, 3500.0000, 0.0000,  128, 0, 128
L 2680.0000, 3530.0000, 0.0000,  2720.0000, 3530.0000, 0.0000,  128, 0, 128
L 2720.0000, 3500.0000, 0.0000,  2680.0000, 3500.0000, 0.0000,  128, 0, 128
L 2680.0000, 3470.0000, 0.0000,  2720.0000, 3470.0000, 0.0000,  128, 0, 128
L 2720.0000, 3500.0000, 0.0000,  2720.0000, 3530.0000, 0.0000,  128, 0, 128
L 2740.0000, 3470.0000, 0.0000,  2740.0000, 3500.0000, 0.0000,  128, 0, 128
L 2740.0000, 3500.0000, 0.0000,  2740.0000, 3530.0000, 0.0000,  128, 0, 128
L 2740.0000, 3500.0000, 0.0000,  2780.0000, 3530.0000, 0.0000,  128, 0, 128
L 2740.0000, 3500.0000, 0.0000,  2780.0000, 3470.0000, 0.0000,  128, 0, 128
L 2800.0000, 3470.0000, 0.0000,  2800.0000, 3530.0000, 0.0000,  128, 0, 128
L 2820.0000, 3470.0000, 0.0000,  2820.0000, 3530.0000, 0.0000,  128, 0, 128
L 2860.0000, 3530.0000, 0.0000,  2820.0000, 3530.0000, 0.0000,  128, 0, 128
L 2880.0000, 3470.0000, 0.0000,  2880.0000, 3530.0000, 0.0000,  128, 0, 128
L 2920.0000, 3530.0000, 0.0000,  2880.0000, 3530.0000, 0.0000,  128, 0, 128
L 3030.0000, 3530.0000, 0.0000,  3000.0000, 3530.0000, 0.0000,  128, 0, 128
L 3000.0000, 3470.0000, 0.0000,  3030.0000, 3470.0000, 0.0000,  128, 0, 128
L 3000.0000, 3530.0000, 0.0000,  3000.0000, 3470.0000, 0.0000,  128, 0, 128
L 3050.0000, 3470.0000, 0.0000,  3080.0000, 3470.0000, 0.0000,  128, 0, 128
L 3050.0000, 3530.0000, 0.0000,  3080.0000, 3530.0000, 0.0000,  128, 0, 128
L 3050.0000, 3470.0000, 0.0000,  3050.0000, 3530.0000, 0.0000,  128, 0, 128
L 3080.0000, 3470.0000, 0.0000,  3080.0000, 3530.0000, 0.0000,  128, 0, 128
L 3130.0000, 3530.0000, 0.0000,  3130.0000, 3470.0000, 0.0000,  128, 0, 128
L 3100.0000, 3470.0000, 0.0000,  3130.0000, 3530.0000, 0.0000,  128, 0, 128
L 3100.0000, 3530.0000, 0.0000,  3100.0000, 3470.0000, 0.0000,  128, 0, 128
L 3170.0000, 3470.0000, 0.0000,  3170.0000, 3530.0000, 0.0000,  128, 0, 128
L 3150.0000, 3470.0000, 0.0000,  3190.0000, 3470.0000, 0.0000,  128, 0, 128
L 3220.0000, 3500.0000, 0.0000,  3240.0000, 3500.0000, 0.0000,  128, 0, 128
L 3230.0000, 3470.0000, 0.0000,  3250.0000, 3530.0000, 0.0000,  128, 0, 128
L 3210.0000, 3530.0000, 0.0000,  3230.0000, 3470.0000, 0.0000,  128, 0, 128
L 3270.0000, 3470.0000, 0.0000,  3270.0000, 3530.0000, 0.0000,  128, 0, 128
L 3320.0000, 3530.0000, 0.0000,  3320.0000, 3470.0000, 0.0000,  128, 0, 128
L 3290.0000, 3470.0000, 0.0000,  3320.0000, 3530.0000, 0.0000,  128, 0, 128
L 3290.0000, 3530.0000, 0.0000,  3290.0000, 3470.0000, 0.0000,  128, 0, 128
L 3340.0000, 3500.0000, 0.0000,  3370.0000, 3500.0000, 0.0000,  128, 0, 128
L 3340.0000, 3530.0000, 0.0000,  3370.0000, 3530.0000, 0.0000,  128, 0, 128
L 3340.0000, 3470.0000, 0.0000,  3340.0000, 3530.0000, 0.0000,  128, 0, 128
L 3370.0000, 3470.0000, 0.0000,  3340.0000, 3470.0000, 0.0000,  128, 0, 128
L 3390.0000, 3470.0000, 0.0000,  3390.0000, 3500.0000, 0.0000,  128, 0, 128
L 3390.0000, 3500.0000, 0.0000,  3390.0000, 3530.0000, 0.0000,  128, 0, 128
L 3390.0000, 3500.0000, 0.0000,  3410.0000, 3500.0000, 0.0000,  128, 0, 128
L 3430.0000, 3500.0000, 0.0000,  3430.0000, 3470.0000, 0.0000,  128, 0, 128
L 3390.0000, 3470.0000, 0.0000,  3430.0000, 3470.0000, 0.0000,  128, 0, 128
L 3410.0000, 3500.0000, 0.0000,  3430.0000, 3500.0000, 0.0000,  128, 0, 128
L 3430.0000, 3530.0000, 0.0000,  3410.0000, 3500.0000, 0.0000,  128, 0, 128
L 2420.0000, 3560.0000, 0.0000,  2420.0000, 3620.0000, 0.0000,  255, 255, 0
L 2400.0000, 3560.0000, 0.0000,  2440.0000, 3560.0000, 0.0000,  255, 255, 0
L 2460.0000, 3560.0000, 0.0000,  2460.0000, 3590.0000, 0.0000,  255, 255, 0
L 2460.0000, 3590.0000, 0.0000,  2460.0000, 3620.0000, 0.0000,  255, 255, 0
L 2460.0000, 3590.0000, 0.0000,  2480.0000, 3590.0000, 0.0000,  255, 255, 0
L 2500.0000, 3590.0000, 0.0000,  2500.0000, 3560.0000, 0.0000,  255, 255, 0
L 2460.0000, 3560.0000, 0.0000,  2500.0000, 3560.0000, 0.0000,  255, 255, 0
L 2480.0000, 3590.0000, 0.0000,  2500.0000, 3590.0000, 0.0000,  255, 255, 0
L 2500.0000, 3620.0000, 0.0000,  2480.0000, 3590.0000, 0.0000,  255, 255, 0
L 2530.0000, 3590.0000, 0.0000,  2550.0000, 3590.0000, 0.0000,  255, 255, 0
L 2540.0000, 3560.0000, 0.0000,  2560.0000, 3620.0000, 0.0000,  255, 255, 0
L 2520.0000, 3620.0000, 0.0000,  2540.0000, 3560.0000, 0.0000,  255, 255, 0
L 2610.0000, 3590.0000, 0.0000,  2580.0000, 3590.0000, 0.0000,  255, 255, 0
L 2610.0000, 3560.0000, 0.0000,  2610.0000, 3590.0000, 0.0000,  255, 255, 0
L 2580.0000, 3560.0000, 0.0000,  2610.0000, 3560.0000, 0.0000,  255, 255, 0
L 2580.0000, 3620.0000, 0.0000,  2580.0000, 3560.0000, 0.0000,  255, 255, 0
L 2430.0000, 3650.0000, 0.0000,  2400.0000, 3650.0000, 0.0000,  255, 0, 0
L 2400.0000, 3710.0000, 0.0000,  2430.0000, 3650.0000, 0.0000,  255, 0, 0
L 2400.0000, 3710.0000, 0.0000,  2430.0000, 3710.0000, 0.0000,  255, 0, 0
L 2450.0000, 3650.0000, 0.0000,  2480.0000, 3650.0000, 0.0000,  255, 0, 0
L 2450.0000, 3710.0000, 0.0000,  2480.0000, 3710.0000, 0.0000,  255, 0, 0
L 2450.0000, 3650.0000, 0.0000,  2450.0000, 3710.0000, 0.0000,  255, 0, 0
L 2480.0000, 3650.0000, 0.0000,  2480.0000, 3710.0000, 0.0000,  255, 0, 0
L 2530.0000, 3710.0000, 0.0000,  2530.0000, 3650.0000, 0.0000,  255, 0, 0
L 2500.0000, 3650.0000, 0.0000,  2530.0000, 3710.0000, 0.0000,  255, 0, 0
L 2500.0000, 3710.0000, 0.0000,  2500.0000, 3650.0000, 0.0000,  255, 0, 0
L 2550.0000, 3680.0000, 0.0000,  2580.0000, 3680.0000, 0.0000,  255, 0, 0
L 2550.0000, 3710.0000, 0.0000,  2580.0000, 3710.0000, 0.0000,  255, 0, 0
L 2550.0000, 3650.0000, 0.0000,  2550.0000, 3710.0000, 0.0000,  255, 0, 0
L 2580.0000, 3650.0000, 0.0000,  2550.0000, 3650.0000, 0.0000,  255, 0, 0
P 1400.0000, 2000.0000, 0.0000,  0, 0, 0,  2,  Revised_Map:_Brewall_Rainsiger_(Cazic-Thule)
P 1400.0000, 2200.0000, 0.0000,  0, 0, 0,  2,  http://www.eqmaps.info
P 1400.0000, 2400.0000, 0.0000,  0, 0, 0,  2,  Return_of_the_Exiled_(www.roteguild.org)
