P -35.0644, 365.9227, -77.7854, 255, 0, 0, 3, to_Dragonscale_Hills
P 702.3370, -1146.0376, -343.0460, 0, 0, 0, 2, Warder
P 912.2224, -1682.7589, -150.0496, 0, 0, 0, 2, Squire_Alkaa
P -445.7614, -670.1655, -49.4843, 0, 0, 0, 2, Warder
P -73.9802, -1190.7482, 76.6938, 0, 0, 0, 2, Warder
P -1523.5410, -370.8089, 298.9501, 0, 0, 0, 2, An_Elder_Ice_Wyvern
P -1973.7194, -2899.0713, 466.5263, 0, 0, 0, 2, Warder
P 229.9485, -2603.2578, -385.3991, 0, 0, 0, 2, Squire_Tectoran
P 1702.5503, 248.7146, -487.1268, 0, 0, 0, 2, Ki`Mrash
P 998.4656, 349.2273, -432.2181, 0, 0, 0, 2, Brood_Mother_Visziaj
P 376.1237, 128.7823, -346.9821, 0, 0, 0, 2, Dar`Kelor
P -1520.1718, -365.0364, 298.9501, 0, 0, 0, 3, Squire_Torrentus
P 2376.0459, 94.5774, -547.8173, 0, 0, 0, 2, Kerafyrm_the_Awakened
P -1.2161, -562.6584, -165.8391, 240, 240, 0, 2, Crystallos_Instance
P -155.1416, -400.0211, -49.4119, 240, 240, 240, 2, Ice_Wing
