L -3530.0, 724.0, 1048.0, -3571.0, 724.0, 1048.0, 0, 0, 0
L -3510.0, 718.0, 1048.0, -3530.0, 724.0, 1048.0, 0, 0, 0
L -3505.0, 727.0, 1048.0, -3510.0, 718.0, 1048.0, 0, 0, 0
L -3494.0, 702.0, 1048.0, -3485.0, 707.0, 1048.0, 0, 0, 0
L -3488.0, 681.0, 1048.0, -3494.0, 702.0, 1048.0, 0, 0, 0
L -3488.0, 651.0, 1048.0, -3488.0, 681.0, 1048.0, 0, 0, 0
L -3494.0, 632.0, 1048.0, -3488.0, 651.0, 1048.0, 0, 0, 0
L -3485.0, 626.0, 1048.0, -3494.0, 632.0, 1048.0, 0, 0, 0
L -3529.0, 610.0, 1048.0, -3571.0, 610.0, 1048.0, 0, 0, 0
L -3510.0, 616.0, 1048.0, -3529.0, 610.0, 1048.0, 0, 0, 0
L -3505.0, 606.0, 1048.0, -3510.0, 616.0, 1048.0, 0, 0, 0
L -3445.0, 525.0, 1051.0, -3445.0, 483.0, 1051.0, 0, 0, 0
L -3441.0, 537.0, 1052.0, -3445.0, 525.0, 1051.0, 0, 0, 0
L -3439.0, 535.0, 1052.0, -3441.0, 537.0, 1052.0, 0, 0, 0
L -3438.0, 529.0, 1055.0, -3439.0, 535.0, 1052.0, 0, 0, 0
L -3437.0, 528.0, 1055.0, -3438.0, 529.0, 1055.0, 0, 0, 0
L -3430.0, 524.0, 1058.0, -3437.0, 528.0, 1055.0, 0, 0, 0
L -3429.0, 523.0, 1058.0, -3430.0, 524.0, 1058.0, 0, 0, 0
L -3423.0, 524.0, 1057.0, -3429.0, 523.0, 1058.0, 0, 0, 0
L -3422.0, 525.0, 1057.0, -3423.0, 524.0, 1057.0, 0, 0, 0
L -3411.0, 528.0, 1057.0, -3422.0, 525.0, 1057.0, 0, 0, 0
L -3410.0, 530.0, 1056.0, -3411.0, 528.0, 1057.0, 0, 0, 0
L -3408.0, 532.0, 1056.0, -3410.0, 530.0, 1056.0, 0, 0, 0
L -3407.0, 534.0, 1057.0, -3408.0, 532.0, 1056.0, 0, 0, 0
L -3403.0, 544.0, 1057.0, -3407.0, 534.0, 1057.0, 0, 0, 0
L -3403.0, 546.0, 1056.0, -3403.0, 544.0, 1057.0, 0, 0, 0
L -3404.0, 551.0, 1058.0, -3403.0, 546.0, 1056.0, 0, 0, 0
L -3406.0, 555.0, 1058.0, -3404.0, 551.0, 1058.0, 0, 0, 0
L -3408.0, 559.0, 1054.0, -3406.0, 555.0, 1058.0, 0, 0, 0
L -3409.0, 560.0, 1053.0, -3408.0, 559.0, 1053.0, 0, 0, 0
L -3420.0, 561.0, 1051.0, -3409.0, 560.0, 1053.0, 0, 0, 0
L -3403.0, 566.0, 1048.0, -3420.0, 561.0, 1048.0, 0, 0, 0
L -3370.0, 566.0, 1048.0, -3403.0, 566.0, 1048.0, 0, 0, 0
L -3352.0, 560.0, 1048.0, -3370.0, 566.0, 1048.0, 0, 0, 0
L -3347.0, 570.0, 1048.0, -3352.0, 560.0, 1048.0, 0, 0, 0
L -3330.0, 525.0, 1048.0, -3330.0, 483.0, 1048.0, 0, 0, 0
L -3336.0, 544.0, 1048.0, -3330.0, 525.0, 1048.0, 0, 0, 0
L -3327.0, 550.0, 1048.0, -3336.0, 544.0, 1048.0, 0, 0, 0
L -3245.0, 610.0, 1048.0, -3203.0, 610.0, 1048.0, 0, 0, 0
L -3264.0, 616.0, 1048.0, -3245.0, 610.0, 1048.0, 0, 0, 0
L -3270.0, 606.0, 1048.0, -3264.0, 616.0, 1048.0, 0, 0, 0
L -3288.0, 689.0, 1049.0, -3284.0, 690.0, 1049.0, 0, 0, 0
L -3293.0, 689.0, 1049.0, -3288.0, 689.0, 1049.0, 0, 0, 0
L -3298.0, 691.0, 1049.0, -3293.0, 689.0, 1049.0, 0, 0, 0
L -3300.0, 699.0, 1049.0, -3298.0, 691.0, 1049.0, 0, 0, 0
L -3301.0, 704.0, 1049.0, -3300.0, 699.0, 1049.0, 0, 0, 0
L -3301.0, 706.0, 1049.0, -3301.0, 704.0, 1049.0, 0, 0, 0
L -3289.0, 710.0, 1049.0, -3301.0, 706.0, 1049.0, 0, 0, 0
L -3272.0, 698.0, 1057.0, -3271.0, 697.0, 1058.0, 0, 0, 0
L -3274.0, 699.0, 1057.0, -3272.0, 698.0, 1057.0, 0, 0, 0
L -3275.0, 700.0, 1055.0, -3274.0, 699.0, 1057.0, 0, 0, 0
L -3276.0, 702.0, 1054.0, -3275.0, 700.0, 1055.0, 0, 0, 0
L -3276.0, 704.0, 1054.0, -3276.0, 702.0, 1054.0, 0, 0, 0
L -3277.0, 705.0, 1053.0, -3276.0, 704.0, 1054.0, 0, 0, 0
L -3277.0, 707.0, 1052.0, -3277.0, 705.0, 1053.0, 0, 0, 0
L -3278.0, 709.0, 1051.0, -3277.0, 707.0, 1052.0, 0, 0, 0
L -3280.0, 709.0, 1051.0, -3278.0, 709.0, 1051.0, 0, 0, 0
L -3289.0, 710.0, 1049.0, -3280.0, 709.0, 1051.0, 0, 0, 0
L -3280.0, 632.0, 1049.0, -3290.0, 626.0, 1048.0, 0, 0, 0
L -3285.0, 648.0, 1050.0, -3280.0, 632.0, 1049.0, 0, 0, 0
L -3286.0, 650.0, 1049.0, -3285.0, 648.0, 1050.0, 0, 0, 0
L -3286.0, 683.0, 1049.0, -3286.0, 650.0, 1049.0, 0, 0, 0
L -3284.0, 690.0, 1049.0, -3286.0, 683.0, 1049.0, 0, 0, 0
L -3245.0, 724.0, 1048.0, -3203.0, 724.0, 1048.0, 0, 0, 0
L -3264.0, 718.0, 1048.0, -3245.0, 724.0, 1048.0, 0, 0, 0
L -3270.0, 727.0, 1048.0, -3264.0, 718.0, 1048.0, 0, 0, 0
L -3330.0, 808.0, 1048.0, -3329.0, 851.0, 1048.0, 0, 0, 0
L -3336.0, 790.0, 1048.0, -3330.0, 808.0, 1048.0, 0, 0, 0
L -3326.0, 784.0, 1048.0, -3336.0, 790.0, 1048.0, 0, 0, 0
L -3444.0, 809.0, 1048.0, -3444.0, 851.0, 1048.0, 0, 0, 0
L -3438.0, 790.0, 1048.0, -3444.0, 809.0, 1048.0, 0, 0, 0
L -3447.0, 785.0, 1048.0, -3438.0, 790.0, 1048.0, 0, 0, 0
L -3422.0, 774.0, 1048.0, -3427.0, 765.0, 1048.0, 0, 0, 0
L -3422.0, 774.0, 1048.0, -3404.0, 768.0, 1048.0, 0, 0, 0
L -3385.0, 767.0, 1048.0, -3404.0, 768.0, 1048.0, 0, 0, 0
L -3371.0, 768.0, 1048.0, -3385.0, 767.0, 1048.0, 0, 0, 0
L -3352.0, 774.0, 1048.0, -3371.0, 768.0, 1048.0, 0, 0, 0
L -3352.0, 774.0, 1048.0, -3346.0, 765.0, 1048.0, 0, 0, 0
L -3504.0, 747.0, 1048.0, -3511.0, 733.0, 1048.0, 0, 0, 0
L -3504.0, 748.0, 1048.0, -3504.0, 747.0, 1048.0, 0, 0, 0
L -3500.0, 762.0, 1048.0, -3504.0, 748.0, 1048.0, 0, 0, 0
L -3499.0, 770.0, 1048.0, -3500.0, 762.0, 1048.0, 0, 0, 0
L -3499.0, 770.0, 1048.0, -3512.0, 761.0, 1048.0, 0, 0, 0
L -3513.0, 750.0, 1048.0, -3512.0, 761.0, 1048.0, 0, 0, 0
L -3518.0, 736.0, 1048.0, -3513.0, 750.0, 1048.0, 0, 0, 0
L -3511.0, 733.0, 1048.0, -3518.0, 736.0, 1048.0, 0, 0, 0
L -747.0, -4.0, 56.0, -747.0, -7.0, 56.0, 0, 0, 0
L -742.0, 14.0, 56.0, -747.0, -4.0, 56.0, 0, 0, 0
L -763.0, -3.0, 56.0, -763.0, -7.0, 56.0, 0, 0, 0
L -767.0, 14.0, 56.0, -763.0, -3.0, 56.0, 0, 0, 0
L -894.0, 61.0, 56.0, -896.0, 61.0, 56.0, 0, 0, 0
L -875.0, 56.0, 56.0, -894.0, 61.0, 56.0, 0, 0, 0
L -894.0, 77.0, 56.0, -896.0, 77.0, 56.0, 0, 0, 0
L -875.0, 81.0, 56.0, -894.0, 77.0, 56.0, 0, 0, 0
L -763.0, 142.0, 56.0, -763.0, 144.0, 56.0, 0, 0, 0
L -767.0, 124.0, 56.0, -763.0, 142.0, 56.0, 0, 0, 0
L -747.0, 142.0, 56.0, -747.0, 144.0, 56.0, 0, 0, 0
L -743.0, 124.0, 56.0, -747.0, 142.0, 56.0, 0, 0, 0
L -616.0, 61.0, 56.0, -614.0, 61.0, 56.0, 0, 0, 0
L -635.0, 56.0, 56.0, -616.0, 61.0, 56.0, 0, 0, 0
L -616.0, 77.0, 56.0, -614.0, 77.0, 56.0, 0, 0, 0
L -635.0, 81.0, 56.0, -616.0, 77.0, 56.0, 0, 0, 0
L -624.0, 370.0, 61.0, -645.0, 370.0, 61.0, 0, 0, 0
L -624.0, 354.0, 61.0, -624.0, 370.0, 61.0, 0, 0, 0
L -612.0, 354.0, 61.0, -624.0, 354.0, 61.0, 0, 0, 0
L -612.0, 343.0, 61.0, -612.0, 354.0, 61.0, 0, 0, 0
L -596.0, 343.0, 61.0, -612.0, 343.0, 61.0, 0, 0, 0
L -596.0, 354.0, 61.0, -596.0, 343.0, 61.0, 0, 0, 0
L -579.0, 354.0, 61.0, -596.0, 354.0, 61.0, 0, 0, 0
L -579.0, 316.0, 61.0, -579.0, 354.0, 61.0, 0, 0, 0
L -568.0, 307.0, 61.0, -579.0, 316.0, 61.0, 0, 0, 0
L -568.0, 264.0, 61.0, -568.0, 307.0, 61.0, 0, 0, 0
L -579.0, 256.0, 61.0, -568.0, 264.0, 61.0, 0, 0, 0
L -579.0, 217.0, 61.0, -579.0, 256.0, 61.0, 0, 0, 0
L -596.0, 217.0, 61.0, -579.0, 217.0, 61.0, 0, 0, 0
L -596.0, 229.0, 61.0, -596.0, 217.0, 61.0, 0, 0, 0
L -612.0, 229.0, 61.0, -596.0, 229.0, 61.0, 0, 0, 0
L -612.0, 217.0, 61.0, -612.0, 229.0, 61.0, 0, 0, 0
L -624.0, 217.0, 61.0, -612.0, 217.0, 61.0, 0, 0, 0
L -624.0, 201.0, 61.0, -624.0, 217.0, 61.0, 0, 0, 0
L -612.0, 201.0, 61.0, -624.0, 201.0, 61.0, 0, 0, 0
L -612.0, 190.0, 61.0, -612.0, 201.0, 61.0, 0, 0, 0
L -596.0, 190.0, 61.0, -612.0, 190.0, 61.0, 0, 0, 0
L -596.0, 201.0, 61.0, -596.0, 190.0, 61.0, 0, 0, 0
L -519.0, 201.0, 61.0, -596.0, 201.0, 61.0, 0, 0, 0
L -519.0, 124.0, 61.0, -519.0, 201.0, 61.0, 0, 0, 0
L -531.0, 124.0, 61.0, -519.0, 124.0, 61.0, 0, 0, 0
L -531.0, 108.0, 61.0, -531.0, 124.0, 61.0, 0, 0, 0
L -519.0, 108.0, 61.0, -531.0, 108.0, 61.0, 0, 0, 0
L -519.0, 29.0, 61.0, -519.0, 108.0, 61.0, 0, 0, 0
L -596.0, 29.0, 61.0, -519.0, 29.0, 61.0, 0, 0, 0
L -596.0, 41.0, 61.0, -596.0, 29.0, 61.0, 0, 0, 0
L -612.0, 41.0, 61.0, -596.0, 41.0, 61.0, 0, 0, 0
L -612.0, 74.0, 61.0, -614.0, 74.0, 61.0, 0, 0, 0
L -614.0, 63.0, 61.0, -612.0, 63.0, 61.0, 0, 0, 0
L -614.0, 74.0, 56.0, -614.0, 77.0, 56.0, 0, 0, 0
L -614.0, 63.0, 56.0, -614.0, 61.0, 56.0, 0, 0, 0
L -612.0, 41.0, 61.0, -612.0, 63.0, 61.0, 0, 0, 0
L -612.0, 97.0, 61.0, -612.0, 74.0, 61.0, 0, 0, 0
L -596.0, 97.0, 61.0, -612.0, 97.0, 61.0, 0, 0, 0
L -596.0, 108.0, 61.0, -596.0, 97.0, 61.0, 0, 0, 0
L -585.0, 108.0, 61.0, -596.0, 108.0, 61.0, 0, 0, 0
L -585.0, 124.0, 61.0, -585.0, 108.0, 61.0, 0, 0, 0
L -596.0, 124.0, 61.0, -585.0, 124.0, 61.0, 0, 0, 0
L -596.0, 136.0, 61.0, -596.0, 124.0, 61.0, 0, 0, 0
L -612.0, 136.0, 61.0, -596.0, 136.0, 61.0, 0, 0, 0
L -612.0, 124.0, 61.0, -612.0, 136.0, 61.0, 0, 0, 0
L -689.0, 124.0, 61.0, -612.0, 124.0, 61.0, 0, 0, 0
L -689.0, 201.0, 61.0, -689.0, 124.0, 61.0, 0, 0, 0
L -678.0, 201.0, 61.0, -689.0, 201.0, 61.0, 0, 0, 0
L -678.0, 217.0, 61.0, -678.0, 201.0, 61.0, 0, 0, 0
L -689.0, 217.0, 61.0, -678.0, 217.0, 61.0, 0, 0, 0
L -689.0, 229.0, 61.0, -689.0, 217.0, 61.0, 0, 0, 0
L -705.0, 229.0, 61.0, -689.0, 229.0, 61.0, 0, 0, 0
L -705.0, 217.0, 61.0, -705.0, 229.0, 61.0, 0, 0, 0
L -722.0, 217.0, 61.0, -705.0, 217.0, 61.0, 0, 0, 0
L -722.0, 256.0, 61.0, -722.0, 217.0, 61.0, 0, 0, 0
L -734.0, 264.0, 61.0, -722.0, 256.0, 61.0, 0, 0, 0
L -734.0, 307.0, 61.0, -734.0, 264.0, 61.0, 0, 0, 0
L -722.0, 316.0, 61.0, -734.0, 307.0, 61.0, 0, 0, 0
L -722.0, 354.0, 61.0, -722.0, 316.0, 61.0, 0, 0, 0
L -705.0, 354.0, 61.0, -722.0, 354.0, 61.0, 0, 0, 0
L -705.0, 343.0, 61.0, -705.0, 354.0, 61.0, 0, 0, 0
L -689.0, 343.0, 61.0, -705.0, 343.0, 61.0, 0, 0, 0
L -689.0, 354.0, 61.0, -689.0, 343.0, 61.0, 0, 0, 0
L -678.0, 354.0, 61.0, -689.0, 354.0, 61.0, 0, 0, 0
L -678.0, 370.0, 61.0, -678.0, 354.0, 61.0, 0, 0, 0
L -656.0, 370.0, 61.0, -678.0, 370.0, 61.0, 0, 0, 0
L -656.0, 374.0, 61.0, -656.0, 370.0, 61.0, 0, 0, 0
L -645.0, 374.0, 61.0, -624.0, 374.0, 61.0, 0, 0, 0
L -645.0, 374.0, 61.0, -645.0, 370.0, 61.0, 0, 0, 0
L -612.0, 390.0, 61.0, -624.0, 390.0, 61.0, 0, 0, 0
L -624.0, 374.0, 61.0, -624.0, 390.0, 61.0, 0, 0, 0
L -612.0, 476.0, 41.0, -612.0, 465.2, 43.5, 0, 0, 0
L -624.0, 476.0, 41.0, -612.0, 476.0, 41.0, 0, 0, 0
L -624.0, 492.0, 41.0, -624.0, 476.0, 41.0, 0, 0, 0
L -612.0, 492.0, 41.0, -624.0, 492.0, 41.0, 0, 0, 0
L -612.0, 503.0, 41.0, -612.0, 492.0, 41.0, 0, 0, 0
L -596.0, 503.0, 41.0, -612.0, 503.0, 41.0, 0, 0, 0
L -596.0, 492.0, 41.0, -596.0, 503.0, 41.0, 0, 0, 0
L -510.0, 492.0, 21.0, -520.8, 492.0, 23.5, 0, 0, 0
L -510.0, 503.0, 21.0, -510.0, 492.0, 21.0, 0, 0, 0
L -494.0, 503.0, 21.0, -510.0, 503.0, 21.0, 0, 0, 0
L -494.0, 492.0, 21.0, -494.0, 503.0, 21.0, 0, 0, 0
L -483.0, 492.0, 21.0, -494.0, 492.0, 21.0, 0, 0, 0
L -483.0, 476.0, 21.0, -483.0, 492.0, 21.0, 0, 0, 0
L -494.0, 476.0, 21.0, -483.0, 476.0, 21.0, 0, 0, 0
L -494.0, 390.0, 1.0, -494.0, 400.8, 3.5, 0, 0, 0
L -483.0, 390.0, 1.0, -494.0, 390.0, 1.0, 0, 0, 0
L -483.0, 374.0, 1.0, -483.0, 390.0, 1.0, 0, 0, 0
L -461.0, 374.0, 1.0, -483.0, 374.0, 1.0, 0, 0, 0
L -461.0, 370.0, 1.0, -461.0, 374.0, 1.0, 0, 0, 0
L -491.0, 370.0, 1.0, -461.0, 370.0, 1.0, 0, 0, 0
L -491.0, 358.0, 1.0, -491.0, 370.0, 1.0, 0, 0, 0
L -506.0, 358.0, 1.0, -491.0, 358.0, 1.0, 0, 0, 0
L -506.0, 319.0, 1.0, -506.0, 358.0, 1.0, 0, 0, 0
L -491.0, 319.0, 1.0, -506.0, 319.0, 1.0, 0, 0, 0
L -491.0, 308.0, 1.0, -491.0, 319.0, 1.0, 0, 0, 0
L -399.0, 308.0, 1.0, -491.0, 308.0, 1.0, 0, 0, 0
L -399.0, 319.0, 1.0, -399.0, 308.0, 1.0, 0, 0, 0
L -383.0, 319.0, 1.0, -399.0, 319.0, 1.0, 0, 0, 0
L -383.0, 308.0, 1.0, -383.0, 319.0, 1.0, 0, 0, 0
L -678.0, 374.0, 61.0, -656.0, 374.0, 61.0, 0, 0, 0
L -678.0, 390.0, 61.0, -678.0, 374.0, 61.0, 0, 0, 0
L -689.0, 390.0, 61.0, -678.0, 390.0, 61.0, 0, 0, 0
L -689.0, 476.0, 41.0, -689.0, 465.2, 43.5, 0, 0, 0
L -678.0, 476.0, 41.0, -689.0, 476.0, 41.0, 0, 0, 0
L -678.0, 492.0, 41.0, -678.0, 476.0, 41.0, 0, 0, 0
L -689.0, 492.0, 41.0, -678.0, 492.0, 41.0, 0, 0, 0
L -689.0, 569.0, 41.0, -689.0, 492.0, 41.0, 0, 0, 0
L -612.0, 569.0, 41.0, -689.0, 569.0, 41.0, 0, 0, 0
L -612.0, 557.0, 41.0, -612.0, 569.0, 41.0, 0, 0, 0
L -596.0, 557.0, 41.0, -612.0, 557.0, 41.0, 0, 0, 0
L -596.0, 569.0, 41.0, -596.0, 557.0, 41.0, 0, 0, 0
L -510.0, 569.0, 21.0, -520.8, 569.0, 23.5, 0, 0, 0
L -510.0, 557.0, 21.0, -510.0, 569.0, 21.0, 0, 0, 0
L -494.0, 557.0, 21.0, -510.0, 557.0, 21.0, 0, 0, 0
L -494.0, 569.0, 21.0, -494.0, 557.0, 21.0, 0, 0, 0
L -417.0, 569.0, 21.0, -494.0, 569.0, 21.0, 0, 0, 0
L -417.0, 492.0, 21.0, -417.0, 569.0, 21.0, 0, 0, 0
L -429.0, 492.0, 21.0, -417.0, 492.0, 21.0, 0, 0, 0
L -429.0, 476.0, 21.0, -429.0, 492.0, 21.0, 0, 0, 0
L -417.0, 476.0, 21.0, -429.0, 476.0, 21.0, 0, 0, 0
L -417.0, 390.0, 1.0, -417.0, 400.8, 3.5, 0, 0, 0
L -429.0, 390.0, 1.0, -417.0, 390.0, 1.0, 0, 0, 0
L -429.0, 374.0, 1.0, -429.0, 390.0, 1.0, 0, 0, 0
L -429.0, 374.0, 1.0, -450.0, 374.0, 1.0, 0, 0, 0
L -450.0, 374.0, 1.0, -450.0, 370.0, 1.0, 0, 0, 0
L -399.0, 370.0, 1.0, -450.0, 370.0, 1.0, 0, 0, 0
L -399.0, 358.0, 1.0, -399.0, 370.0, 1.0, 0, 0, 0
L -383.0, 358.0, 1.0, -399.0, 358.0, 1.0, 0, 0, 0
L -383.0, 370.0, 1.0, -383.0, 358.0, 1.0, 0, 0, 0
L -291.0, 370.0, 1.0, -383.0, 370.0, 1.0, 0, 0, 0
L -291.0, 358.0, 1.0, -291.0, 370.0, 1.0, 0, 0, 0
L -275.0, 358.0, 1.0, -291.0, 358.0, 1.0, 0, 0, 0
L -275.0, 319.0, 1.0, -275.0, 358.0, 1.0, 0, 0, 0
L -291.0, 319.0, 1.0, -275.0, 319.0, 1.0, 0, 0, 0
L -291.0, 308.0, 1.0, -291.0, 319.0, 1.0, 0, 0, 0
L -334.0, 194.0, 1.0, -338.0, 209.0, 1.0, 0, 0, 0
L -348.0, 186.0, 1.0, -334.0, 194.0, 1.0, 0, 0, 0
L -355.0, 173.0, 1.0, -348.0, 186.0, 1.0, 0, 0, 0
L -371.0, 177.0, 1.0, -355.0, 173.0, 1.0, 0, 0, 0
L -372.0, 164.0, 1.0, -371.0, 177.0, 1.0, 0, 0, 0
L -371.0, 152.0, 1.0, -372.0, 164.0, 1.0, 0, 0, 0
L -355.0, 156.0, 1.0, -371.0, 152.0, 1.0, 0, 0, 0
L -348.0, 143.0, 1.0, -355.0, 156.0, 1.0, 0, 0, 0
L -334.0, 135.0, 1.0, -348.0, 143.0, 1.0, 0, 0, 0
L -338.0, 120.0, 1.0, -334.0, 135.0, 1.0, 0, 0, 0
L -327.0, 118.0, 1.0, -338.0, 120.0, 1.0, 0, 0, 0
L -318.0, 119.0, 1.0, -327.0, 118.0, 1.0, 0, 0, 0
L -314.0, 120.0, 1.0, -318.0, 119.0, 1.0, 0, 0, 0
L -318.0, 135.0, 1.0, -314.0, 120.0, 1.0, 0, 0, 0
L -304.0, 143.0, 1.0, -318.0, 135.0, 1.0, 0, 0, 0
L -296.0, 156.0, 1.0, -304.0, 143.0, 1.0, 0, 0, 0
L -281.0, 152.0, 1.0, -296.0, 156.0, 1.0, 0, 0, 0
L -281.0, 177.0, 1.0, -296.0, 173.0, 1.0, 0, 0, 0
L -280.0, 159.0, 1.0, -281.0, 152.0, 1.0, 0, 0, 0
L -280.0, 165.0, 1.0, -280.0, 159.0, 1.0, 0, 0, 0
L -281.0, 173.0, 1.0, -280.0, 165.0, 1.0, 0, 0, 0
L -281.0, 177.0, 1.0, -281.0, 173.0, 1.0, 0, 0, 0
L -304.0, 186.0, 1.0, -296.0, 173.0, 1.0, 0, 0, 0
L -318.0, 194.0, 1.0, -304.0, 186.0, 1.0, 0, 0, 0
L -314.0, 209.0, 1.0, -318.0, 194.0, 1.0, 0, 0, 0
L -325.0, 211.0, 1.0, -314.0, 209.0, 1.0, 0, 0, 0
L -338.0, 209.0, 1.0, -325.0, 211.0, 1.0, 0, 0, 0
L -301.0, 57.0, 1.0, -307.0, 55.0, 1.0, 0, 0, 0
L -288.0, 60.0, 1.0, -301.0, 57.0, 1.0, 0, 0, 0
L -280.0, 46.0, 1.0, -288.0, 60.0, 1.0, 0, 0, 0
L -247.0, 66.0, 1.0, -280.0, 46.0, 1.0, 0, 0, 0
L -255.0, 79.0, 1.0, -247.0, 66.0, 1.0, 0, 0, 0
L -241.0, 93.0, 1.0, -255.0, 79.0, 1.0, 0, 0, 0
L -228.0, 85.0, 1.0, -241.0, 93.0, 1.0, 0, 0, 0
L -208.0, 119.0, 1.0, -228.0, 85.0, 1.0, 0, 0, 0
L -222.0, 126.0, 1.0, -208.0, 119.0, 1.0, 0, 0, 0
L -219.0, 136.0, 1.0, -222.0, 126.0, 1.0, 0, 0, 0
L -217.0, 145.0, 1.0, -219.0, 136.0, 1.0, 0, 0, 0
L -201.0, 145.0, 1.0, -217.0, 145.0, 1.0, 0, 0, 0
L -201.0, 184.0, 1.0, -201.0, 145.0, 1.0, 0, 0, 0
L -217.0, 183.0, 1.0, -201.0, 184.0, 1.0, 0, 0, 0
L -217.0, 185.0, 1.0, -217.0, 184.0, 1.0, 0, 0, 0
L -219.0, 193.0, 1.0, -217.0, 183.0, 1.0, 0, 0, 0
L -222.0, 203.0, 1.0, -219.0, 193.0, 1.0, 0, 0, 0
L -208.0, 210.0, 1.0, -222.0, 203.0, 1.0, 0, 0, 0
L -228.0, 244.0, 1.0, -208.0, 210.0, 1.0, 0, 0, 0
L -241.0, 235.0, 1.0, -228.0, 244.0, 1.0, 0, 0, 0
L -247.0, 242.0, 1.0, -241.0, 235.0, 1.0, 0, 0, 0
L -255.0, 250.0, 1.0, -247.0, 242.0, 1.0, 0, 0, 0
L -254.0, 250.0, 1.0, -255.0, 250.0, 1.0, 0, 0, 0
L -247.0, 263.0, 1.0, -254.0, 250.0, 1.0, 0, 0, 0
L -280.0, 282.0, 1.0, -247.0, 263.0, 1.0, 0, 0, 0
L -288.0, 268.0, 1.0, -280.0, 282.0, 1.0, 0, 0, 0
L -296.0, 271.0, 1.0, -288.0, 268.0, 1.0, 0, 0, 0
L -307.0, 273.0, 1.0, -296.0, 271.0, 1.0, 0, 0, 0
L -306.0, 290.0, 1.0, -307.0, 273.0, 1.0, 0, 0, 0
L -332.0, 308.0, 1.0, -332.0, 303.0, 1.0, 0, 0, 0
L -383.0, 308.0, 1.0, -332.0, 308.0, 1.0, 0, 0, 0
L -320.0, 308.0, 1.0, -320.0, 303.0, 1.0, 0, 0, 0
L -291.0, 308.0, 1.0, -320.0, 308.0, 1.0, 0, 0, 0
L -299.0, 290.0, 1.0, -306.0, 290.0, 1.0, 0, 0, 0
L -299.0, 303.0, 1.0, -299.0, 290.0, 1.0, 0, 0, 0
L -320.0, 303.0, 1.0, -299.0, 303.0, 1.0, 0, 0, 0
L -353.0, 303.0, 1.0, -332.0, 303.0, 1.0, 0, 0, 0
L -353.0, 290.0, 1.0, -353.0, 303.0, 1.0, 0, 0, 0
L -346.0, 290.0, 1.0, -353.0, 290.0, 1.0, 0, 0, 0
L -345.0, 273.0, 1.0, -346.0, 290.0, 1.0, 0, 0, 0
L -354.0, 271.0, 1.0, -345.0, 273.0, 1.0, 0, 0, 0
L -364.0, 268.0, 1.0, -354.0, 271.0, 1.0, 0, 0, 0
L -371.0, 282.0, 1.0, -364.0, 268.0, 1.0, 0, 0, 0
L -405.0, 263.0, 1.0, -371.0, 282.0, 1.0, 0, 0, 0
L -399.0, 252.0, 1.0, -405.0, 263.0, 1.0, 0, 0, 0
L -397.0, 249.0, 1.0, -399.0, 252.0, 1.0, 0, 0, 0
L -404.0, 243.0, 1.0, -397.0, 249.0, 1.0, 0, 0, 0
L -411.0, 235.0, 1.0, -404.0, 243.0, 1.0, 0, 0, 0
L -413.0, 237.0, 1.0, -411.0, 235.0, 1.0, 0, 0, 0
L -424.0, 244.0, 1.0, -413.0, 237.0, 1.0, 0, 0, 0
L -444.0, 210.0, 1.0, -424.0, 244.0, 1.0, 0, 0, 0
L -430.0, 203.0, 1.0, -444.0, 210.0, 1.0, 0, 0, 0
L -433.0, 193.0, 1.0, -430.0, 203.0, 1.0, 0, 0, 0
L -435.0, 183.0, 1.0, -433.0, 193.0, 1.0, 0, 0, 0
L -441.0, 184.0, 1.0, -435.0, 183.0, 1.0, 0, 0, 0
L -451.0, 184.0, 1.0, -441.0, 184.0, 1.0, 0, 0, 0
L -451.0, 145.0, 1.0, -451.0, 184.0, 1.0, 0, 0, 0
L -435.0, 145.0, 1.0, -451.0, 145.0, 1.0, 0, 0, 0
L -433.0, 136.0, 1.0, -435.0, 145.0, 1.0, 0, 0, 0
L -430.0, 126.0, 1.0, -433.0, 136.0, 1.0, 0, 0, 0
L -435.0, 124.0, 1.0, -430.0, 126.0, 1.0, 0, 0, 0
L -444.0, 119.0, 1.0, -435.0, 124.0, 1.0, 0, 0, 0
L -426.0, 87.0, 1.0, -444.0, 119.0, 1.0, 0, 0, 0
L -424.0, 85.0, 1.0, -426.0, 87.0, 1.0, 0, 0, 0
L -411.0, 93.0, 1.0, -424.0, 85.0, 1.0, 0, 0, 0
L -397.0, 79.0, 1.0, -411.0, 93.0, 1.0, 0, 0, 0
L -398.0, 78.0, 1.0, -397.0, 79.0, 1.0, 0, 0, 0
L -405.0, 66.0, 1.0, -398.0, 78.0, 1.0, 0, 0, 0
L -371.0, 46.0, 1.0, -405.0, 66.0, 1.0, 0, 0, 0
L -365.0, 59.0, 1.0, -371.0, 46.0, 1.0, 0, 0, 0
L -364.0, 60.0, 1.0, -365.0, 59.0, 1.0, 0, 0, 0
L -355.0, 57.0, 1.0, -364.0, 60.0, 1.0, 0, 0, 0
L -345.0, 55.0, 1.0, -355.0, 57.0, 1.0, 0, 0, 0
L -307.0, -192.0, 1.0, -307.0, -198.0, 1.0, 0, 0, 0
L -298.0, -190.0, 1.0, -307.0, -192.0, 1.0, 0, 0, 0
L -288.0, -187.0, 1.0, -298.0, -190.0, 1.0, 0, 0, 0
L -287.0, -189.0, 1.0, -288.0, -187.0, 1.0, 0, 0, 0
L -280.0, -201.0, 1.0, -287.0, -189.0, 1.0, 0, 0, 0
L -247.0, -181.0, 1.0, -280.0, -201.0, 1.0, 0, 0, 0
L -254.0, -170.0, 1.0, -247.0, -181.0, 1.0, 0, 0, 0
L -255.0, -168.0, 1.0, -254.0, -170.0, 1.0, 0, 0, 0
L -241.0, -154.0, 1.0, -255.0, -168.0, 1.0, 0, 0, 0
L -239.0, -156.0, 1.0, -241.0, -154.0, 1.0, 0, 0, 0
L -228.0, -162.0, 1.0, -239.0, -156.0, 1.0, 0, 0, 0
L -208.0, -128.0, 1.0, -228.0, -162.0, 1.0, 0, 0, 0
L -222.0, -121.0, 1.0, -208.0, -128.0, 1.0, 0, 0, 0
L -219.0, -111.0, 1.0, -222.0, -121.0, 1.0, 0, 0, 0
L -217.0, -102.0, 1.0, -219.0, -111.0, 1.0, 0, 0, 0
L -214.0, -102.0, 1.0, -217.0, -102.0, 1.0, 0, 0, 0
L -201.0, -103.0, 1.0, -214.0, -102.0, 1.0, 0, 0, 0
L -201.0, -63.0, 1.0, -201.0, -103.0, 1.0, 0, 0, 0
L -215.0, -64.0, 1.0, -201.0, -63.0, 1.0, 0, 0, 0
L -217.0, -64.0, 1.0, -215.0, -64.0, 1.0, 0, 0, 0
L -219.0, -54.0, 1.0, -217.0, -64.0, 1.0, 0, 0, 0
L -222.0, -45.0, 1.0, -219.0, -54.0, 1.0, 0, 0, 0
L -208.0, -38.0, 1.0, -222.0, -45.0, 1.0, 0, 0, 0
L -228.0, -4.0, 1.0, -208.0, -38.0, 1.0, 0, 0, 0
L -240.0, -11.0, 1.0, -228.0, -4.0, 1.0, 0, 0, 0
L -241.0, -12.0, 1.0, -240.0, -11.0, 1.0, 0, 0, 0
L -248.0, -4.0, 1.0, -241.0, -12.0, 1.0, 0, 0, 0
L -255.0, 2.0, 1.0, -248.0, -4.0, 1.0, 0, 0, 0
L -254.0, 3.0, 1.0, -255.0, 2.0, 1.0, 0, 0, 0
L -247.0, 15.0, 1.0, -254.0, 3.0, 1.0, 0, 0, 0
L -280.0, 35.0, 1.0, -247.0, 15.0, 1.0, 0, 0, 0
L -287.0, 22.0, 1.0, -280.0, 35.0, 1.0, 0, 0, 0
L -288.0, 21.0, 1.0, -287.0, 22.0, 1.0, 0, 0, 0
L -296.0, 24.0, 1.0, -288.0, 21.0, 1.0, 0, 0, 0
L -307.0, 26.0, 1.0, -296.0, 24.0, 1.0, 0, 0, 0
L -307.0, 55.0, 1.0, -307.0, 26.0, 1.0, 0, 0, 0
L -345.0, 26.0, 1.0, -345.0, 55.0, 1.0, 0, 0, 0
L -354.0, 24.0, 1.0, -345.0, 26.0, 1.0, 0, 0, 0
L -364.0, 21.0, 1.0, -354.0, 24.0, 1.0, 0, 0, 0
L -365.0, 22.0, 1.0, -364.0, 21.0, 1.0, 0, 0, 0
L -371.0, 35.0, 1.0, -365.0, 22.0, 1.0, 0, 0, 0
L -405.0, 15.0, 1.0, -371.0, 35.0, 1.0, 0, 0, 0
L -398.0, 3.0, 1.0, -405.0, 15.0, 1.0, 0, 0, 0
L -397.0, 2.0, 1.0, -398.0, 3.0, 1.0, 0, 0, 0
L -411.0, -12.0, 1.0, -397.0, 2.0, 1.0, 0, 0, 0
L -413.0, -11.0, 1.0, -411.0, -12.0, 1.0, 0, 0, 0
L -424.0, -4.0, 1.0, -413.0, -11.0, 1.0, 0, 0, 0
L -444.0, -38.0, 1.0, -424.0, -4.0, 1.0, 0, 0, 0
L -430.0, -45.0, 1.0, -444.0, -38.0, 1.0, 0, 0, 0
L -430.0, -46.0, 1.0, -430.0, -45.0, 1.0, 0, 0, 0
L -433.0, -53.0, 1.0, -430.0, -45.0, 1.0, 0, 0, 0
L -435.0, -64.0, 1.0, -433.0, -53.0, 1.0, 0, 0, 0
L -437.0, -64.0, 1.0, -435.0, -64.0, 1.0, 0, 0, 0
L -451.0, -63.0, 1.0, -437.0, -64.0, 1.0, 0, 0, 0
L -451.0, -103.0, 1.0, -451.0, -63.0, 1.0, 0, 0, 0
L -435.0, -102.0, 1.0, -451.0, -103.0, 1.0, 0, 0, 0
L -433.0, -112.0, 1.0, -435.0, -102.0, 1.0, 0, 0, 0
L -430.0, -121.0, 1.0, -433.0, -112.0, 1.0, 0, 0, 0
L -431.0, -122.0, 1.0, -430.0, -121.0, 1.0, 0, 0, 0
L -444.0, -128.0, 1.0, -431.0, -122.0, 1.0, 0, 0, 0
L -424.0, -162.0, 1.0, -444.0, -128.0, 1.0, 0, 0, 0
L -411.0, -154.0, 1.0, -424.0, -162.0, 1.0, 0, 0, 0
L -411.0, -154.0, 1.0, -405.0, -160.0, 1.0, 0, 0, 0
L -397.0, -168.0, 1.0, -405.0, -160.0, 1.0, 0, 0, 0
L -398.0, -169.0, 1.0, -397.0, -169.0, 1.0, 0, 0, 0
L -405.0, -181.0, 1.0, -397.0, -168.0, 1.0, 0, 0, 0
L -371.0, -201.0, 1.0, -405.0, -181.0, 1.0, 0, 0, 0
L -364.0, -187.0, 1.0, -371.0, -201.0, 1.0, 0, 0, 0
L -359.0, -189.0, 1.0, -364.0, -187.0, 1.0, 0, 0, 0
L -345.0, -192.0, 1.0, -359.0, -189.0, 1.0, 0, 0, 0
L -299.0, -208.0, 1.0, -299.0, -222.0, 1.0, 0, 0, 0
L -306.0, -208.0, 1.0, -299.0, -208.0, 1.0, 0, 0, 0
L -307.0, -198.0, 1.0, -307.0, -199.0, 1.0, 0, 0, 0
L -307.0, -198.0, 1.0, -306.0, -208.0, 1.0, 0, 0, 0
L -346.0, -208.0, 1.0, -345.0, -192.0, 1.0, 0, 0, 0
L -353.0, -208.0, 1.0, -346.0, -208.0, 1.0, 0, 0, 0
L -353.0, -222.0, 1.0, -353.0, -208.0, 1.0, 0, 0, 0
L -332.0, -222.0, 1.0, -353.0, -222.0, 1.0, 0, 0, 0
L -299.0, -222.0, 1.0, -320.0, -222.0, 1.0, 0, 0, 0
L -320.0, -226.0, 1.0, -320.0, -222.0, 1.0, 0, 0, 0
L -332.0, -226.0, 1.0, -332.0, -222.0, 1.0, 0, 0, 0
L -332.0, -226.0, 1.0, -361.0, -226.0, 1.0, 0, 0, 0
L -161.0, -277.0, 1.0, -161.0, -288.0, 1.0, 0, 0, 0
L -146.0, -277.0, 1.0, -161.0, -277.0, 1.0, 0, 0, 0
L -146.0, -238.0, 1.0, -146.0, -277.0, 1.0, 0, 0, 0
L -161.0, -238.0, 1.0, -146.0, -238.0, 1.0, 0, 0, 0
L -161.0, -226.0, 1.0, -161.0, -238.0, 1.0, 0, 0, 0
L -253.0, -226.0, 1.0, -161.0, -226.0, 1.0, 0, 0, 0
L -253.0, -238.0, 1.0, -253.0, -226.0, 1.0, 0, 0, 0
L -269.0, -238.0, 1.0, -253.0, -238.0, 1.0, 0, 0, 0
L -269.0, -226.0, 1.0, -269.0, -238.0, 1.0, 0, 0, 0
L -320.0, -226.0, 1.0, -269.0, -226.0, 1.0, 0, 0, 0
L -361.0, -238.0, 1.0, -361.0, -226.0, 1.0, 0, 0, 0
L -377.0, -238.0, 1.0, -361.0, -238.0, 1.0, 0, 0, 0
L -377.0, -277.0, 1.0, -377.0, -238.0, 1.0, 0, 0, 0
L -361.0, -277.0, 1.0, -377.0, -277.0, 1.0, 0, 0, 0
L -361.0, -289.0, 1.0, -361.0, -277.0, 1.0, 0, 0, 0
L -269.0, -289.0, 1.0, -361.0, -289.0, 1.0, 0, 0, 0
L -269.0, -277.0, 1.0, -269.0, -289.0, 1.0, 0, 0, 0
L -253.0, -277.0, 1.0, -269.0, -277.0, 1.0, 0, 0, 0
L -253.0, -289.0, 1.0, -253.0, -277.0, 1.0, 0, 0, 0
L -202.0, -289.0, 1.0, -253.0, -289.0, 1.0, 0, 0, 0
L -191.0, -289.0, 1.0, -161.0, -288.0, 1.0, 0, 0, 0
L -191.0, -289.0, 1.0, -191.0, -293.0, 1.0, 0, 0, 0
L -202.0, -293.0, 1.0, -202.0, -289.0, 1.0, 0, 0, 0
L -56.0, -488.0, -39.0, -56.0, -476.0, -39.0, 150, 150, 150
L -158.0, -488.0, -19.0, -235.0, -488.0, -19.0, 0, 0, 0
L -56.0, -488.0, -39.0, -66.8, -488.0, -36.5, 0, 0, 0
L -142.0, -476.0, -19.0, -142.0, -488.0, -19.0, 0, 0, 0
L -158.0, -476.0, -19.0, -142.0, -476.0, -19.0, 0, 0, 0
L -158.0, -488.0, -19.0, -158.0, -476.0, -19.0, 0, 0, 0
L -223.0, -410.0, -19.0, -235.0, -410.0, -19.0, 0, 0, 0
L -223.0, -395.0, -19.0, -223.0, -410.0, -19.0, 0, 0, 0
L -235.0, -395.0, -19.0, -223.0, -395.0, -19.0, 0, 0, 0
L -235.0, -309.0, 1.0, -235.0, -319.8, -1.5, 0, 0, 0
L -223.0, -309.0, 1.0, -235.0, -309.0, 1.0, 0, 0, 0
L -223.0, -293.0, 1.0, -223.0, -309.0, 1.0, 0, 0, 0
L -202.0, -293.0, 1.0, -223.0, -293.0, 1.0, 0, 0, 0
L -191.0, -293.0, 1.0, -169.0, -293.0, 1.0, 0, 0, 0
L -169.0, -309.0, 1.0, -169.0, -293.0, 1.0, 0, 0, 0
L -158.0, -309.0, 1.0, -169.0, -309.0, 1.0, 0, 0, 0
L -158.0, -395.0, -19.0, -158.0, -384.2, -16.5, 0, 0, 0
L -169.0, -395.0, -19.0, -158.0, -395.0, -19.0, 0, 0, 0
L -169.0, -410.0, -19.0, -169.0, -395.0, -19.0, 0, 0, 0
L -158.0, -410.0, -19.0, -169.0, -410.0, -19.0, 0, 0, 0
L -158.0, -422.0, -19.0, -158.0, -410.0, -19.0, 0, 0, 0
L -142.0, -422.0, -19.0, -158.0, -422.0, -19.0, 0, 0, 0
L -142.0, -410.0, -19.0, -142.0, -422.0, -19.0, 0, 0, 0
L -56.0, -476.0, -39.0, -56.0, -422.0, -39.0, 150, 150, 150
L -7.0, -293.0, -59.0, -28.0, -293.0, -59.0, 0, 0, 0
L -7.0, -289.0, -59.0, -7.0, -293.0, -59.0, 0, 0, 0
L -28.0, -278.0, -59.0, -28.0, -288.0, -59.0, 0, 0, 0
L -7.0, -289.0, -59.0, -28.0, -288.0, -59.0, 0, 0, 0
L 26.0, -289.0, -59.0, 26.0, -278.0, -59.0, 0, 0, 0
L 5.0, -289.0, -59.0, 26.0, -289.0, -59.0, 0, 0, 0
L 5.0, -293.0, -59.0, 5.0, -289.0, -59.0, 0, 0, 0
L 5.0, -293.0, -59.0, 26.0, -293.0, -59.0, 0, 0, 0
L 26.0, -293.0, -59.0, 26.0, -308.0, -59.0, 0, 0, 0
L -235.0, -410.0, -19.0, -235.0, -488.0, -19.0, 0, 0, 0
L -40.0, -308.0, -59.0, -40.0, -318.9, -56.5, 0, 0, 0
L 37.0, -27.0, -31.0, 65.0, -44.0, -31.0, 0, 0, 0
L 37.0, 26.0, -43.0, 37.0, -27.0, -31.0, 0, 0, 0
L -742.0, 81.0, 56.0, -725.0, 81.0, 56.0, 150, 150, 150
L -742.0, 81.0, 56.0, -742.0, 99.0, 56.0, 150, 150, 150
L -767.0, 81.0, 56.0, -767.0, 99.0, 56.0, 150, 150, 150
L -767.0, 81.0, 56.0, -785.0, 81.0, 56.0, 150, 150, 150
L -767.0, 56.0, 56.0, -785.0, 56.0, 56.0, 150, 150, 150
L -767.0, 56.0, 56.0, -767.0, 39.0, 56.0, 150, 150, 150
L -742.0, 56.0, 56.0, -724.0, 56.0, 56.0, 150, 150, 150
L -742.0, 56.0, 56.0, -742.0, 38.0, 56.0, 150, 150, 150
L -630.0, 37.0, 56.0, -614.0, 37.0, 56.0, 0, 0, 0
L -635.0, 35.0, 56.0, -635.0, 14.0, 56.0, 0, 0, 0
L -713.0, 27.0, 56.0, -713.0, 14.0, 56.0, 0, 0, 0
L -713.0, 14.0, 56.0, -700.0, 14.0, 56.0, 0, 0, 0
L -700.0, 14.0, 56.0, -635.0, 14.0, 56.0, 0, 0, 0
L -700.0, 14.0, 56.0, -700.0, -7.0, 56.0, 0, 0, 0
L -700.0, -7.0, 56.0, -747.0, -7.0, 56.0, 0, 0, 0
L -763.0, -7.0, 56.0, -809.0, -7.0, 56.0, 0, 0, 0
L -809.0, -7.0, 56.0, -809.0, 13.0, 56.0, 0, 0, 0
L -809.0, 13.0, 56.0, -797.0, 13.0, 56.0, 0, 0, 0
L -797.0, 13.0, 56.0, -797.0, 27.0, 56.0, 0, 0, 0
L -797.0, 27.0, 56.0, -810.0, 27.0, 56.0, 0, 0, 0
L -810.0, 14.0, 56.0, -810.0, 27.0, 56.0, 0, 0, 0
L -810.0, 14.0, 56.0, -875.0, 14.0, 56.0, 0, 0, 0
L -875.0, 14.0, 56.0, -875.0, 37.0, 56.0, 0, 0, 0
L -875.0, 37.0, 56.0, -896.0, 37.0, 56.0, 0, 0, 0
L -896.0, 37.0, 56.0, -896.0, 61.0, 56.0, 0, 0, 0
L -896.0, 101.0, 56.0, -875.0, 101.0, 56.0, 0, 0, 0
L -875.0, 101.0, 56.0, -875.0, 123.0, 56.0, 0, 0, 0
L -875.0, 123.0, 56.0, -810.0, 123.0, 56.0, 0, 0, 0
L -810.0, 123.0, 56.0, -810.0, 110.0, 56.0, 0, 0, 0
L -810.0, 110.0, 56.0, -797.0, 110.0, 56.0, 0, 0, 0
L -797.0, 110.0, 56.0, -797.0, 124.0, 56.0, 0, 0, 0
L -809.0, 124.0, 56.0, -797.0, 124.0, 56.0, 0, 0, 0
L -809.0, 124.0, 56.0, -809.0, 144.0, 56.0, 0, 0, 0
L -809.0, 144.0, 56.0, -763.0, 144.0, 56.0, 0, 0, 0
L -747.0, 144.0, 56.0, -700.0, 144.0, 56.0, 0, 0, 0
L -700.0, 144.0, 56.0, -700.0, 124.0, 56.0, 0, 0, 0
L -700.0, 124.0, 56.0, -713.0, 124.0, 56.0, 0, 0, 0
L -713.0, 124.0, 56.0, -713.0, 110.0, 56.0, 0, 0, 0
L -713.0, 110.0, 56.0, -700.0, 110.0, 56.0, 0, 0, 0
L -700.0, 123.0, 56.0, -700.0, 110.0, 56.0, 0, 0, 0
L -700.0, 123.0, 56.0, -635.0, 123.0, 56.0, 0, 0, 0
L -635.0, 101.0, 56.0, -614.0, 101.0, 56.0, 0, 0, 0
L -635.0, 101.0, 56.0, -635.0, 123.0, 56.0, 0, 0, 0
L -763.0, -9.0, 61.0, -775.0, -9.0, 61.0, 0, 0, 0
L -775.0, -9.0, 61.0, -775.0, -11.0, 61.0, 0, 0, 0
L -775.0, -11.0, 61.0, -781.0, -11.0, 61.0, 0, 0, 0
L -781.0, -9.0, 61.0, -781.0, -11.0, 61.0, 0, 0, 0
L -781.0, -9.0, 61.0, -785.0, -9.0, 61.0, 0, 0, 0
L -785.0, -9.0, 61.0, -785.0, -49.0, 61.0, 0, 0, 0
L -785.0, -49.0, 61.0, -781.0, -49.0, 61.0, 0, 0, 0
L -781.0, -49.0, 61.0, -781.0, -47.0, 61.0, 0, 0, 0
L -781.0, -47.0, 61.0, -775.0, -47.0, 61.0, 0, 0, 0
L -775.0, -49.0, 61.0, -775.0, -47.0, 61.0, 0, 0, 0
L -775.0, -49.0, 61.0, -734.0, -49.0, 61.0, 0, 0, 0
L -734.0, -49.0, 61.0, -734.0, -47.0, 61.0, 0, 0, 0
L -728.0, -49.0, 61.0, -728.0, -47.0, 61.0, 0, 0, 0
L -728.0, -47.0, 61.0, -734.0, -47.0, 61.0, 0, 0, 0
L -728.0, -49.0, 61.0, -724.0, -49.0, 61.0, 0, 0, 0
L -724.0, -49.0, 61.0, -724.0, -9.0, 61.0, 0, 0, 0
L -724.0, -9.0, 61.0, -728.0, -9.0, 61.0, 0, 0, 0
L -728.0, -9.0, 61.0, -728.0, -11.0, 61.0, 0, 0, 0
L -728.0, -11.0, 61.0, -734.0, -11.0, 61.0, 0, 0, 0
L -734.0, -9.0, 61.0, -734.0, -11.0, 61.0, 0, 0, 0
L -734.0, -9.0, 61.0, -747.0, -9.0, 61.0, 0, 0, 0
L -734.0, 147.0, 61.0, -734.0, 148.0, 61.0, 0, 0, 0
L -734.0, 147.0, 61.0, -747.0, 147.0, 61.0, 0, 0, 0
L -734.0, 148.0, 61.0, -728.0, 148.0, 61.0, 0, 0, 0
L -728.0, 147.0, 61.0, -728.0, 148.0, 61.0, 0, 0, 0
L -728.0, 147.0, 61.0, -724.0, 147.0, 61.0, 0, 0, 0
L -724.0, 147.0, 61.0, -724.0, 186.0, 61.0, 0, 0, 0
L -724.0, 186.0, 61.0, -728.0, 186.0, 61.0, 0, 0, 0
L -728.0, 186.0, 61.0, -728.0, 185.0, 61.0, 0, 0, 0
L -728.0, 185.0, 61.0, -734.0, 185.0, 61.0, 0, 0, 0
L -734.0, 186.0, 61.0, -734.0, 185.0, 61.0, 0, 0, 0
L -734.0, 186.0, 61.0, -775.0, 186.0, 61.0, 0, 0, 0
L -775.0, 186.0, 61.0, -775.0, 185.0, 61.0, 0, 0, 0
L -775.0, 185.0, 61.0, -781.0, 185.0, 61.0, 0, 0, 0
L -781.0, 186.0, 61.0, -781.0, 185.0, 61.0, 0, 0, 0
L -781.0, 186.0, 61.0, -785.0, 186.0, 61.0, 0, 0, 0
L -785.0, 186.0, 61.0, -785.0, 147.0, 61.0, 0, 0, 0
L -785.0, 147.0, 61.0, -781.0, 147.0, 61.0, 0, 0, 0
L -781.0, 147.0, 61.0, -781.0, 148.0, 61.0, 0, 0, 0
L -781.0, 148.0, 61.0, -775.0, 148.0, 61.0, 0, 0, 0
L -775.0, 147.0, 61.0, -775.0, 148.0, 61.0, 0, 0, 0
L -775.0, 147.0, 61.0, -763.0, 147.0, 61.0, 0, 0, 0
L -914.0, 108.0, 61.0, -914.0, 97.0, 61.0, 0, 0, 0
L -914.0, 97.0, 61.0, -898.0, 97.0, 61.0, 0, 0, 0
L -898.0, 63.0, 61.0, -898.0, 41.0, 61.0, 0, 0, 0
L -898.0, 74.0, 61.0, -898.0, 97.0, 61.0, 0, 0, 0
L -914.0, 29.0, 61.0, -914.0, 41.0, 61.0, 0, 0, 0
L -914.0, 41.0, 61.0, -898.0, 41.0, 61.0, 0, 0, 0
L -898.0, 74.0, 61.0, -896.0, 74.0, 61.0, 0, 0, 0
L -898.0, 63.0, 61.0, -896.0, 63.0, 61.0, 0, 0, 0
L -914.0, 29.0, 61.0, -925.0, 29.0, 61.0, 0, 0, 0
L -925.0, 29.0, 61.0, -925.0, 13.0, 61.0, 0, 0, 0
L -925.0, 13.0, 61.0, -914.0, 13.0, 61.0, 0, 0, 0
L -914.0, 13.0, 61.0, -914.0, 2.0, 61.0, 0, 0, 0
L -914.0, 2.0, 61.0, -898.0, 2.0, 61.0, 0, 0, 0
L -898.0, 2.0, 61.0, -898.0, 13.0, 61.0, 0, 0, 0
L -898.0, 13.0, 61.0, -880.0, 13.0, 61.0, 0, 0, 0
L -880.0, 13.0, 61.0, -880.0, -25.0, 61.0, 0, 0, 0
L -880.0, -25.0, 61.0, -869.0, -34.0, 61.0, 0, 0, 0
L -869.0, -34.0, 61.0, -869.0, -77.0, 61.0, 0, 0, 0
L -869.0, -77.0, 61.0, -880.0, -85.0, 61.0, 0, 0, 0
L -880.0, -85.0, 61.0, -880.0, -124.0, 61.0, 0, 0, 0
L -880.0, -124.0, 61.0, -898.0, -124.0, 61.0, 0, 0, 0
L -898.0, -124.0, 61.0, -898.0, -113.0, 61.0, 0, 0, 0
L -898.0, -113.0, 61.0, -914.0, -113.0, 61.0, 0, 0, 0
L -914.0, -113.0, 61.0, -914.0, -124.0, 61.0, 0, 0, 0
L -914.0, -124.0, 61.0, -925.0, -124.0, 61.0, 0, 0, 0
L -925.0, -124.0, 61.0, -925.0, -138.0, 61.0, 0, 0, 0
L -925.0, -138.0, 61.0, -946.0, -138.0, 61.0, 0, 0, 0
L -958.0, -138.0, 61.0, -979.0, -138.0, 61.0, 0, 0, 0
L -979.0, -138.0, 61.0, -979.0, -124.0, 61.0, 0, 0, 0
L -979.0, -124.0, 61.0, -991.0, -124.0, 61.0, 0, 0, 0
L -991.0, -124.0, 61.0, -991.0, -113.0, 61.0, 0, 0, 0
L -991.0, -113.0, 61.0, -1007.0, -113.0, 61.0, 0, 0, 0
L -1007.0, -113.0, 61.0, -1007.0, -124.0, 61.0, 0, 0, 0
L -1007.0, -124.0, 61.0, -1024.0, -124.0, 61.0, 0, 0, 0
L -1024.0, -124.0, 61.0, -1024.0, -85.0, 61.0, 0, 0, 0
L -1024.0, -85.0, 61.0, -1035.0, -77.0, 61.0, 0, 0, 0
L -1035.0, -77.0, 61.0, -1035.0, -34.0, 61.0, 0, 0, 0
L -1035.0, -34.0, 61.0, -1024.0, -25.0, 61.0, 0, 0, 0
L -1024.0, -25.0, 61.0, -1024.0, 13.0, 61.0, 0, 0, 0
L -1024.0, 13.0, 61.0, -1007.0, 13.0, 61.0, 0, 0, 0
L -1007.0, 13.0, 61.0, -1007.0, 2.0, 61.0, 0, 0, 0
L -1007.0, 2.0, 61.0, -991.0, 2.0, 61.0, 0, 0, 0
L -991.0, 2.0, 61.0, -991.0, 13.0, 61.0, 0, 0, 0
L -991.0, 13.0, 61.0, -979.0, 13.0, 61.0, 0, 0, 0
L -979.0, 13.0, 61.0, -979.0, 29.0, 61.0, 0, 0, 0
L -979.0, 29.0, 61.0, -991.0, 29.0, 61.0, 0, 0, 0
L -991.0, 29.0, 61.0, -991.0, 108.0, 61.0, 0, 0, 0
L -991.0, 108.0, 61.0, -914.0, 108.0, 61.0, 0, 0, 0
L -958.0, -138.0, 61.0, -958.0, -143.0, 61.0, 0, 0, 0
L -946.0, -138.0, 61.0, -946.0, -143.0, 61.0, 0, 0, 0
L -946.0, -143.0, 61.0, -925.0, -143.0, 61.0, 0, 0, 0
L -979.0, -143.0, 61.0, -958.0, -143.0, 61.0, 0, 0, 0
L -925.0, -143.0, 61.0, -925.0, -158.0, 61.0, 0, 0, 0
L -925.0, -158.0, 61.0, -914.0, -158.0, 61.0, 0, 0, 0
L -914.0, -158.0, 61.0, -914.0, -168.8, 63.5, 0, 0, 0
L -914.0, -244.0, 81.0, -925.0, -244.0, 81.0, 0, 0, 0
L -925.0, -244.0, 81.0, -925.0, -260.0, 81.0, 0, 0, 0
L -925.0, -260.0, 81.0, -914.0, -260.0, 81.0, 0, 0, 0
L -914.0, -260.0, 81.0, -914.0, -338.0, 81.0, 0, 0, 0
L -914.0, -338.0, 81.0, -991.0, -338.0, 81.0, 0, 0, 0
L -991.0, -338.0, 81.0, -991.0, -326.0, 81.0, 0, 0, 0
L -991.0, -326.0, 81.0, -1007.0, -326.0, 81.0, 0, 0, 0
L -1007.0, -326.0, 81.0, -1007.0, -338.0, 81.0, 0, 0, 0
L -1007.0, -338.0, 81.0, -1017.8, -338.0, 83.5, 0, 0, 0
L -1093.0, -338.0, 101.0, -1093.0, -326.0, 101.0, 0, 0, 0
L -1093.0, -326.0, 101.0, -1109.0, -326.0, 101.0, 0, 0, 0
L -1109.0, -326.0, 101.0, -1109.0, -338.0, 101.0, 0, 0, 0
L -1109.0, -338.0, 101.0, -1186.0, -338.0, 101.0, 0, 0, 0
L -1186.0, -338.0, 101.0, -1186.0, -260.0, 101.0, 0, 0, 0
L -1186.0, -245.0, 101.0, -1186.0, -234.1, 103.5, 0, 0, 0
L -1186.0, -158.0, 121.0, -1174.0, -158.0, 121.0, 0, 0, 0
L -1174.0, -158.0, 121.0, -1174.0, -143.0, 121.0, 0, 0, 0
L -1174.0, -143.0, 121.0, -1153.0, -143.0, 121.0, 0, 0, 0
L -1142.0, -143.0, 121.0, -1120.0, -143.0, 121.0, 0, 0, 0
L -1120.0, -143.0, 121.0, -1120.0, -158.0, 121.0, 0, 0, 0
L -1120.0, -158.0, 121.0, -1109.0, -158.0, 121.0, 0, 0, 0
L -1109.0, -158.0, 121.0, -1109.0, -168.9, 118.5, 0, 0, 0
L -1109.0, -260.0, 101.0, -1109.0, -272.0, 101.0, 0, 0, 0
L -1109.0, -272.0, 101.0, -1093.0, -272.0, 101.0, 0, 0, 0
L -1093.0, -272.0, 101.0, -1093.0, -260.0, 101.0, 0, 0, 0
L -1093.0, -260.0, 101.0, -1082.2, -260.0, 98.5, 0, 0, 0
L -1007.0, -260.0, 81.0, -1007.0, -272.0, 81.0, 0, 0, 0
L -1007.0, -272.0, 81.0, -991.0, -272.0, 81.0, 0, 0, 0
L -991.0, -272.0, 81.0, -991.0, -260.0, 81.0, 0, 0, 0
L -991.0, -260.0, 81.0, -979.0, -260.0, 81.0, 0, 0, 0
L -979.0, -260.0, 81.0, -979.0, -244.0, 81.0, 0, 0, 0
L -979.0, -244.0, 81.0, -991.0, -244.0, 81.0, 0, 0, 0
L -991.0, -244.0, 81.0, -991.0, -233.2, 78.5, 0, 0, 0
L -991.0, -158.0, 61.0, -979.0, -158.0, 61.0, 0, 0, 0
L -979.0, -158.0, 61.0, -979.0, -143.0, 61.0, 0, 0, 0
L -1142.0, -139.0, 121.0, -1142.0, -143.0, 121.0, 0, 0, 0
L -1153.0, -139.0, 121.0, -1153.0, -143.0, 121.0, 0, 0, 0
L -1153.0, -139.0, 121.0, -1175.0, -139.0, 121.0, 0, 0, 0
L -1142.0, -139.0, 121.0, -1119.0, -139.0, 121.0, 0, 0, 0
L -1119.0, -123.0, 121.0, -1119.0, -139.0, 121.0, 0, 0, 0
L -1119.0, -123.0, 121.0, -1108.0, -123.0, 121.0, 0, 0, 0
L -1108.0, -123.0, 121.0, -1108.0, -46.0, 121.0, 0, 0, 0
L -1108.0, -46.0, 121.0, -1187.0, -46.0, 121.0, 0, 0, 0
L -1187.0, -46.0, 121.0, -1187.0, -57.0, 121.0, 0, 0, 0
L -1187.0, -57.0, 121.0, -1203.0, -57.0, 121.0, 0, 0, 0
L -1203.0, -57.0, 121.0, -1203.0, -46.0, 121.0, 0, 0, 0
L -1203.0, -46.0, 121.0, -1214.0, -46.0, 121.0, 0, 0, 0
L -1214.0, -46.0, 121.0, -1214.0, -30.0, 121.0, 0, 0, 0
L -1214.0, -30.0, 121.0, -1203.0, -30.0, 121.0, 0, 0, 0
L -1203.0, -30.0, 121.0, -1203.0, -19.2, 123.5, 0, 0, 0
L -1203.0, 56.0, 141.0, -1214.0, 56.0, 141.0, 0, 0, 0
L -1214.0, 56.0, 141.0, -1214.0, 71.0, 141.0, 0, 0, 0
L -1214.0, 71.0, 141.0, -1236.0, 71.0, 141.0, 0, 0, 0
L -1268.0, 71.0, 141.0, -1247.0, 71.0, 141.0, 0, 0, 0
L -1268.0, 56.0, 141.0, -1268.0, 71.0, 141.0, 0, 0, 0
L -1268.0, 56.0, 141.0, -1280.0, 56.0, 141.0, 0, 0, 0
L -1280.0, 56.0, 141.0, -1280.0, 45.2, 138.5, 0, 0, 0
L -1280.0, -30.0, 121.0, -1268.0, -30.0, 121.0, 0, 0, 0
L -1268.0, -30.0, 121.0, -1268.0, -46.0, 121.0, 0, 0, 0
L -1268.0, -46.0, 121.0, -1280.0, -46.0, 121.0, 0, 0, 0
L -1280.0, -46.0, 121.0, -1280.0, -57.0, 121.0, 0, 0, 0
L -1280.0, -57.0, 121.0, -1296.0, -57.0, 121.0, 0, 0, 0
L -1296.0, -57.0, 121.0, -1296.0, -46.0, 121.0, 0, 0, 0
L -1296.0, -46.0, 121.0, -1306.8, -46.0, 123.5, 0, 0, 0
L -1382.0, -46.0, 141.0, -1382.0, -57.0, 141.0, 0, 0, 0
L -1382.0, -57.0, 141.0, -1398.0, -57.0, 141.0, 0, 0, 0
L -1398.0, -57.0, 141.0, -1398.0, -46.0, 141.0, 0, 0, 0
L -1398.0, -46.0, 141.0, -1477.0, -46.0, 141.0, 0, 0, 0
L -1477.0, -46.0, 141.0, -1477.0, -123.0, 141.0, 0, 0, 0
L -1477.0, -123.0, 141.0, -1465.0, -123.0, 141.0, 0, 0, 0
L -1465.0, -123.0, 141.0, -1465.0, -139.0, 141.0, 0, 0, 0
L -1443.0, -139.0, 141.0, -1465.0, -139.0, 141.0, 0, 0, 0
L -1432.0, -139.0, 141.0, -1409.0, -139.0, 141.0, 0, 0, 0
L -1409.0, -123.0, 141.0, -1409.0, -139.0, 141.0, 0, 0, 0
L -1409.0, -123.0, 141.0, -1398.0, -123.0, 141.0, 0, 0, 0
L -1398.0, -123.0, 141.0, -1398.0, -112.0, 141.0, 0, 0, 0
L -1398.0, -112.0, 141.0, -1382.0, -112.0, 141.0, 0, 0, 0
L -1382.0, -112.0, 141.0, -1382.0, -123.0, 141.0, 0, 0, 0
L -1382.0, -123.0, 141.0, -1371.2, -123.0, 138.5, 0, 0, 0
L -1296.0, -123.0, 121.0, -1296.0, -112.0, 121.0, 0, 0, 0
L -1296.0, -112.0, 121.0, -1280.0, -112.0, 121.0, 0, 0, 0
L -1280.0, -112.0, 121.0, -1280.0, -123.0, 121.0, 0, 0, 0
L -1280.0, -123.0, 121.0, -1203.0, -123.0, 121.0, 0, 0, 0
L -1203.0, -123.0, 121.0, -1203.0, -112.0, 121.0, 0, 0, 0
L -1203.0, -112.0, 121.0, -1187.0, -112.0, 121.0, 0, 0, 0
L -1187.0, -112.0, 121.0, -1187.0, -123.0, 121.0, 0, 0, 0
L -1187.0, -123.0, 121.0, -1175.0, -123.0, 121.0, 0, 0, 0
L -1175.0, -123.0, 121.0, -1175.0, -139.0, 121.0, 0, 0, 0
L -1432.0, -143.0, 141.0, -1432.0, -139.0, 141.0, 0, 0, 0
L -1443.0, -143.0, 141.0, -1443.0, -139.0, 141.0, 0, 0, 0
L -1464.0, -143.0, 141.0, -1443.0, -143.0, 141.0, 0, 0, 0
L -1432.0, -143.0, 141.0, -1410.0, -143.0, 141.0, 0, 0, 0
L -1410.0, -143.0, 141.0, -1410.0, -158.0, 141.0, 0, 0, 0
L -1410.0, -158.0, 141.0, -1399.0, -158.0, 141.0, 0, 0, 0
L -1399.0, -158.0, 141.0, -1399.0, -244.0, 141.0, 0, 0, 0
L -1399.0, -244.0, 141.0, -1410.0, -244.0, 141.0, 0, 0, 0
L -1410.0, -244.0, 141.0, -1410.0, -260.0, 141.0, 0, 0, 0
L -1410.0, -260.0, 141.0, -1399.0, -260.0, 141.0, 0, 0, 0
L -1399.0, -260.0, 141.0, -1399.0, -269.0, 141.0, 0, 0, 0
L -1399.0, -269.0, 141.0, -1374.0, -269.0, 141.0, 0, 0, 0
L -1374.0, -269.0, 141.0, -1374.0, -361.0, 141.0, 0, 0, 0
L -1374.0, -361.0, 141.0, -1419.0, -361.0, 141.0, 0, 0, 0
L -1419.0, -361.0, 141.0, -1419.0, -342.0, 141.0, 0, 0, 0
L -1419.0, -342.0, 141.0, -1417.0, -335.0, 141.0, 0, 0, 0
L -1417.0, -335.0, 141.0, -1410.0, -319.0, 141.0, 0, 0, 0
L -1410.0, -319.0, 141.0, -1401.0, -305.0, 141.0, 0, 0, 0
L -1424.0, -393.0, 141.0, -1427.0, -385.0, 141.0, 0, 0, 0
L -1427.0, -385.0, 141.0, -1426.0, -342.0, 141.0, 0, 0, 0
L -1426.0, -342.0, 141.0, -1424.0, -335.0, 141.0, 0, 0, 0
L -1424.0, -335.0, 141.0, -1421.0, -327.0, 141.0, 0, 0, 0
L -1421.0, -327.0, 141.0, -1417.0, -319.0, 141.0, 0, 0, 0
L -1417.0, -319.0, 141.0, -1409.0, -305.0, 141.0, 0, 0, 0
L -1409.0, -305.0, 141.0, -1401.0, -305.0, 141.0, 0, 0, 0
L -1464.0, -143.0, 141.0, -1464.0, -158.0, 141.0, 0, 0, 0
L -1464.0, -158.0, 141.0, -1476.0, -158.0, 141.0, 0, 0, 0
L -1476.0, -158.0, 141.0, -1476.0, -244.0, 141.0, 0, 0, 0
L -1476.0, -244.0, 141.0, -1464.0, -244.0, 141.0, 0, 0, 0
L -1464.0, -244.0, 141.0, -1464.0, -260.0, 141.0, 0, 0, 0
L -1464.0, -260.0, 141.0, -1476.0, -260.0, 141.0, 0, 0, 0
L -1476.0, -260.0, 141.0, -1476.0, -269.0, 141.0, 0, 0, 0
L -1476.0, -269.0, 141.0, -1501.0, -269.0, 141.0, 0, 0, 0
L -1501.0, -269.0, 141.0, -1501.0, -361.0, 141.0, 0, 0, 0
L -1501.0, -361.0, 141.0, -1456.0, -361.0, 141.0, 0, 0, 0
L -1456.0, -361.0, 141.0, -1456.0, -341.0, 141.0, 0, 0, 0
L -1456.0, -341.0, 141.0, -1457.0, -336.0, 141.0, 0, 0, 0
L -1457.0, -336.0, 141.0, -1461.0, -327.0, 141.0, 0, 0, 0
L -1461.0, -327.0, 141.0, -1465.0, -319.0, 141.0, 0, 0, 0
L -1465.0, -319.0, 141.0, -1474.0, -305.0, 141.0, 0, 0, 0
L -1424.0, -395.0, 141.0, -1424.0, -393.0, 141.0, 0, 0, 0
L -1424.0, -395.0, 141.0, -1421.0, -401.0, 141.0, 0, 0, 0
L -1421.0, -401.0, 141.0, -1417.0, -410.0, 141.0, 0, 0, 0
L -1417.0, -410.0, 141.0, -1408.0, -424.0, 141.0, 0, 0, 0
L -1448.0, -363.0, 141.0, -1448.0, -343.0, 141.0, 0, 0, 0
L -1448.0, -343.0, 141.0, -1451.0, -334.0, 141.0, 0, 0, 0
L -1451.0, -334.0, 141.0, -1451.0, -332.0, 141.0, 0, 0, 0
L -1451.0, -332.0, 141.0, -1453.0, -327.0, 141.0, 0, 0, 0
L -1453.0, -327.0, 141.0, -1467.0, -305.0, 141.0, 0, 0, 0
L -1467.0, -305.0, 141.0, -1474.0, -305.0, 141.0, 0, 0, 0
L -1448.0, -363.0, 141.0, -1449.0, -387.0, 141.0, 0, 0, 0
L -1449.0, -387.0, 141.0, -1450.0, -393.0, 141.0, 0, 0, 0
L -1450.0, -393.0, 141.0, -1453.0, -401.0, 141.0, 0, 0, 0
L -1453.0, -401.0, 141.0, -1458.0, -410.0, 141.0, 0, 0, 0
L -1458.0, -410.0, 141.0, -1467.0, -424.0, 141.0, 0, 0, 0
L -1456.0, -366.0, 141.0, -1456.0, -387.0, 141.0, 0, 0, 0
L -1456.0, -387.0, 141.0, -1458.0, -392.0, 141.0, 0, 0, 0
L -1458.0, -392.0, 141.0, -1461.0, -401.0, 141.0, 0, 0, 0
L -1461.0, -401.0, 141.0, -1465.0, -410.0, 141.0, 0, 0, 0
L -1465.0, -410.0, 141.0, -1474.0, -424.0, 141.0, 0, 0, 0
L -1467.0, -424.0, 141.0, -1474.0, -424.0, 141.0, 0, 0, 0
L -1419.0, -366.0, 141.0, -1419.0, -387.0, 141.0, 0, 0, 0
L -1419.0, -387.0, 141.0, -1417.0, -393.0, 141.0, 0, 0, 0
L -1417.0, -393.0, 141.0, -1414.0, -401.0, 141.0, 0, 0, 0
L -1414.0, -401.0, 141.0, -1410.0, -410.0, 141.0, 0, 0, 0
L -1410.0, -410.0, 141.0, -1401.0, -424.0, 141.0, 0, 0, 0
L -1401.0, -424.0, 141.0, -1408.0, -424.0, 141.0, 0, 0, 0
L -1419.0, -366.0, 141.0, -1335.0, -366.0, 141.0, 0, 0, 0
L -1335.0, -366.0, 141.0, -1335.0, -440.0, 141.0, 0, 0, 0
L -1335.0, -440.0, 141.0, -1293.0, -440.0, 141.0, 0, 0, 0
L -1293.0, -440.0, 141.0, -1293.0, -494.0, 141.0, 0, 0, 0
L -1293.0, -494.0, 141.0, -1308.0, -494.0, 141.0, 0, 0, 0
L -1308.0, -494.0, 141.0, -1311.0, -493.0, 141.0, 0, 0, 0
L -1311.0, -493.0, 141.0, -1322.0, -490.0, 141.0, 0, 0, 0
L -1322.0, -490.0, 141.0, -1328.0, -488.0, 141.0, 0, 0, 0
L -1328.0, -488.0, 141.0, -1338.0, -483.0, 141.0, 0, 0, 0
L -1338.0, -483.0, 141.0, -1349.0, -475.0, 141.0, 0, 0, 0
L -1349.0, -475.0, 141.0, -1349.0, -481.0, 142.0, 0, 0, 0
L -1311.0, -500.0, 158.0, -1320.0, -497.0, 153.0, 0, 0, 0
L -1320.0, -497.0, 153.0, -1322.0, -497.0, 152.0, 0, 0, 0
L -1322.0, -497.0, 152.0, -1330.0, -494.0, 148.0, 0, 0, 0
L -1330.0, -494.0, 148.0, -1337.0, -490.0, 145.0, 0, 0, 0
L -1337.0, -490.0, 145.0, -1339.0, -489.0, 144.0, 0, 0, 0
L -1339.0, -489.0, 144.0, -1349.0, -481.0, 142.0, 0, 0, 0
L -1311.0, -500.0, 158.0, -1311.0, -501.0, 158.0, 0, 0, 0
L -1311.0, -523.0, 158.0, -1311.0, -522.0, 158.0, 0, 0, 0
L -1311.0, -523.0, 158.0, -1322.0, -526.0, 152.0, 0, 0, 0
L -1322.0, -526.0, 152.0, -1338.0, -534.0, 144.0, 0, 0, 0
L -1338.0, -534.0, 144.0, -1339.0, -535.0, 143.0, 0, 0, 0
L -1339.0, -535.0, 143.0, -1350.0, -541.0, 142.0, 0, 0, 0
L -1293.0, -529.0, 141.0, -1311.0, -529.0, 141.0, 0, 0, 0
L -1311.0, -529.0, 141.0, -1320.0, -532.0, 141.0, 0, 0, 0
L -1320.0, -532.0, 141.0, -1329.0, -536.0, 141.0, 0, 0, 0
L -1329.0, -536.0, 141.0, -1337.0, -540.0, 141.0, 0, 0, 0
L -1337.0, -540.0, 141.0, -1350.0, -547.0, 141.0, 0, 0, 0
L -1350.0, -541.0, 142.0, -1350.0, -547.0, 141.0, 0, 0, 0
L -1293.0, -529.0, 141.0, -1293.0, -582.0, 141.0, 0, 0, 0
L -1293.0, -582.0, 141.0, -1335.0, -582.0, 141.0, 0, 0, 0
L -1335.0, -582.0, 141.0, -1335.0, -655.0, 141.0, 0, 0, 0
L -1335.0, -655.0, 141.0, -1414.0, -655.0, 141.0, 0, 0, 0
L -1414.0, -655.0, 141.0, -1414.0, -636.0, 141.0, 0, 0, 0
L -1414.0, -636.0, 141.0, -1412.0, -630.0, 141.0, 0, 0, 0
L -1412.0, -630.0, 141.0, -1409.0, -622.0, 141.0, 0, 0, 0
L -1409.0, -622.0, 141.0, -1405.0, -613.0, 141.0, 0, 0, 0
L -1405.0, -613.0, 141.0, -1396.0, -599.0, 142.0, 0, 0, 0
L -1461.0, -655.0, 141.0, -1461.0, -638.0, 141.0, 0, 0, 0
L -1461.0, -638.0, 141.0, -1463.0, -630.0, 141.0, 0, 0, 0
L -1463.0, -630.0, 141.0, -1466.0, -622.0, 141.0, 0, 0, 0
L -1466.0, -622.0, 141.0, -1470.0, -613.0, 141.0, 0, 0, 0
L -1470.0, -613.0, 141.0, -1479.0, -599.0, 142.0, 0, 0, 0
L -1453.0, -665.0, 158.0, -1422.0, -665.0, 158.0, 0, 0, 0
L -1453.0, -665.0, 158.0, -1453.0, -638.0, 158.0, 0, 0, 0
L -1453.0, -638.0, 158.0, -1454.0, -638.0, 158.0, 0, 0, 0
L -1454.0, -638.0, 158.0, -1455.0, -635.0, 156.0, 0, 0, 0
L -1455.0, -635.0, 156.0, -1456.0, -630.0, 154.0, 0, 0, 0
L -1456.0, -630.0, 154.0, -1459.0, -621.0, 150.0, 0, 0, 0
L -1459.0, -621.0, 150.0, -1464.0, -613.0, 146.0, 0, 0, 0
L -1464.0, -613.0, 146.0, -1465.0, -612.0, 145.0, 0, 0, 0
L -1465.0, -612.0, 145.0, -1473.0, -599.0, 142.0, 0, 0, 0
L -1473.0, -599.0, 142.0, -1479.0, -599.0, 142.0, 0, 0, 0
L -1422.0, -665.0, 158.0, -1422.0, -638.0, 158.0, 0, 0, 0
L -1420.0, -638.0, 158.0, -1422.0, -638.0, 158.0, 0, 0, 0
L -1420.0, -638.0, 158.0, -1419.0, -630.0, 154.0, 0, 0, 0
L -1419.0, -630.0, 154.0, -1415.0, -622.0, 150.0, 0, 0, 0
L -1415.0, -622.0, 150.0, -1411.0, -613.0, 145.0, 0, 0, 0
L -1411.0, -613.0, 145.0, -1410.0, -611.0, 145.0, 0, 0, 0
L -1410.0, -611.0, 145.0, -1402.0, -599.0, 142.0, 0, 0, 0
L -1402.0, -599.0, 142.0, -1396.0, -599.0, 142.0, 0, 0, 0
L -1461.0, -655.0, 141.0, -1540.0, -655.0, 141.0, 0, 0, 0
L -1540.0, -655.0, 141.0, -1540.0, -582.0, 141.0, 0, 0, 0
L -1540.0, -582.0, 141.0, -1581.0, -582.0, 141.0, 0, 0, 0
L -1581.0, -582.0, 141.0, -1581.0, -529.0, 141.0, 0, 0, 0
L -1581.0, -494.0, 141.0, -1581.0, -440.0, 141.0, 0, 0, 0
L -1581.0, -440.0, 141.0, -1540.0, -440.0, 141.0, 0, 0, 0
L -1540.0, -440.0, 141.0, -1540.0, -366.0, 141.0, 0, 0, 0
L -1540.0, -366.0, 141.0, -1456.0, -366.0, 141.0, 0, 0, 0
L -1581.0, -494.0, 141.0, -1564.0, -493.0, 141.0, 0, 0, 0
L -1564.0, -493.0, 141.0, -1552.0, -490.0, 141.0, 0, 0, 0
L -1552.0, -490.0, 141.0, -1547.0, -488.0, 141.0, 0, 0, 0
L -1547.0, -488.0, 141.0, -1537.0, -483.0, 141.0, 0, 0, 0
L -1537.0, -483.0, 141.0, -1525.0, -476.0, 141.0, 0, 0, 0
L -1581.0, -529.0, 141.0, -1565.0, -529.0, 141.0, 0, 0, 0
L -1565.0, -529.0, 141.0, -1562.0, -530.0, 141.0, 0, 0, 0
L -1562.0, -530.0, 141.0, -1553.0, -532.0, 141.0, 0, 0, 0
L -1553.0, -532.0, 141.0, -1546.0, -535.0, 141.0, 0, 0, 0
L -1546.0, -535.0, 141.0, -1538.0, -540.0, 141.0, 0, 0, 0
L -1538.0, -540.0, 141.0, -1525.0, -547.0, 141.0, 0, 0, 0
L -1564.0, -523.0, 158.0, -1564.0, -522.0, 158.0, 0, 0, 0
L -1564.0, -523.0, 158.0, -1552.0, -526.0, 152.0, 0, 0, 0
L -1552.0, -526.0, 152.0, -1546.0, -529.0, 149.0, 0, 0, 0
L -1546.0, -529.0, 149.0, -1537.0, -534.0, 144.0, 0, 0, 0
L -1537.0, -534.0, 144.0, -1535.0, -535.0, 144.0, 0, 0, 0
L -1535.0, -535.0, 144.0, -1525.0, -541.0, 142.0, 0, 0, 0
L -1525.0, -541.0, 142.0, -1525.0, -547.0, 141.0, 0, 0, 0
L -1564.0, -501.0, 158.0, -1564.0, -500.0, 158.0, 0, 0, 0
L -1564.0, -500.0, 158.0, -1553.0, -497.0, 152.0, 0, 0, 0
L -1553.0, -497.0, 152.0, -1546.0, -494.0, 149.0, 0, 0, 0
L -1546.0, -494.0, 149.0, -1537.0, -489.0, 144.0, 0, 0, 0
L -1537.0, -489.0, 144.0, -1536.0, -488.0, 144.0, 0, 0, 0
L -1536.0, -488.0, 144.0, -1525.0, -481.0, 142.0, 0, 0, 0
L -1525.0, -481.0, 142.0, -1525.0, -476.0, 141.0, 0, 0, 0
L -1247.0, 71.0, 141.0, -1247.0, 76.0, 141.0, 0, 0, 0
L -1236.0, 71.0, 141.0, -1236.0, 76.0, 141.0, 0, 0, 0
L -1388.0, 76.0, 141.0, -1247.0, 76.0, 141.0, 0, 0, 0
L -1236.0, 76.0, 141.0, -1093.0, 76.0, 141.0, 0, 0, 0
L -1093.0, 76.0, 141.0, -1093.0, 101.0, 141.0, 0, 0, 0
L -1093.0, 101.0, 141.0, -1055.0, 101.0, 141.0, 0, 0, 0
L -1055.0, 101.0, 141.0, -1055.0, 190.0, 142.0, 0, 0, 0
L -1055.0, 190.0, 142.0, -1082.0, 190.0, 142.0, 0, 0, 0
L -1082.0, 190.0, 142.0, -1082.0, 186.0, 142.0, 0, 0, 0
L -1082.0, 186.0, 142.0, -1090.0, 186.0, 142.0, 0, 0, 0
L -1090.0, 186.0, 142.0, -1090.0, 190.0, 142.0, 0, 0, 0
L -1090.0, 190.0, 142.0, -1140.0, 190.0, 142.0, 0, 0, 0
L -1140.0, 190.0, 142.0, -1140.0, 186.0, 142.0, 0, 0, 0
L -1140.0, 186.0, 142.0, -1148.0, 186.0, 142.0, 0, 0, 0
L -1148.0, 186.0, 142.0, -1148.0, 190.0, 142.0, 0, 0, 0
L -1148.0, 190.0, 142.0, -1202.0, 190.0, 142.0, 0, 0, 0
L -1202.0, 190.0, 142.0, -1202.0, 186.0, 142.0, 0, 0, 0
L -1202.0, 186.0, 142.0, -1216.0, 186.0, 142.0, 0, 0, 0
L -1216.0, 186.0, 142.0, -1216.0, 200.0, 142.0, 0, 0, 0
L -1216.0, 200.0, 142.0, -1212.0, 200.0, 142.0, 0, 0, 0
L -1212.0, 200.0, 142.0, -1212.0, 249.0, 142.0, 0, 0, 0
L -1212.0, 249.0, 142.0, -1216.0, 249.0, 142.0, 0, 0, 0
L -1216.0, 249.0, 142.0, -1216.0, 257.0, 142.0, 0, 0, 0
L -1216.0, 257.0, 142.0, -1212.0, 257.0, 142.0, 0, 0, 0
L -1212.0, 257.0, 142.0, -1212.0, 309.0, 142.0, 0, 0, 0
L -1212.0, 309.0, 142.0, -1216.0, 309.0, 142.0, 0, 0, 0
L -1216.0, 309.0, 142.0, -1216.0, 317.0, 142.0, 0, 0, 0
L -1216.0, 317.0, 142.0, -1212.0, 317.0, 142.0, 0, 0, 0
L -1212.0, 317.0, 142.0, -1212.0, 370.0, 142.0, 0, 0, 0
L -1216.0, 370.0, 142.0, -1216.0, 377.0, 142.0, 0, 0, 0
L -1216.0, 377.0, 142.0, -1212.0, 377.0, 142.0, 0, 0, 0
L -1212.0, 377.0, 142.0, -1212.0, 422.0, 142.0, 0, 0, 0
L -1212.0, 422.0, 142.0, -1217.0, 429.0, 142.0, 0, 0, 0
L -1217.0, 429.0, 141.0, -1203.0, 442.0, 141.0, 0, 0, 0
L -1202.0, 441.0, 141.0, -1203.0, 442.0, 141.0, 0, 0, 0
L -1202.0, 441.0, 141.0, -1191.0, 453.0, 141.0, 0, 0, 0
L -1191.0, 453.0, 141.0, -1192.0, 454.0, 141.0, 0, 0, 0
L -1189.0, 456.0, 141.0, -1190.0, 456.0, 141.0, 0, 0, 0
L -1189.0, 456.0, 141.0, -1185.0, 465.0, 141.0, 0, 0, 0
L -1185.0, 465.0, 141.0, -1178.0, 482.0, 142.0, 0, 0, 0
L -1192.0, 454.0, 141.0, -1190.0, 456.0, 141.0, 0, 0, 0
L -1177.0, 485.0, 141.0, -1177.0, 501.0, 141.0, 0, 0, 0
L -1177.0, 501.0, 141.0, -1179.0, 501.0, 141.0, 0, 0, 0
L -1177.0, 485.0, 141.0, -1179.0, 485.0, 141.0, 0, 0, 0
L -1179.0, 485.0, 141.0, -1179.0, 482.0, 141.0, 0, 0, 0
L -1178.0, 482.0, 141.0, -1179.0, 482.0, 141.0, 0, 0, 0
L -1178.0, 504.0, 141.0, -1179.0, 504.0, 141.0, 0, 0, 0
L -1179.0, 501.0, 141.0, -1179.0, 504.0, 141.0, 0, 0, 0
L -1178.0, 504.0, 141.0, -1189.0, 530.0, 141.0, 0, 0, 0
L -1191.0, 533.0, 141.0, -1192.0, 532.0, 141.0, 0, 0, 0
L -1192.0, 532.0, 141.0, -1189.0, 530.0, 141.0, 0, 0, 0
L -1191.0, 533.0, 141.0, -1202.0, 545.0, 141.0, 0, 0, 0
L -1202.0, 545.0, 141.0, -1203.0, 544.0, 141.0, 0, 0, 0
L -1203.0, 544.0, 141.0, -1206.0, 546.0, 141.0, 0, 0, 0
L -1205.0, 546.0, 141.0, -1206.0, 546.0, 141.0, 0, 0, 0
L -1205.0, 546.0, 141.0, -1229.0, 557.0, 141.0, 0, 0, 0
L -1229.0, 557.0, 141.0, -1229.0, 556.0, 141.0, 0, 0, 0
L -1229.0, 556.0, 141.0, -1232.0, 556.0, 141.0, 0, 0, 0
L -1232.0, 558.0, 141.0, -1232.0, 556.0, 141.0, 0, 0, 0
L -1232.0, 558.0, 141.0, -1248.0, 558.0, 141.0, 0, 0, 0
L -1248.0, 558.0, 141.0, -1248.0, 556.0, 141.0, 0, 0, 0
L -1248.0, 556.0, 141.0, -1252.0, 556.0, 141.0, 0, 0, 0
L -1252.0, 557.0, 141.0, -1252.0, 556.0, 141.0, 0, 0, 0
L -1252.0, 557.0, 141.0, -1276.0, 546.0, 141.0, 0, 0, 0
L -1276.0, 546.0, 141.0, -1275.0, 546.0, 141.0, 0, 0, 0
L -1275.0, 546.0, 141.0, -1277.0, 544.0, 141.0, 0, 0, 0
L -1279.0, 545.0, 141.0, -1277.0, 544.0, 141.0, 0, 0, 0
L -1279.0, 545.0, 141.0, -1290.0, 533.0, 141.0, 0, 0, 0
L -1290.0, 533.0, 141.0, -1289.0, 532.0, 141.0, 0, 0, 0
L -1289.0, 532.0, 141.0, -1291.0, 530.0, 141.0, 0, 0, 0
L -1292.0, 530.0, 141.0, -1291.0, 530.0, 141.0, 0, 0, 0
L -1292.0, 530.0, 141.0, -1295.0, 521.0, 141.0, 0, 0, 0
L -1302.0, 504.0, 141.0, -1295.0, 521.0, 141.0, 0, 0, 0
L -1302.0, 504.0, 141.0, -1302.0, 501.0, 141.0, 0, 0, 0
L -1303.0, 501.0, 141.0, -1302.0, 501.0, 141.0, 0, 0, 0
L -1303.0, 501.0, 141.0, -1303.0, 485.0, 141.0, 0, 0, 0
L -1303.0, 485.0, 141.0, -1302.0, 485.0, 141.0, 0, 0, 0
L -1302.0, 485.0, 141.0, -1302.0, 482.0, 141.0, 0, 0, 0
L -1302.0, 482.0, 141.0, -1292.0, 456.0, 141.0, 0, 0, 0
L -1291.0, 456.0, 141.0, -1289.0, 454.0, 141.0, 0, 0, 0
L -1292.0, 456.0, 141.0, -1291.0, 456.0, 141.0, 0, 0, 0
L -1290.0, 453.0, 141.0, -1289.0, 454.0, 141.0, 0, 0, 0
L -1290.0, 453.0, 141.0, -1279.0, 441.0, 141.0, 0, 0, 0
L -1279.0, 441.0, 141.0, -1277.0, 443.0, 141.0, 0, 0, 0
L -1277.0, 443.0, 141.0, -1263.0, 429.0, 141.0, 0, 0, 0
L -1263.0, 429.0, 142.0, -1268.0, 422.0, 142.0, 0, 0, 0
L -1268.0, 422.0, 142.0, -1268.0, 377.0, 142.0, 0, 0, 0
L -1268.0, 377.0, 142.0, -1265.0, 377.0, 142.0, 0, 0, 0
L -1265.0, 377.0, 142.0, -1265.0, 370.0, 142.0, 0, 0, 0
L -1268.0, 370.0, 142.0, -1265.0, 370.0, 142.0, 0, 0, 0
L -1268.0, 370.0, 142.0, -1268.0, 317.0, 142.0, 0, 0, 0
L -1268.0, 317.0, 142.0, -1265.0, 317.0, 142.0, 0, 0, 0
L -1265.0, 317.0, 142.0, -1265.0, 309.0, 142.0, 0, 0, 0
L -1265.0, 309.0, 142.0, -1268.0, 309.0, 142.0, 0, 0, 0
L -1268.0, 309.0, 142.0, -1268.0, 257.0, 142.0, 0, 0, 0
L -1268.0, 257.0, 142.0, -1265.0, 257.0, 142.0, 0, 0, 0
L -1265.0, 257.0, 142.0, -1265.0, 249.0, 142.0, 0, 0, 0
L -1265.0, 249.0, 142.0, -1268.0, 249.0, 142.0, 0, 0, 0
L -1268.0, 249.0, 142.0, -1268.0, 200.0, 142.0, 0, 0, 0
L -1268.0, 200.0, 142.0, -1265.0, 200.0, 142.0, 0, 0, 0
L -1265.0, 200.0, 142.0, -1265.0, 186.0, 142.0, 0, 0, 0
L -1265.0, 186.0, 142.0, -1279.0, 186.0, 142.0, 0, 0, 0
L -1279.0, 190.0, 142.0, -1279.0, 186.0, 142.0, 0, 0, 0
L -1279.0, 190.0, 142.0, -1333.0, 190.0, 142.0, 0, 0, 0
L -1333.0, 190.0, 142.0, -1333.0, 186.0, 142.0, 0, 0, 0
L -1333.0, 186.0, 142.0, -1341.0, 186.0, 142.0, 0, 0, 0
L -1341.0, 186.0, 142.0, -1341.0, 190.0, 142.0, 0, 0, 0
L -1341.0, 190.0, 142.0, -1391.0, 190.0, 142.0, 0, 0, 0
L -1391.0, 190.0, 142.0, -1391.0, 186.0, 142.0, 0, 0, 0
L -1391.0, 186.0, 142.0, -1398.0, 186.0, 142.0, 0, 0, 0
L -1398.0, 186.0, 142.0, -1398.0, 190.0, 142.0, 0, 0, 0
L -1398.0, 190.0, 142.0, -1425.0, 190.0, 142.0, 0, 0, 0
L -1425.0, 190.0, 142.0, -1425.0, 101.0, 141.0, 0, 0, 0
L -1425.0, 101.0, 141.0, -1388.0, 101.0, 141.0, 0, 0, 0
L -1388.0, 101.0, 141.0, -1388.0, 76.0, 141.0, 0, 0, 0
L -1212.0, 370.0, 142.0, -1216.0, 370.0, 142.0, 0, 0, 0
L -1250.0, 499.0, 149.0, -1231.0, 499.0, 149.0, 0, 0, 0
L -1250.0, 486.0, 149.0, -1231.0, 486.0, 149.0, 0, 0, 0
L -1231.0, 486.0, 149.0, -1231.0, 499.0, 149.0, 0, 0, 0
L -1250.0, 486.0, 149.0, -1250.0, 499.0, 149.0, 0, 0, 0
L -3374.0, 836.0, 1055.0, -3374.0, 855.0, 1057.0, 0, 0, 0
L -3399.0, 836.0, 1055.0, -3374.0, 836.0, 1055.0, 0, 0, 0
L -3399.0, 855.0, 1057.0, -3399.0, 836.0, 1055.0, 0, 0, 0
L -3435.0, 855.0, 1057.0, -3399.0, 855.0, 1057.0, 0, 0, 0
L -3486.0, 834.0, 1057.0, -3435.0, 855.0, 1057.0, 0, 0, 0
L -3511.0, 808.0, 1057.0, -3486.0, 834.0, 1057.0, 0, 0, 0
L -3498.0, 795.0, 1048.0, -3511.0, 808.0, 1048.0, 0, 0, 0
L -3515.0, 778.0, 1048.0, -3498.0, 795.0, 1048.0, 0, 0, 0
L -3521.0, 783.0, 1048.0, -3515.0, 778.0, 1048.0, 0, 0, 0
L -3528.0, 791.0, 1057.0, -3521.0, 783.0, 1048.0, 0, 0, 0
L -3555.0, 766.0, 1057.0, -3528.0, 791.0, 1057.0, 0, 0, 0
L -3575.0, 715.0, 1057.0, -3555.0, 766.0, 1057.0, 0, 0, 0
L -3575.0, 679.0, 1057.0, -3575.0, 715.0, 1057.0, 0, 0, 0
L -3556.0, 679.0, 1055.0, -3575.0, 679.0, 1057.0, 0, 0, 0
L -3556.0, 654.0, 1055.0, -3556.0, 679.0, 1055.0, 0, 0, 0
L -3575.0, 654.0, 1057.0, -3556.0, 654.0, 1055.0, 0, 0, 0
L -3575.0, 619.0, 1057.0, -3575.0, 654.0, 1057.0, 0, 0, 0
L -3555.0, 568.0, 1057.0, -3575.0, 619.0, 1057.0, 0, 0, 0
L -3529.0, 543.0, 1057.0, -3555.0, 568.0, 1057.0, 0, 0, 0
L -3515.0, 556.0, 1048.0, -3529.0, 543.0, 1048.0, 0, 0, 0
L -3498.0, 539.0, 1048.0, -3515.0, 556.0, 1048.0, 0, 0, 0
L -3511.0, 525.0, 1057.0, -3498.0, 539.0, 1048.0, 0, 0, 0
L -3486.0, 500.0, 1057.0, -3511.0, 525.0, 1057.0, 0, 0, 0
L -3435.0, 479.0, 1057.0, -3486.0, 500.0, 1057.0, 0, 0, 0
L -3400.0, 479.0, 1057.0, -3435.0, 479.0, 1057.0, 0, 0, 0
L -3400.0, 498.0, 1055.0, -3400.0, 479.0, 1057.0, 0, 0, 0
L -3400.0, 498.0, 1055.0, -3375.0, 498.0, 1055.0, 0, 0, 0
L -3375.0, 479.0, 1057.0, -3375.0, 498.0, 1055.0, 0, 0, 0
L -3339.0, 479.0, 1057.0, -3375.0, 479.0, 1057.0, 0, 0, 0
L -3288.0, 500.0, 1057.0, -3339.0, 479.0, 1057.0, 0, 0, 0
L -3263.0, 525.0, 1057.0, -3288.0, 500.0, 1057.0, 0, 0, 0
L -3276.0, 539.0, 1048.0, -3263.0, 525.0, 1048.0, 0, 0, 0
L -3259.0, 556.0, 1048.0, -3276.0, 539.0, 1048.0, 0, 0, 0
L -3246.0, 543.0, 1048.0, -3259.0, 556.0, 1048.0, 0, 0, 0
L -3220.0, 568.0, 1057.0, -3246.0, 543.0, 1057.0, 0, 0, 0
L -3199.0, 619.0, 1057.0, -3220.0, 568.0, 1057.0, 0, 0, 0
L -3199.0, 654.0, 1057.0, -3199.0, 619.0, 1057.0, 0, 0, 0
L -3218.0, 654.0, 1055.0, -3199.0, 654.0, 1057.0, 0, 0, 0
L -3218.0, 679.0, 1055.0, -3218.0, 654.0, 1055.0, 0, 0, 0
L -3199.0, 679.0, 1055.0, -3218.0, 679.0, 1055.0, 0, 0, 0
L -3199.0, 715.0, 1057.0, -3199.0, 679.0, 1057.0, 0, 0, 0
L -3203.0, 724.0, 1057.0, -3199.0, 715.0, 1057.0, 0, 0, 0
L -3220.0, 766.0, 1057.0, -3203.0, 724.0, 1057.0, 0, 0, 0
L -3224.0, 770.0, 1057.0, -3223.0, 769.0, 1057.0, 0, 0, 0
L -3245.0, 791.0, 1057.0, -3220.0, 766.0, 1057.0, 0, 0, 0
L -3259.0, 778.0, 1048.0, -3276.0, 795.0, 1048.0, 0, 0, 0
L -3245.0, 791.0, 1048.0, -3259.0, 778.0, 1048.0, 0, 0, 0
L -3263.0, 808.0, 1048.0, -3276.0, 795.0, 1048.0, 0, 0, 0
L -3288.0, 834.0, 1057.0, -3263.0, 808.0, 1057.0, 0, 0, 0
L -3339.0, 855.0, 1057.0, -3288.0, 834.0, 1057.0, 0, 0, 0
L -3374.0, 855.0, 1057.0, -3339.0, 855.0, 1057.0, 0, 0, 0
L -1496.0, -542.0, 135.0, -1496.0, -480.0, 135.0, 150, 150, 150
L -1496.0, -480.0, 135.0, -1468.0, -452.0, 135.0, 150, 150, 150
L -1468.0, -452.0, 135.0, -1406.0, -452.0, 135.0, 150, 150, 150
L -1406.0, -452.0, 135.0, -1378.0, -480.0, 135.0, 150, 150, 150
L -1378.0, -480.0, 135.0, -1379.0, -542.0, 135.0, 150, 150, 150
L -1379.0, -542.0, 135.0, -1406.0, -570.0, 135.0, 150, 150, 150
L -1406.0, -570.0, 135.0, -1468.0, -570.0, 135.0, 150, 150, 150
L -1468.0, -570.0, 135.0, -1496.0, -542.0, 135.0, 150, 150, 150
L -34.0, 32.0, -43.0, -39.0, 26.0, -43.0, 0, 0, 0
L -22.0, 56.0, -43.0, -24.0, 50.0, -43.0, 0, 0, 0
L -12.0, 66.0, -43.0, -19.0, 66.0, -43.0, 0, 0, 0
L 26.0, 42.0, -43.0, 31.0, 33.0, -43.0, 0, 0, 0
L 31.0, 33.0, -43.0, 37.0, 26.0, -43.0, 0, 0, 0
L -12.0, 84.0, -43.0, 10.0, 84.0, -43.0, 0, 0, 0
L -28.0, 42.0, -43.0, -34.0, 33.0, -43.0, 0, 0, 0
L -24.0, 50.0, -43.0, -28.0, 42.0, -43.0, 0, 0, 0
L -19.0, 66.0, -43.0, -21.0, 58.0, -43.0, 0, 0, 0
L 17.0, 66.0, -43.0, 19.0, 58.0, -43.0, 0, 0, 0
L -21.0, 58.0, -43.0, -22.0, 56.0, -43.0, 0, 0, 0
L -12.0, 84.0, -43.0, -12.0, 66.0, -43.0, 0, 0, 0
L 22.0, 50.0, -43.0, 26.0, 42.0, -43.0, 0, 0, 0
L 10.0, 84.0, -43.0, 10.0, 66.0, -43.0, 0, 0, 0
L 19.0, 58.0, -43.0, 22.0, 50.0, -43.0, 0, 0, 0
L -34.0, 33.0, -43.0, -34.0, 32.0, -43.0, 0, 0, 0
L 10.0, 66.0, -43.0, 17.0, 66.0, -43.0, 0, 0, 0
L -1382.0, -112.0, 141.0, -1382.0, -57.0, 141.0, 150, 150, 150
L -1296.0, -57.0, 121.0, -1296.0, -112.0, 121.0, 150, 150, 150
L -1339.0, -46.0, 131.0, -1349.8, -46.0, 133.5, 0, 0, 0
L -1339.0, -123.0, 131.0, -1328.2, -123.0, 128.5, 0, 0, 0
L -1339.0, -46.0, 131.0, -1339.0, -123.0, 131.0, 150, 150, 150
L -1360.5, -46.0, 136.0, -1371.2, -46.0, 138.5, 0, 0, 0
L -1360.5, -123.0, 136.0, -1349.8, -123.0, 133.5, 0, 0, 0
L -1360.5, -46.0, 136.0, -1360.5, -123.0, 136.0, 150, 150, 150
L -1371.2, -46.0, 138.5, -1382.0, -46.0, 141.0, 0, 0, 0
L -1371.2, -123.0, 138.5, -1360.5, -123.0, 136.0, 0, 0, 0
L -1371.2, -46.0, 138.5, -1371.2, -123.0, 138.5, 150, 150, 150
L -1349.8, -46.0, 133.5, -1360.5, -46.0, 136.0, 0, 0, 0
L -1349.8, -123.0, 133.5, -1339.0, -123.0, 131.0, 0, 0, 0
L -1349.8, -46.0, 133.5, -1349.8, -123.0, 133.5, 150, 150, 150
L -1317.5, -46.0, 126.0, -1328.2, -46.0, 128.5, 0, 0, 0
L -1317.5, -123.0, 126.0, -1306.8, -123.0, 123.5, 0, 0, 0
L -1317.5, -46.0, 126.0, -1317.5, -123.0, 126.0, 150, 150, 150
L -1328.2, -46.0, 128.5, -1339.0, -46.0, 131.0, 0, 0, 0
L -1328.2, -123.0, 128.5, -1317.5, -123.0, 126.0, 0, 0, 0
L -1328.2, -46.0, 128.5, -1328.2, -123.0, 128.5, 150, 150, 150
L -1306.8, -46.0, 123.5, -1317.5, -46.0, 126.0, 0, 0, 0
L -1306.8, -123.0, 123.5, -1296.0, -123.0, 121.0, 0, 0, 0
L -1306.8, -46.0, 123.5, -1306.8, -123.0, 123.5, 150, 150, 150
L -1268.0, -30.0, 121.0, -1214.0, -30.0, 121.0, 150, 150, 150
L -1268.0, 56.0, 141.0, -1214.0, 56.0, 141.0, 150, 150, 150
L -1280.0, 13.0, 131.0, -1280.0, 2.2, 128.5, 0, 0, 0
L -1203.0, 13.0, 131.0, -1203.0, 23.8, 133.5, 0, 0, 0
L -1280.0, 13.0, 131.0, -1203.0, 13.0, 131.0, 150, 150, 150
L -1280.0, -8.5, 126.0, -1280.0, -19.2, 123.5, 0, 0, 0
L -1203.0, -8.5, 126.0, -1203.0, 2.2, 128.5, 0, 0, 0
L -1280.0, -8.5, 126.0, -1203.0, -8.5, 126.0, 150, 150, 150
L -1280.0, -19.2, 123.5, -1280.0, -30.0, 121.0, 0, 0, 0
L -1203.0, -19.2, 123.5, -1203.0, -8.5, 126.0, 0, 0, 0
L -1280.0, -19.2, 123.5, -1203.0, -19.2, 123.5, 150, 150, 150
L -1280.0, 2.2, 128.5, -1280.0, -8.5, 126.0, 0, 0, 0
L -1203.0, 2.2, 128.5, -1203.0, 13.0, 131.0, 0, 0, 0
L -1280.0, 2.2, 128.5, -1203.0, 2.2, 128.5, 150, 150, 150
L -1280.0, 34.5, 136.0, -1280.0, 23.8, 133.5, 0, 0, 0
L -1203.0, 34.5, 136.0, -1203.0, 45.2, 138.5, 0, 0, 0
L -1280.0, 34.5, 136.0, -1203.0, 34.5, 136.0, 150, 150, 150
L -1280.0, 23.8, 133.5, -1280.0, 13.0, 131.0, 0, 0, 0
L -1203.0, 23.8, 133.5, -1203.0, 34.5, 136.0, 0, 0, 0
L -1280.0, 23.8, 133.5, -1203.0, 23.8, 133.5, 150, 150, 150
L -1280.0, 45.2, 138.5, -1280.0, 34.5, 136.0, 0, 0, 0
L -1203.0, 45.2, 138.5, -1203.0, 56.0, 141.0, 0, 0, 0
L -1280.0, 45.2, 138.5, -1203.0, 45.2, 138.5, 150, 150, 150
L -1186.0, -260.0, 101.0, -1174.0, -260.0, 101.0, 0, 0, 0
L -1174.0, -260.0, 101.0, -1174.0, -245.0, 101.0, 0, 0, 0
L -1120.0, -260.0, 101.0, -1109.0, -260.0, 101.0, 0, 0, 0
L -1174.0, -245.0, 101.0, -1186.0, -245.0, 101.0, 0, 0, 0
L -1174.0, -245.0, 101.0, -1120.0, -245.0, 101.0, 150, 150, 150
L -1120.0, -245.0, 101.0, -1120.0, -260.0, 101.0, 0, 0, 0
L -1120.0, -245.0, 101.0, -1109.0, -245.0, 101.0, 0, 0, 0
L -1186.0, -201.5, 111.0, -1186.0, -190.6, 113.5, 0, 0, 0
L -1109.0, -201.5, 111.0, -1109.0, -212.4, 108.5, 0, 0, 0
L -1186.0, -201.5, 111.0, -1109.0, -201.5, 111.0, 150, 150, 150
L -1174.0, -158.0, 121.0, -1120.0, -158.0, 121.0, 150, 150, 150
L -1186.0, -179.8, 116.0, -1186.0, -168.9, 118.5, 0, 0, 0
L -1109.0, -179.8, 116.0, -1109.0, -190.6, 113.5, 0, 0, 0
L -1186.0, -179.8, 116.0, -1109.0, -179.8, 116.0, 150, 150, 150
L -1186.0, -190.6, 113.5, -1186.0, -179.8, 116.0, 0, 0, 0
L -1109.0, -190.6, 113.5, -1109.0, -201.5, 111.0, 0, 0, 0
L -1186.0, -190.6, 113.5, -1109.0, -190.6, 113.5, 150, 150, 150
L -1186.0, -168.9, 118.5, -1186.0, -158.0, 121.0, 0, 0, 0
L -1109.0, -168.9, 118.5, -1109.0, -179.8, 116.0, 0, 0, 0
L -1186.0, -168.9, 118.5, -1109.0, -168.9, 118.5, 150, 150, 150
L -1186.0, -223.2, 106.0, -1186.0, -212.4, 108.5, 0, 0, 0
L -1109.0, -223.2, 106.0, -1109.0, -234.1, 103.5, 0, 0, 0
L -1186.0, -223.2, 106.0, -1109.0, -223.2, 106.0, 150, 150, 150
L -1186.0, -234.1, 103.5, -1186.0, -223.2, 106.0, 0, 0, 0
L -1109.0, -234.1, 103.5, -1109.0, -245.0, 101.0, 0, 0, 0
L -1186.0, -234.1, 103.5, -1109.0, -234.1, 103.5, 150, 150, 150
L -1186.0, -212.4, 108.5, -1186.0, -201.5, 111.0, 0, 0, 0
L -1109.0, -212.4, 108.5, -1109.0, -223.2, 106.0, 0, 0, 0
L -1186.0, -212.4, 108.5, -1109.0, -212.4, 108.5, 150, 150, 150
L -1093.0, -272.0, 101.0, -1093.0, -326.0, 101.0, 150, 150, 150
L -1007.0, -272.0, 81.0, -1007.0, -326.0, 81.0, 150, 150, 150
L -1050.0, -260.0, 91.0, -1039.2, -260.0, 88.5, 0, 0, 0
L -1050.0, -338.0, 91.0, -1060.8, -338.0, 93.5, 0, 0, 0
L -1050.0, -260.0, 91.0, -1050.0, -338.0, 91.0, 150, 150, 150
L -1071.5, -260.0, 96.0, -1060.8, -260.0, 93.5, 0, 0, 0
L -1071.5, -338.0, 96.0, -1082.2, -338.0, 98.5, 0, 0, 0
L -1071.5, -260.0, 96.0, -1071.5, -338.0, 96.0, 150, 150, 150
L -1082.2, -260.0, 98.5, -1071.5, -260.0, 96.0, 0, 0, 0
L -1082.2, -338.0, 98.5, -1093.0, -338.0, 101.0, 0, 0, 0
L -1082.2, -260.0, 98.5, -1082.2, -338.0, 98.5, 150, 150, 150
L -1060.8, -260.0, 93.5, -1050.0, -260.0, 91.0, 0, 0, 0
L -1060.8, -338.0, 93.5, -1071.5, -338.0, 96.0, 0, 0, 0
L -1060.8, -260.0, 93.5, -1060.8, -338.0, 93.5, 150, 150, 150
L -1028.5, -260.0, 86.0, -1017.8, -260.0, 83.5, 0, 0, 0
L -1028.5, -338.0, 86.0, -1039.2, -338.0, 88.5, 0, 0, 0
L -1028.5, -260.0, 86.0, -1028.5, -338.0, 86.0, 150, 150, 150
L -1039.2, -260.0, 88.5, -1028.5, -260.0, 86.0, 0, 0, 0
L -1039.2, -338.0, 88.5, -1050.0, -338.0, 91.0, 0, 0, 0
L -1039.2, -260.0, 88.5, -1039.2, -338.0, 88.5, 150, 150, 150
L -1017.8, -260.0, 83.5, -1007.0, -260.0, 81.0, 0, 0, 0
L -1017.8, -338.0, 83.5, -1028.5, -338.0, 86.0, 0, 0, 0
L -1017.8, -260.0, 83.5, -1017.8, -338.0, 83.5, 150, 150, 150
L -979.0, -244.0, 81.0, -925.0, -244.0, 81.0, 150, 150, 150
L -979.0, -158.0, 61.0, -925.0, -158.0, 61.0, 150, 150, 150
L -991.0, -201.0, 71.0, -991.0, -190.2, 68.5, 0, 0, 0
L -914.0, -201.0, 71.0, -914.0, -211.8, 73.5, 0, 0, 0
L -991.0, -201.0, 71.0, -914.0, -201.0, 71.0, 150, 150, 150
L -991.0, -222.5, 76.0, -991.0, -211.8, 73.5, 0, 0, 0
L -914.0, -222.5, 76.0, -914.0, -233.2, 78.5, 0, 0, 0
L -991.0, -222.5, 76.0, -914.0, -222.5, 76.0, 150, 150, 150
L -991.0, -233.2, 78.5, -991.0, -222.5, 76.0, 0, 0, 0
L -914.0, -233.2, 78.5, -914.0, -244.0, 81.0, 0, 0, 0
L -991.0, -233.2, 78.5, -914.0, -233.2, 78.5, 150, 150, 150
L -991.0, -211.8, 73.5, -991.0, -201.0, 71.0, 0, 0, 0
L -914.0, -211.8, 73.5, -914.0, -222.5, 76.0, 0, 0, 0
L -991.0, -211.8, 73.5, -914.0, -211.8, 73.5, 150, 150, 150
L -991.0, -179.5, 66.0, -991.0, -168.8, 63.5, 0, 0, 0
L -914.0, -179.5, 66.0, -914.0, -190.2, 68.5, 0, 0, 0
L -991.0, -179.5, 66.0, -914.0, -179.5, 66.0, 150, 150, 150
L -991.0, -190.2, 68.5, -991.0, -179.5, 66.0, 0, 0, 0
L -914.0, -190.2, 68.5, -914.0, -201.0, 71.0, 0, 0, 0
L -991.0, -190.2, 68.5, -914.0, -190.2, 68.5, 150, 150, 150
L -991.0, -168.8, 63.5, -991.0, -158.0, 61.0, 0, 0, 0
L -914.0, -168.8, 63.5, -914.0, -179.5, 66.0, 0, 0, 0
L -991.0, -168.8, 63.5, -914.0, -168.8, 63.5, 150, 150, 150
L -624.0, 390.0, 61.0, -678.0, 390.0, 61.0, 150, 150, 150
L -678.0, 476.0, 41.0, -624.0, 476.0, 41.0, 150, 150, 150
L -689.0, 433.0, 51.0, -689.0, 422.2, 53.5, 0, 0, 0
L -612.0, 433.0, 51.0, -612.0, 422.2, 53.5, 0, 0, 0
L -689.0, 433.0, 51.0, -612.0, 433.0, 51.0, 150, 150, 150
L -689.0, 411.5, 56.0, -689.0, 400.8, 58.5, 0, 0, 0
L -612.0, 411.5, 56.0, -612.0, 400.8, 58.5, 0, 0, 0
L -689.0, 411.5, 56.0, -612.0, 411.5, 56.0, 150, 150, 150
L -689.0, 400.8, 58.5, -689.0, 390.0, 61.0, 0, 0, 0
L -612.0, 400.8, 58.5, -612.0, 390.0, 61.0, 0, 0, 0
L -689.0, 400.8, 58.5, -612.0, 400.8, 58.5, 150, 150, 150
L -689.0, 422.2, 53.5, -689.0, 411.5, 56.0, 0, 0, 0
L -612.0, 422.2, 53.5, -612.0, 411.5, 56.0, 0, 0, 0
L -689.0, 422.2, 53.5, -612.0, 422.2, 53.5, 150, 150, 150
L -689.0, 454.5, 46.0, -689.0, 443.8, 48.5, 0, 0, 0
L -612.0, 454.5, 46.0, -612.0, 443.8, 48.5, 0, 0, 0
L -689.0, 454.5, 46.0, -612.0, 454.5, 46.0, 150, 150, 150
L -689.0, 443.8, 48.5, -689.0, 433.0, 51.0, 0, 0, 0
L -612.0, 443.8, 48.5, -612.0, 433.0, 51.0, 0, 0, 0
L -689.0, 443.8, 48.5, -612.0, 443.8, 48.5, 150, 150, 150
L -689.0, 465.2, 43.5, -689.0, 454.5, 46.0, 0, 0, 0
L -612.0, 465.2, 43.5, -612.0, 454.5, 46.0, 0, 0, 0
L -689.0, 465.2, 43.5, -612.0, 465.2, 43.5, 150, 150, 150
L -510.0, 557.0, 21.0, -510.0, 503.0, 21.0, 150, 150, 150
L -596.0, 503.0, 41.0, -596.0, 557.0, 41.0, 150, 150, 150
L -553.0, 492.0, 31.0, -563.8, 492.0, 33.5, 0, 0, 0
L -553.0, 569.0, 31.0, -563.8, 569.0, 33.5, 0, 0, 0
L -553.0, 492.0, 31.0, -553.0, 569.0, 31.0, 150, 150, 150
L -531.5, 492.0, 26.0, -542.2, 492.0, 28.5, 0, 0, 0
L -531.5, 569.0, 26.0, -542.2, 569.0, 28.5, 0, 0, 0
L -531.5, 492.0, 26.0, -531.5, 569.0, 26.0, 150, 150, 150
L -520.8, 492.0, 23.5, -531.5, 492.0, 26.0, 0, 0, 0
L -520.8, 569.0, 23.5, -531.5, 569.0, 26.0, 0, 0, 0
L -520.8, 492.0, 23.5, -520.8, 569.0, 23.5, 150, 150, 150
L -542.2, 492.0, 28.5, -553.0, 492.0, 31.0, 0, 0, 0
L -542.2, 569.0, 28.5, -553.0, 569.0, 31.0, 0, 0, 0
L -542.2, 492.0, 28.5, -542.2, 569.0, 28.5, 150, 150, 150
L -574.5, 492.0, 36.0, -585.2, 492.0, 38.5, 0, 0, 0
L -574.5, 569.0, 36.0, -585.2, 569.0, 38.5, 0, 0, 0
L -574.5, 492.0, 36.0, -574.5, 569.0, 36.0, 150, 150, 150
L -563.8, 492.0, 33.5, -574.5, 492.0, 36.0, 0, 0, 0
L -563.8, 569.0, 33.5, -574.5, 569.0, 36.0, 0, 0, 0
L -563.8, 492.0, 33.5, -563.8, 569.0, 33.5, 150, 150, 150
L -585.2, 492.0, 38.5, -596.0, 492.0, 41.0, 0, 0, 0
L -585.2, 569.0, 38.5, -596.0, 569.0, 41.0, 0, 0, 0
L -585.2, 492.0, 38.5, -585.2, 569.0, 38.5, 150, 150, 150
L -429.0, 390.0, 1.0, -483.0, 390.0, 1.0, 150, 150, 150
L -483.0, 476.0, 21.0, -429.0, 476.0, 21.0, 150, 150, 150
L -494.0, 433.0, 11.0, -494.0, 443.8, 13.5, 0, 0, 0
L -417.0, 433.0, 11.0, -417.0, 443.8, 13.5, 0, 0, 0
L -494.0, 433.0, 11.0, -417.0, 433.0, 11.0, 150, 150, 150
L -494.0, 411.5, 6.0, -494.0, 422.2, 8.5, 0, 0, 0
L -417.0, 411.5, 6.0, -417.0, 422.2, 8.5, 0, 0, 0
L -494.0, 411.5, 6.0, -417.0, 411.5, 6.0, 150, 150, 150
L -494.0, 400.8, 3.5, -494.0, 411.5, 6.0, 0, 0, 0
L -417.0, 400.8, 3.5, -417.0, 411.5, 6.0, 0, 0, 0
L -494.0, 400.8, 3.5, -417.0, 400.8, 3.5, 150, 150, 150
L -494.0, 422.2, 8.5, -494.0, 433.0, 11.0, 0, 0, 0
L -417.0, 422.2, 8.5, -417.0, 433.0, 11.0, 0, 0, 0
L -494.0, 422.2, 8.5, -417.0, 422.2, 8.5, 150, 150, 150
L -494.0, 454.5, 16.0, -494.0, 465.2, 18.5, 0, 0, 0
L -417.0, 454.5, 16.0, -417.0, 465.2, 18.5, 0, 0, 0
L -494.0, 454.5, 16.0, -417.0, 454.5, 16.0, 150, 150, 150
L -494.0, 443.8, 13.5, -494.0, 454.5, 16.0, 0, 0, 0
L -417.0, 443.8, 13.5, -417.0, 454.5, 16.0, 0, 0, 0
L -494.0, 443.8, 13.5, -417.0, 443.8, 13.5, 150, 150, 150
L -494.0, 465.2, 18.5, -494.0, 476.0, 21.0, 0, 0, 0
L -417.0, 465.2, 18.5, -417.0, 476.0, 21.0, 0, 0, 0
L -494.0, 465.2, 18.5, -417.0, 465.2, 18.5, 150, 150, 150
L -344.0, -107.0, 1.0, -350.0, -100.0, 1.0, 0, 0, 0
L -336.0, -109.0, 1.0, -344.0, -107.0, 1.0, 0, 0, 0
L -308.0, -107.0, 1.0, -320.0, -110.0, 1.0, 0, 0, 0
L -302.0, -101.0, 1.0, -308.0, -107.0, 1.0, 0, 0, 0
L -370.0, -73.0, 1.0, -352.0, -77.0, 1.0, 0, 0, 0
L -370.0, -93.0, 1.0, -352.0, -89.0, 1.0, 0, 0, 0
L -316.0, -127.0, 1.0, -320.0, -110.0, 1.0, 0, 0, 0
L -283.0, -73.0, 1.0, -300.0, -78.0, 1.0, 0, 0, 0
L -350.0, -100.0, 1.0, -352.0, -92.0, 1.0, 0, 0, 0
L -302.0, -65.0, 1.0, -300.0, -74.0, 1.0, 0, 0, 0
L -308.0, -59.0, 1.0, -302.0, -65.0, 1.0, 0, 0, 0
L -336.0, -127.0, 1.0, -332.0, -109.0, 1.0, 0, 0, 0
L -344.0, -59.0, 1.0, -332.0, -56.0, 1.0, 0, 0, 0
L -332.0, -109.0, 1.0, -336.0, -109.0, 1.0, 0, 0, 0
L -316.0, -39.0, 1.0, -320.0, -57.0, 1.0, 0, 0, 0
L -352.0, -72.0, 1.0, -350.0, -65.0, 1.0, 0, 0, 0
L -300.0, -94.0, 1.0, -302.0, -101.0, 1.0, 0, 0, 0
L -299.0, -89.0, 1.0, -300.0, -94.0, 1.0, 0, 0, 0
L -350.0, -65.0, 1.0, -344.0, -59.0, 1.0, 0, 0, 0
L -300.0, -74.0, 1.0, -300.0, -78.0, 1.0, 0, 0, 0
L -336.0, -39.0, 1.0, -332.0, -56.0, 1.0, 0, 0, 0
L -352.0, -77.0, 1.0, -352.0, -72.0, 1.0, 0, 0, 0
L -316.0, -57.0, 1.0, -308.0, -59.0, 1.0, 0, 0, 0
L -320.0, -57.0, 1.0, -316.0, -57.0, 1.0, 0, 0, 0
L -282.0, -93.0, 1.0, -299.0, -89.0, 1.0, 0, 0, 0
L -352.0, -92.0, 1.0, -352.0, -89.0, 1.0, 0, 0, 0
L -336.0, -127.0, 1.0, -316.0, -127.0, 1.0, 0, 0, 0
L -282.0, -93.0, 1.0, -283.0, -73.0, 1.0, 0, 0, 0
L -316.0, -39.0, 1.0, -336.0, -39.0, 1.0, 0, 0, 0
L -370.0, -73.0, 1.0, -370.0, -93.0, 1.0, 0, 0, 0
L -169.0, -395.0, -19.0, -223.0, -395.0, -19.0, 150, 150, 150
L -223.0, -309.0, 1.0, -169.0, -309.0, 1.0, 150, 150, 150
L -235.0, -352.0, -9.0, -235.0, -362.8, -11.5, 0, 0, 0
L -158.0, -352.0, -9.0, -158.0, -341.2, -6.5, 0, 0, 0
L -235.0, -352.0, -9.0, -158.0, -352.0, -9.0, 150, 150, 150
L -235.0, -373.5, -14.0, -235.0, -384.2, -16.5, 0, 0, 0
L -158.0, -373.5, -14.0, -158.0, -362.8, -11.5, 0, 0, 0
L -235.0, -373.5, -14.0, -158.0, -373.5, -14.0, 150, 150, 150
L -235.0, -384.2, -16.5, -235.0, -395.0, -19.0, 0, 0, 0
L -158.0, -384.2, -16.5, -158.0, -373.5, -14.0, 0, 0, 0
L -235.0, -384.2, -16.5, -158.0, -384.2, -16.5, 150, 150, 150
L -235.0, -362.8, -11.5, -235.0, -373.5, -14.0, 0, 0, 0
L -158.0, -362.8, -11.5, -158.0, -352.0, -9.0, 0, 0, 0
L -235.0, -362.8, -11.5, -158.0, -362.8, -11.5, 150, 150, 150
L -235.0, -330.5, -4.0, -235.0, -341.2, -6.5, 0, 0, 0
L -158.0, -330.5, -4.0, -158.0, -319.8, -1.5, 0, 0, 0
L -235.0, -330.5, -4.0, -158.0, -330.5, -4.0, 150, 150, 150
L -235.0, -341.2, -6.5, -235.0, -352.0, -9.0, 0, 0, 0
L -158.0, -341.2, -6.5, -158.0, -330.5, -4.0, 0, 0, 0
L -235.0, -341.2, -6.5, -158.0, -341.2, -6.5, 150, 150, 150
L -235.0, -319.8, -1.5, -235.0, -330.5, -4.0, 0, 0, 0
L -158.0, -319.8, -1.5, -158.0, -309.0, 1.0, 0, 0, 0
L -235.0, -319.8, -1.5, -158.0, -319.8, -1.5, 150, 150, 150
L -142.0, -422.0, -19.0, -142.0, -476.0, -19.0, 150, 150, 150
L -56.0, -410.0, -39.0, -66.8, -410.0, -36.5, 0, 0, 0
L -99.0, -410.0, -29.0, -109.8, -410.0, -26.5, 0, 0, 0
L -99.0, -488.0, -29.0, -109.8, -488.0, -26.5, 0, 0, 0
L -99.0, -410.0, -29.0, -99.0, -488.0, -29.0, 150, 150, 150
L -77.5, -410.0, -34.0, -88.2, -410.0, -31.5, 0, 0, 0
L -77.5, -488.0, -34.0, -88.2, -488.0, -31.5, 0, 0, 0
L -77.5, -410.0, -34.0, -77.5, -488.0, -34.0, 150, 150, 150
L -66.8, -410.0, -36.5, -77.5, -410.0, -34.0, 0, 0, 0
L -66.8, -488.0, -36.5, -77.5, -488.0, -34.0, 0, 0, 0
L -66.8, -410.0, -36.5, -66.8, -488.0, -36.5, 150, 150, 150
L -88.2, -410.0, -31.5, -99.0, -410.0, -29.0, 0, 0, 0
L -88.2, -488.0, -31.5, -99.0, -488.0, -29.0, 0, 0, 0
L -88.2, -410.0, -31.5, -88.2, -488.0, -31.5, 150, 150, 150
L -120.5, -410.0, -24.0, -131.2, -410.0, -21.5, 0, 0, 0
L -120.5, -488.0, -24.0, -131.2, -488.0, -21.5, 0, 0, 0
L -120.5, -410.0, -24.0, -120.5, -488.0, -24.0, 150, 150, 150
L -109.8, -410.0, -26.5, -120.5, -410.0, -24.0, 0, 0, 0
L -109.8, -488.0, -26.5, -120.5, -488.0, -24.0, 0, 0, 0
L -109.8, -410.0, -26.5, -109.8, -488.0, -26.5, 150, 150, 150
L -131.2, -410.0, -21.5, -142.0, -410.0, -19.0, 0, 0, 0
L -131.2, -488.0, -21.5, -142.0, -488.0, -19.0, 0, 0, 0
L -131.2, -410.0, -21.5, -131.2, -488.0, -21.5, 150, 150, 150
L -56.0, -476.0, -39.0, -40.0, -476.0, -39.0, 0, 0, 0
L -40.0, -476.0, -39.0, -40.0, -488.0, -39.0, 0, 0, 0
L -40.0, -410.0, -39.0, -40.0, -422.0, -39.0, 0, 0, 0
L -28.0, -410.0, -39.0, -40.0, -410.0, -39.0, 0, 0, 0
L -56.0, -422.0, -39.0, -56.0, -410.0, -39.0, 150, 150, 150
L -40.0, -422.0, -39.0, -56.0, -422.0, -39.0, 0, 0, 0
L -28.0, -395.0, -39.0, -28.0, -410.0, -39.0, 0, 0, 0
L -40.0, -395.0, -39.0, -28.0, -395.0, -39.0, 0, 0, 0
L 37.0, -488.0, -39.0, 37.0, -395.0, -39.0, 0, 0, 0
L 37.0, -488.0, -39.0, -40.0, -488.0, -39.0, 0, 0, 0
L -28.0, -395.0, -39.0, 37.0, -395.0, -39.0, 150, 150, 150
L -40.0, -308.0, -59.0, -28.0, -308.0, -59.0, 0, 0, 0
L -28.0, -308.0, -59.0, -28.0, -293.0, -59.0, 0, 0, 0
L 26.0, -308.0, -59.0, 37.0, -308.0, -59.0, 0, 0, 0
L -28.0, -308.0, -59.0, 26.0, -308.0, -59.0, 150, 150, 150
L 37.0, -395.0, -39.0, 37.0, -384.1, -41.5, 0, 0, 0
L -40.0, -351.5, -49.0, -40.0, -362.4, -46.5, 0, 0, 0
L 37.0, -351.5, -49.0, 37.0, -340.6, -51.5, 0, 0, 0
L -40.0, -351.5, -49.0, 37.0, -351.5, -49.0, 150, 150, 150
L -40.0, -373.2, -44.0, -40.0, -384.1, -41.5, 0, 0, 0
L 37.0, -373.2, -44.0, 37.0, -362.4, -46.5, 0, 0, 0
L -40.0, -373.2, -44.0, 37.0, -373.2, -44.0, 150, 150, 150
L -40.0, -384.1, -41.5, -40.0, -395.0, -39.0, 0, 0, 0
L 37.0, -384.1, -41.5, 37.0, -373.2, -44.0, 0, 0, 0
L -40.0, -384.1, -41.5, 37.0, -384.1, -41.5, 150, 150, 150
L -40.0, -362.4, -46.5, -40.0, -373.2, -44.0, 0, 0, 0
L 37.0, -362.4, -46.5, 37.0, -351.5, -49.0, 0, 0, 0
L -40.0, -362.4, -46.5, 37.0, -362.4, -46.5, 150, 150, 150
L -40.0, -329.8, -54.0, -40.0, -340.6, -51.5, 0, 0, 0
L 37.0, -329.8, -54.0, 37.0, -318.9, -56.5, 0, 0, 0
L -40.0, -329.8, -54.0, 37.0, -329.8, -54.0, 150, 150, 150
L -40.0, -340.6, -51.5, -40.0, -351.5, -49.0, 0, 0, 0
L 37.0, -340.6, -51.5, 37.0, -329.8, -54.0, 0, 0, 0
L -40.0, -340.6, -51.5, 37.0, -340.6, -51.5, 150, 150, 150
L -40.0, -318.9, -56.5, -40.0, -329.8, -54.0, 0, 0, 0
L 37.0, -318.9, -56.5, 37.0, -308.0, -59.0, 0, 0, 0
L -40.0, -318.9, -56.5, 37.0, -318.9, -56.5, 150, 150, 150
L -1290.0, -501.0, 158.0, -1311.0, -501.0, 158.0, 0, 0, 0
L -1290.0, -501.0, 158.0, -1290.0, -522.0, 158.0, 0, 0, 0
L -1290.0, -522.0, 158.0, -1311.0, -522.0, 158.0, 0, 0, 0
L -1584.0, -522.0, 158.0, -1564.0, -522.0, 158.0, 0, 0, 0
L -1584.0, -501.0, 158.0, -1564.0, -501.0, 158.0, 0, 0, 0
L -1584.0, -522.0, 158.0, -1584.0, -501.0, 158.0, 0, 0, 0
L -896.0, 63.0, 61.0, -896.0, 61.0, 61.0, 0, 0, 0
L -896.0, 61.0, 56.0, -896.0, 61.0, 61.0, 0, 0, 0
L -896.0, 74.0, 61.0, -896.0, 77.0, 61.0, 0, 0, 0
L -896.0, 77.0, 56.0, -896.0, 77.0, 61.0, 0, 0, 0
L -896.0, 77.0, 56.0, -896.0, 101.0, 56.0, 0, 0, 0
L -875.0, 81.0, 56.0, -875.0, 56.0, 56.0, 150, 150, 150
L -875.0, 56.0, 56.0, -877.6, 56.6, 56.6, 0, 0, 0
L -896.0, 77.0, 61.0, -893.4, 77.5, 60.4, 0, 0, 0
L -885.5, 79.0, 58.5, -882.9, 79.5, 57.9, 0, 0, 0
L -885.5, 58.5, 58.5, -888.1, 59.1, 59.1, 0, 0, 0
L -885.5, 79.0, 58.5, -885.5, 58.5, 58.5, 150, 150, 150
L -890.8, 78.0, 59.8, -888.1, 78.5, 59.1, 0, 0, 0
L -890.8, 59.8, 59.8, -893.4, 60.4, 60.4, 0, 0, 0
L -890.8, 78.0, 59.8, -890.8, 59.8, 59.8, 150, 150, 150
L -880.2, 80.0, 57.2, -877.6, 80.5, 56.6, 0, 0, 0
L -880.2, 57.2, 57.2, -882.9, 57.9, 57.9, 0, 0, 0
L -880.2, 80.0, 57.2, -880.2, 57.2, 57.2, 150, 150, 150
L -893.4, 77.5, 60.4, -890.8, 78.0, 59.8, 0, 0, 0
L -893.4, 60.4, 60.4, -896.0, 61.0, 61.0, 0, 0, 0
L -893.4, 77.5, 60.4, -893.4, 60.4, 60.4, 150, 150, 150
L -882.9, 79.5, 57.9, -880.2, 80.0, 57.2, 0, 0, 0
L -882.9, 57.9, 57.9, -885.5, 58.5, 58.5, 0, 0, 0
L -882.9, 79.5, 57.9, -882.9, 57.9, 57.9, 150, 150, 150
L -888.1, 78.5, 59.1, -885.5, 79.0, 58.5, 0, 0, 0
L -888.1, 59.1, 59.1, -890.8, 59.8, 59.8, 0, 0, 0
L -888.1, 78.5, 59.1, -888.1, 59.1, 59.1, 150, 150, 150
L -877.6, 80.5, 56.6, -875.0, 81.0, 56.0, 0, 0, 0
L -877.6, 56.6, 56.6, -880.2, 57.2, 57.2, 0, 0, 0
L -877.6, 80.5, 56.6, -877.6, 56.6, 56.6, 150, 150, 150
L -700.0, 14.0, 56.0, -700.0, 27.0, 56.0, 0, 0, 0
L -713.0, 27.0, 56.0, -700.0, 27.0, 56.0, 0, 0, 0
L -763.0, -7.0, 61.0, -763.0, -9.0, 61.0, 0, 0, 0
L -747.0, -7.0, 61.0, -747.0, -9.0, 61.0, 0, 0, 0
L -747.0, -7.0, 56.0, -747.0, -7.0, 61.0, 0, 0, 0
L -763.0, -7.0, 56.0, -763.0, -7.0, 61.0, 0, 0, 0
L -763.0, -7.0, 61.0, -763.5, -4.4, 60.4, 0, 0, 0
L -747.0, -7.0, 61.0, -746.4, -4.4, 60.4, 0, 0, 0
L -742.0, 14.0, 56.0, -767.0, 14.0, 56.0, 150, 150, 150
L -763.0, -7.0, 61.0, -747.0, -7.0, 61.0, 150, 150, 150
L -765.0, 3.5, 58.5, -765.5, 6.1, 57.9, 0, 0, 0
L -744.5, 3.5, 58.5, -743.9, 6.1, 57.9, 0, 0, 0
L -765.0, 3.5, 58.5, -744.5, 3.5, 58.5, 150, 150, 150
L -766.0, 8.8, 57.2, -766.5, 11.4, 56.6, 0, 0, 0
L -743.2, 8.8, 57.2, -742.6, 11.4, 56.6, 0, 0, 0
L -766.0, 8.8, 57.2, -743.2, 8.8, 57.2, 150, 150, 150
L -764.0, -1.8, 59.8, -764.5, 0.9, 59.1, 0, 0, 0
L -745.8, -1.8, 59.8, -745.1, 0.9, 59.1, 0, 0, 0
L -764.0, -1.8, 59.8, -745.8, -1.8, 59.8, 150, 150, 150
L -763.5, -4.4, 60.4, -764.0, -1.8, 59.8, 0, 0, 0
L -746.4, -4.4, 60.4, -745.8, -1.8, 59.8, 0, 0, 0
L -763.5, -4.4, 60.4, -746.4, -4.4, 60.4, 150, 150, 150
L -764.5, 0.9, 59.1, -765.0, 3.5, 58.5, 0, 0, 0
L -745.1, 0.9, 59.1, -744.5, 3.5, 58.5, 0, 0, 0
L -764.5, 0.9, 59.1, -745.1, 0.9, 59.1, 150, 150, 150
L -765.5, 6.1, 57.9, -766.0, 8.8, 57.2, 0, 0, 0
L -743.9, 6.1, 57.9, -743.2, 8.8, 57.2, 0, 0, 0
L -765.5, 6.1, 57.9, -743.9, 6.1, 57.9, 150, 150, 150
L -766.5, 11.4, 56.6, -767.0, 14.0, 56.0, 0, 0, 0
L -742.6, 11.4, 56.6, -742.0, 14.0, 56.0, 0, 0, 0
L -766.5, 11.4, 56.6, -742.6, 11.4, 56.6, 150, 150, 150
L -614.0, 74.0, 56.0, -614.0, 74.0, 61.0, 0, 0, 0
L -614.0, 63.0, 56.0, -614.0, 63.0, 61.0, 0, 0, 0
L -614.0, 74.0, 61.0, -616.6, 74.9, 60.4, 0, 0, 0
L -614.0, 77.0, 56.0, -614.0, 101.0, 56.0, 0, 0, 0
L -635.0, 81.0, 56.0, -635.0, 56.0, 56.0, 150, 150, 150
L -614.0, 63.0, 61.0, -616.6, 62.1, 60.4, 0, 0, 0
L -614.0, 61.0, 56.0, -614.0, 37.0, 56.0, 0, 0, 0
L -624.5, 77.5, 58.5, -627.1, 78.4, 57.9, 0, 0, 0
L -624.5, 59.5, 58.5, -627.1, 58.6, 57.9, 0, 0, 0
L -624.5, 77.5, 58.5, -624.5, 59.5, 58.5, 150, 150, 150
L -614.0, 63.0, 61.0, -614.0, 74.0, 61.0, 150, 150, 150
L -619.2, 61.2, 59.8, -621.9, 60.4, 59.1, 0, 0, 0
L -619.2, 75.8, 59.8, -621.9, 76.6, 59.1, 0, 0, 0
L -619.2, 61.2, 59.8, -619.2, 75.8, 59.8, 150, 150, 150
L -629.8, 57.8, 57.2, -632.4, 56.9, 56.6, 0, 0, 0
L -629.8, 79.2, 57.2, -632.4, 80.1, 56.6, 0, 0, 0
L -629.8, 57.8, 57.2, -629.8, 79.2, 57.2, 150, 150, 150
L -627.1, 58.6, 57.9, -629.8, 57.8, 57.2, 0, 0, 0
L -627.1, 78.4, 57.9, -629.8, 79.2, 57.2, 0, 0, 0
L -627.1, 58.6, 57.9, -627.1, 78.4, 57.9, 150, 150, 150
L -632.4, 56.9, 56.6, -635.0, 56.0, 56.0, 0, 0, 0
L -632.4, 80.1, 56.6, -635.0, 81.0, 56.0, 0, 0, 0
L -632.4, 56.9, 56.6, -632.4, 80.1, 56.6, 150, 150, 150
L -621.9, 60.4, 59.1, -624.5, 59.5, 58.5, 0, 0, 0
L -621.9, 76.6, 59.1, -624.5, 77.5, 58.5, 0, 0, 0
L -621.9, 60.4, 59.1, -621.9, 76.6, 59.1, 150, 150, 150
L -616.6, 62.1, 60.4, -619.2, 61.2, 59.8, 0, 0, 0
L -616.6, 74.9, 60.4, -619.2, 75.8, 59.8, 0, 0, 0
L -616.6, 62.1, 60.4, -616.6, 74.9, 60.4, 150, 150, 150
L -747.0, 144.0, 61.0, -747.0, 147.0, 61.0, 0, 0, 0
L -763.0, 144.0, 61.0, -763.0, 147.0, 61.0, 0, 0, 0
L -763.0, 144.0, 56.0, -763.0, 144.0, 61.0, 0, 0, 0
L -747.0, 144.0, 56.0, -747.0, 144.0, 61.0, 0, 0, 0
L -747.0, 144.0, 61.0, -746.5, 141.5, 60.4, 0, 0, 0
L -763.0, 144.0, 61.0, -763.5, 141.5, 60.4, 0, 0, 0
L -767.0, 124.0, 56.0, -743.0, 124.0, 56.0, 150, 150, 150
L -747.0, 144.0, 61.0, -763.0, 144.0, 61.0, 150, 150, 150
L -745.0, 134.0, 58.5, -744.5, 131.5, 57.9, 0, 0, 0
L -765.0, 134.0, 58.5, -765.5, 131.5, 57.9, 0, 0, 0
L -745.0, 134.0, 58.5, -765.0, 134.0, 58.5, 150, 150, 150
L -744.0, 129.0, 57.2, -743.5, 126.5, 56.6, 0, 0, 0
L -766.0, 129.0, 57.2, -766.5, 126.5, 56.6, 0, 0, 0
L -744.0, 129.0, 57.2, -766.0, 129.0, 57.2, 150, 150, 150
L -743.5, 126.5, 56.6, -743.0, 124.0, 56.0, 0, 0, 0
L -766.5, 126.5, 56.6, -767.0, 124.0, 56.0, 0, 0, 0
L -743.5, 126.5, 56.6, -766.5, 126.5, 56.6, 150, 150, 150
L -744.5, 131.5, 57.9, -744.0, 129.0, 57.2, 0, 0, 0
L -765.5, 131.5, 57.9, -766.0, 129.0, 57.2, 0, 0, 0
L -744.5, 131.5, 57.9, -765.5, 131.5, 57.9, 150, 150, 150
L -746.0, 139.0, 59.8, -745.5, 136.5, 59.1, 0, 0, 0
L -764.0, 139.0, 59.8, -764.5, 136.5, 59.1, 0, 0, 0
L -746.0, 139.0, 59.8, -764.0, 139.0, 59.8, 150, 150, 150
L -745.5, 136.5, 59.1, -745.0, 134.0, 58.5, 0, 0, 0
L -764.5, 136.5, 59.1, -765.0, 134.0, 58.5, 0, 0, 0
L -745.5, 136.5, 59.1, -764.5, 136.5, 59.1, 150, 150, 150
L -746.5, 141.5, 60.4, -746.0, 139.0, 59.8, 0, 0, 0
L -763.5, 141.5, 60.4, -764.0, 139.0, 59.8, 0, 0, 0
L -746.5, 141.5, 60.4, -763.5, 141.5, 60.4, 150, 150, 150
L 124.0, -183.0, -31.0, 105.0, -216.0, -31.0, 0, 0, 0
L -28.0, -278.0, -31.0, -93.0, -241.0, -31.0, 0, 0, 0
L 124.0, -116.0, -31.0, 124.0, -183.0, -31.0, 0, 0, 0
L -93.0, -241.0, -31.0, -126.0, -183.0, -31.0, 0, 0, 0
L 57.0, -260.0, -31.0, 26.0, -278.0, -31.0, 0, 0, 0
L -107.0, -84.0, -31.0, -93.0, -58.0, -31.0, 0, 0, 0
L -126.0, -183.0, -31.0, -126.0, -116.0, -31.0, 0, 0, 0
L -126.0, -116.0, -31.0, -107.0, -84.0, -31.0, 0, 0, 0
L 90.0, -241.0, -31.0, 57.0, -260.0, -31.0, 0, 0, 0
L 105.0, -216.0, -31.0, 90.0, -241.0, -31.0, 0, 0, 0
L 114.0, -100.0, -31.0, 124.0, -116.0, -31.0, 0, 0, 0
L -93.0, -58.0, -31.0, -39.0, -27.0, -31.0, 0, 0, 0
L 90.0, -58.0, -31.0, 114.0, -100.0, -31.0, 0, 0, 0
L -39.0, 26.0, -43.0, -39.0, -27.0, -31.0, 0, 0, 0
L 65.0, -44.0, -31.0, 90.0, -58.0, -31.0, 0, 0, 0
