L 101.0, -578.0, -50.0, 88.0, -578.0, -45.0, 0, 0, 0
L 104.0, -579.0, -51.0, 101.0, -578.0, -50.0, 0, 0, 0
L 108.0, -591.0, -52.0, 104.0, -579.0, -51.0, 0, 0, 0
L 99.0, -597.0, -51.0, 108.0, -591.0, -52.0, 0, 0, 0
L 88.0, -608.0, -49.0, 99.0, -597.0, -51.0, 0, 0, 0
L 84.0, -612.0, -49.0, 88.0, -608.0, -49.0, 0, 0, 0
L 82.0, -621.0, -48.0, 84.0, -612.0, -49.0, 0, 0, 0
L 81.0, -622.0, -49.0, 82.0, -621.0, -48.0, 0, 0, 0
L 85.0, -634.0, -48.0, 81.0, -622.0, -49.0, 0, 0, 0
L 88.0, -648.0, -50.0, 85.0, -634.0, -48.0, 0, 0, 0
L 90.0, -655.0, -52.0, 88.0, -648.0, -50.0, 0, 0, 0
L 90.0, -661.0, -56.0, 90.0, -655.0, -52.0, 0, 0, 0
L 88.0, -675.0, -58.0, 90.0, -661.0, -56.0, 0, 0, 0
L 85.0, -686.0, -62.0, 88.0, -675.0, -58.0, 0, 0, 0
L 82.0, -692.0, -64.0, 85.0, -686.0, -62.0, 0, 0, 0
L 82.0, -693.0, -65.0, 82.0, -692.0, -64.0, 0, 0, 0
L 81.0, -696.0, -65.0, 82.0, -693.0, -65.0, 0, 0, 0
L 73.0, -708.0, -65.0, 81.0, -696.0, -65.0, 0, 0, 0
L 70.0, -713.0, -66.0, 73.0, -708.0, -65.0, 0, 0, 0
L 64.0, -714.0, -65.0, 70.0, -713.0, -66.0, 0, 0, 0
L 59.0, -713.0, -65.0, 64.0, -714.0, -65.0, 0, 0, 0
L 50.0, -711.0, -66.0, 59.0, -713.0, -65.0, 0, 0, 0
L 39.0, -709.0, -66.0, 50.0, -711.0, -66.0, 0, 0, 0
L 34.0, -709.0, -66.0, 39.0, -709.0, -66.0, 0, 0, 0
L 23.0, -708.0, -66.0, 34.0, -709.0, -66.0, 0, 0, 0
L 12.0, -715.0, -68.0, 23.0, -708.0, -66.0, 0, 0, 0
L 3.0, -718.0, -68.0, 12.0, -715.0, -68.0, 0, 0, 0
L -7.0, -724.0, -67.0, 3.0, -718.0, -68.0, 0, 0, 0
L -10.0, -725.0, -66.0, -7.0, -724.0, -67.0, 0, 0, 0
L -11.0, -727.0, -65.0, -10.0, -725.0, -66.0, 0, 0, 0
L -13.0, -737.0, -64.0, -11.0, -727.0, -65.0, 0, 0, 0
L -17.0, -742.0, -64.0, -13.0, -737.0, -64.0, 0, 0, 0
L -20.0, -741.0, -64.0, -17.0, -742.0, -64.0, 0, 0, 0
L -21.0, -743.0, -64.0, -20.0, -741.0, -64.0, 0, 0, 0
L -34.0, -759.0, -63.0, -21.0, -743.0, -64.0, 0, 0, 0
L -35.0, -760.0, -63.0, -34.0, -759.0, -63.0, 0, 0, 0
L -38.0, -770.0, -62.0, -35.0, -760.0, -63.0, 0, 0, 0
L -42.0, -778.0, -62.0, -38.0, -770.0, -62.0, 0, 0, 0
L -44.0, -784.0, -62.0, -42.0, -778.0, -62.0, 0, 0, 0
L -47.0, -792.0, -61.0, -44.0, -784.0, -62.0, 0, 0, 0
L -47.0, -793.0, -61.0, -47.0, -792.0, -61.0, 0, 0, 0
L -42.0, -809.0, -65.0, -47.0, -793.0, -61.0, 0, 0, 0
L -40.0, -815.0, -65.0, -42.0, -809.0, -65.0, 0, 0, 0
L -38.0, -820.0, -65.0, -40.0, -815.0, -65.0, 0, 0, 0
L -36.0, -829.0, -64.0, -38.0, -820.0, -65.0, 0, 0, 0
L -37.0, -837.0, -62.0, -36.0, -829.0, -64.0, 0, 0, 0
L -35.0, -842.0, -62.0, -37.0, -837.0, -62.0, 0, 0, 0
L -31.0, -851.0, -63.0, -35.0, -842.0, -62.0, 0, 0, 0
L -25.0, -855.0, -61.0, -31.0, -851.0, -63.0, 0, 0, 0
L -22.0, -864.0, -61.0, -25.0, -855.0, -61.0, 0, 0, 0
L -20.0, -872.0, -61.0, -22.0, -864.0, -61.0, 0, 0, 0
L -18.0, -884.0, -62.0, -20.0, -872.0, -61.0, 0, 0, 0
L -9.0, -896.0, -62.0, -18.0, -884.0, -62.0, 0, 0, 0
L -2.0, -902.0, -63.0, -9.0, -896.0, -62.0, 0, 0, 0
L 6.0, -904.0, -64.0, -2.0, -902.0, -63.0, 0, 0, 0
L 17.0, -903.0, -65.0, 6.0, -904.0, -64.0, 0, 0, 0
L 18.0, -902.0, -65.0, 17.0, -903.0, -65.0, 0, 0, 0
L 29.0, -902.0, -65.0, 18.0, -902.0, -65.0, 0, 0, 0
L 31.0, -902.0, -65.0, 29.0, -902.0, -65.0, 0, 0, 0
L 41.0, -898.0, -66.0, 31.0, -902.0, -65.0, 0, 0, 0
L 52.0, -894.0, -66.0, 41.0, -898.0, -66.0, 0, 0, 0
L 65.0, -891.0, -65.0, 52.0, -894.0, -66.0, 0, 0, 0
L 73.0, -896.0, -64.0, 65.0, -891.0, -65.0, 0, 0, 0
L 78.0, -899.0, -64.0, 73.0, -896.0, -64.0, 0, 0, 0
L 87.0, -901.0, -64.0, 78.0, -899.0, -64.0, 0, 0, 0
L 96.0, -898.0, -64.0, 87.0, -901.0, -64.0, 0, 0, 0
L 104.0, -897.0, -64.0, 96.0, -898.0, -64.0, 0, 0, 0
L 113.0, -894.0, -64.0, 104.0, -897.0, -64.0, 0, 0, 0
L 128.0, -883.0, -62.0, 113.0, -894.0, -64.0, 0, 0, 0
L 132.0, -880.0, -63.0, 128.0, -883.0, -62.0, 0, 0, 0
L 136.0, -869.0, -64.0, 132.0, -880.0, -63.0, 0, 0, 0
L 142.0, -862.0, -63.0, 136.0, -869.0, -64.0, 0, 0, 0
L 145.0, -855.0, -63.0, 142.0, -862.0, -63.0, 0, 0, 0
L 149.0, -841.0, -62.0, 145.0, -855.0, -63.0, 0, 0, 0
L 150.0, -830.0, -63.0, 149.0, -841.0, -62.0, 0, 0, 0
L 150.0, -828.0, -63.0, 150.0, -830.0, -63.0, 0, 0, 0
L 147.0, -818.0, -61.0, 150.0, -828.0, -63.0, 0, 0, 0
L 152.0, -808.0, -60.0, 147.0, -818.0, -61.0, 0, 0, 0
L 151.0, -806.0, -58.0, 152.0, -808.0, -60.0, 0, 0, 0
L 149.0, -801.0, -57.0, 151.0, -806.0, -58.0, 0, 0, 0
L 155.0, -790.0, -52.0, 149.0, -801.0, -57.0, 0, 0, 0
L 163.0, -783.0, -48.0, 155.0, -790.0, -52.0, 0, 0, 0
L 164.0, -782.0, -48.0, 163.0, -783.0, -48.0, 0, 0, 0
L 179.0, -775.0, -49.0, 164.0, -782.0, -48.0, 0, 0, 0
L 191.0, -775.0, -48.0, 179.0, -775.0, -49.0, 0, 0, 0
L 199.0, -775.0, -50.0, 191.0, -775.0, -48.0, 0, 0, 0
L 204.0, -775.0, -50.0, 199.0, -775.0, -50.0, 0, 0, 0
L 214.0, -774.0, -50.0, 204.0, -775.0, -50.0, 0, 0, 0
L 226.0, -774.0, -50.0, 214.0, -774.0, -50.0, 0, 0, 0
L 239.0, -770.0, -50.0, 226.0, -774.0, -50.0, 0, 0, 0
L 250.0, -767.0, -50.0, 239.0, -770.0, -50.0, 0, 0, 0
L 258.0, -762.0, -50.0, 250.0, -767.0, -50.0, 0, 0, 0
L 274.0, -755.0, -49.0, 258.0, -762.0, -50.0, 0, 0, 0
L 274.0, -752.0, -49.0, 274.0, -755.0, -49.0, 0, 0, 0
L 285.0, -741.0, -49.0, 274.0, -752.0, -49.0, 0, 0, 0
L 285.0, -740.0, -49.0, 285.0, -741.0, -49.0, 0, 0, 0
L 287.0, -723.0, -50.0, 285.0, -740.0, -49.0, 0, 0, 0
L 294.0, -706.0, -49.0, 287.0, -723.0, -50.0, 0, 0, 0
L 293.0, -703.0, -49.0, 294.0, -706.0, -49.0, 0, 0, 0
L 297.0, -690.0, -49.0, 293.0, -703.0, -49.0, 0, 0, 0
L 297.0, -685.0, -49.0, 297.0, -690.0, -49.0, 0, 0, 0
L 287.0, -677.0, -49.0, 297.0, -685.0, -49.0, 0, 0, 0
L 281.0, -667.0, -49.0, 287.0, -677.0, -49.0, 0, 0, 0
L 280.0, -659.0, -48.0, 281.0, -667.0, -49.0, 0, 0, 0
L 277.0, -652.0, -47.0, 280.0, -659.0, -48.0, 0, 0, 0
L 276.0, -643.0, -47.0, 277.0, -652.0, -47.0, 0, 0, 0
L 275.0, -634.0, -46.0, 276.0, -643.0, -47.0, 0, 0, 0
L 274.0, -619.0, -47.0, 275.0, -634.0, -46.0, 0, 0, 0
L 272.0, -609.0, -46.0, 274.0, -619.0, -47.0, 0, 0, 0
L 267.0, -596.0, -48.0, 272.0, -609.0, -46.0, 0, 0, 0
L 267.0, -594.0, -48.0, 267.0, -596.0, -48.0, 0, 0, 0
L 264.0, -587.0, -49.0, 267.0, -594.0, -48.0, 0, 0, 0
L 263.0, -586.0, -49.0, 264.0, -587.0, -49.0, 0, 0, 0
L 253.0, -578.0, -49.0, 263.0, -586.0, -49.0, 0, 0, 0
L 248.0, -571.0, -49.0, 253.0, -578.0, -49.0, 0, 0, 0
L 241.0, -564.0, -49.0, 248.0, -571.0, -49.0, 0, 0, 0
L 224.0, -557.0, -49.0, 241.0, -564.0, -49.0, 0, 0, 0
L 219.0, -555.0, -49.0, 224.0, -557.0, -49.0, 0, 0, 0
L 208.0, -557.0, -49.0, 219.0, -555.0, -49.0, 0, 0, 0
L 197.0, -556.0, -50.0, 208.0, -557.0, -49.0, 0, 0, 0
L 187.0, -557.0, -50.0, 197.0, -556.0, -50.0, 0, 0, 0
L 178.0, -558.0, -50.0, 187.0, -557.0, -50.0, 0, 0, 0
L 165.0, -556.0, -50.0, 178.0, -558.0, -50.0, 0, 0, 0
L 162.0, -555.0, -50.0, 165.0, -556.0, -50.0, 0, 0, 0
L 151.0, -556.0, -51.0, 162.0, -555.0, -50.0, 0, 0, 0
L 141.0, -566.0, -50.0, 151.0, -556.0, -51.0, 0, 0, 0
L 128.0, -562.0, -48.0, 141.0, -566.0, -50.0, 0, 0, 0
L 116.0, -554.0, -44.0, 128.0, -562.0, -48.0, 0, 0, 0
L 40.0, 45.0, -15.0, 47.0, 47.0, -12.0, 0, 0, 0
L 39.0, 46.0, -15.0, 40.0, 45.0, -15.0, 0, 0, 0
L 25.0, 50.0, -13.0, 39.0, 46.0, -15.0, 0, 0, 0
L 24.0, 50.0, -13.0, 25.0, 50.0, -13.0, 0, 0, 0
L 10.0, 60.0, -10.0, 24.0, 50.0, -13.0, 0, 0, 0
L 11.0, 63.0, -12.0, 10.0, 60.0, -10.0, 0, 0, 0
L 8.0, 67.0, -12.0, 11.0, 63.0, -12.0, 0, 0, 0
L 6.0, 73.0, -12.0, 8.0, 67.0, -12.0, 0, 0, 0
L 5.0, 74.0, -12.0, 6.0, 73.0, -12.0, 0, 0, 0
L -3.0, 81.0, -10.0, 5.0, 74.0, -12.0, 0, 0, 0
L -7.0, 85.0, -10.0, -3.0, 81.0, -10.0, 0, 0, 0
L -14.0, 83.0, -10.0, -7.0, 85.0, -10.0, 0, 0, 0
L -17.0, 81.0, -9.0, -14.0, 83.0, -10.0, 0, 0, 0
L -22.0, 72.0, -6.0, -17.0, 81.0, -9.0, 0, 0, 0
L -25.0, 71.0, -6.0, -22.0, 72.0, -6.0, 0, 0, 0
L -31.0, 71.0, -7.0, -25.0, 71.0, -6.0, 0, 0, 0
L -41.0, 70.0, -7.0, -31.0, 71.0, -7.0, 0, 0, 0
L -46.0, 64.0, -7.0, -41.0, 70.0, -7.0, 0, 0, 0
L -69.0, 67.0, -7.0, -46.0, 64.0, -7.0, 0, 0, 0
L -87.0, 71.0, -6.0, -69.0, 67.0, -7.0, 0, 0, 0
L -98.0, 74.0, -6.0, -87.0, 71.0, -6.0, 0, 0, 0
L -108.0, 75.0, -6.0, -98.0, 74.0, -6.0, 0, 0, 0
L -121.0, 75.0, -5.0, -108.0, 75.0, -6.0, 0, 0, 0
L -132.0, 69.0, -5.0, -121.0, 75.0, -5.0, 0, 0, 0
L -133.0, 68.0, -5.0, -132.0, 69.0, -5.0, 0, 0, 0
L -142.0, 62.0, -5.0, -133.0, 68.0, -5.0, 0, 0, 0
L -148.0, 60.0, -5.0, -142.0, 62.0, -5.0, 0, 0, 0
L -157.0, 55.0, -5.0, -148.0, 60.0, -5.0, 0, 0, 0
L -182.0, 41.0, -4.0, -157.0, 55.0, -5.0, 0, 0, 0
L -183.0, 35.0, -5.0, -182.0, 41.0, -4.0, 0, 0, 0
L -193.0, 29.0, -3.0, -183.0, 35.0, -5.0, 0, 0, 0
L -197.0, 24.0, -1.0, -193.0, 29.0, -3.0, 0, 0, 0
L -199.0, 21.0, -1.0, -197.0, 24.0, -1.0, 0, 0, 0
L -205.0, 14.0, 0.0, -199.0, 21.0, -1.0, 0, 0, 0
L -214.0, 1.0, 0.0, -205.0, 14.0, 0.0, 0, 0, 0
L -222.0, -15.0, 0.0, -214.0, 1.0, 0.0, 0, 0, 0
L -234.0, -32.0, 0.0, -222.0, -15.0, 0.0, 0, 0, 0
L -238.0, -39.0, 0.0, -234.0, -32.0, 0.0, 0, 0, 0
L -239.0, -40.0, 0.0, -238.0, -39.0, 0.0, 0, 0, 0
L -241.0, -54.0, -7.0, -239.0, -40.0, 0.0, 0, 0, 0
L -243.0, -59.0, -10.0, -241.0, -54.0, -7.0, 0, 0, 0
L -251.0, -80.0, -10.0, -243.0, -59.0, -10.0, 0, 0, 0
L -251.0, -91.0, -10.0, -251.0, -80.0, -10.0, 0, 0, 0
L -249.0, -97.0, -11.0, -251.0, -91.0, -10.0, 0, 0, 0
L -248.0, -104.0, -11.0, -249.0, -97.0, -11.0, 0, 0, 0
L -246.0, -111.0, -10.0, -248.0, -104.0, -11.0, 0, 0, 0
L -243.0, -118.0, -10.0, -246.0, -111.0, -10.0, 0, 0, 0
L -243.0, -125.0, -10.0, -243.0, -118.0, -10.0, 0, 0, 0
L -244.0, -136.0, -10.0, -243.0, -125.0, -10.0, 0, 0, 0
L -245.0, -146.0, -9.0, -244.0, -136.0, -10.0, 0, 0, 0
L -243.0, -150.0, -9.0, -245.0, -146.0, -9.0, 0, 0, 0
L -243.0, -152.0, -9.0, -243.0, -150.0, -9.0, 0, 0, 0
L -252.0, -172.0, -9.0, -243.0, -152.0, -9.0, 0, 0, 0
L -252.0, -174.0, -10.0, -252.0, -172.0, -9.0, 0, 0, 0
L -254.0, -186.0, -11.0, -252.0, -174.0, -10.0, 0, 0, 0
L -255.0, -189.0, -11.0, -254.0, -186.0, -11.0, 0, 0, 0
L -255.0, -191.0, -12.0, -255.0, -189.0, -11.0, 0, 0, 0
L -263.0, -205.0, -12.0, -255.0, -191.0, -12.0, 0, 0, 0
L -270.0, -225.0, -13.0, -263.0, -205.0, -12.0, 0, 0, 0
L -260.0, -235.0, -15.0, -270.0, -225.0, -13.0, 0, 0, 0
L -251.0, -236.0, -15.0, -260.0, -235.0, -15.0, 0, 0, 0
L -254.0, -244.0, -15.0, -251.0, -236.0, -15.0, 0, 0, 0
L -258.0, -246.0, -15.0, -254.0, -244.0, -15.0, 0, 0, 0
L -269.0, -258.0, -15.0, -258.0, -246.0, -15.0, 0, 0, 0
L -281.0, -267.0, -14.0, -269.0, -258.0, -15.0, 0, 0, 0
L -279.0, -272.0, -14.0, -281.0, -267.0, -14.0, 0, 0, 0
L -279.0, -274.0, -14.0, -279.0, -272.0, -14.0, 0, 0, 0
L -288.0, -276.0, -13.0, -279.0, -274.0, -14.0, 0, 0, 0
L -288.0, -266.0, -16.0, -288.0, -276.0, -13.0, 0, 0, 0
L -293.0, -266.0, -18.0, -288.0, -266.0, -16.0, 0, 0, 0
L -297.0, -267.0, -20.0, -293.0, -266.0, -18.0, 0, 0, 0
L -303.0, -267.0, -23.0, -297.0, -267.0, -20.0, 0, 0, 0
L -306.0, -266.0, -25.0, -303.0, -267.0, -23.0, 0, 0, 0
L -325.0, -252.0, -32.0, -306.0, -266.0, -25.0, 0, 0, 0
L -329.0, -251.0, -33.0, -325.0, -252.0, -32.0, 0, 0, 0
L -339.0, -247.0, -35.0, -329.0, -251.0, -33.0, 0, 0, 0
L -351.0, -247.0, -39.0, -339.0, -247.0, -35.0, 0, 0, 0
L -364.0, -248.0, -38.0, -351.0, -247.0, -39.0, 0, 0, 0
L -367.0, -249.0, -40.0, -364.0, -248.0, -38.0, 0, 0, 0
L -370.0, -251.0, -41.0, -367.0, -249.0, -40.0, 0, 0, 0
L -377.0, -255.0, -42.0, -370.0, -251.0, -41.0, 0, 0, 0
L -380.0, -257.0, -42.0, -377.0, -255.0, -42.0, 0, 0, 0
L -384.0, -260.0, -47.0, -380.0, -257.0, -42.0, 0, 0, 0
L -389.0, -264.0, -49.0, -384.0, -260.0, -47.0, 0, 0, 0
L -394.0, -266.0, -52.0, -389.0, -264.0, -49.0, 0, 0, 0
L -405.0, -270.0, -51.0, -394.0, -266.0, -52.0, 0, 0, 0
L -408.0, -275.0, -51.0, -405.0, -270.0, -51.0, 0, 0, 0
L -420.0, -276.0, -50.0, -408.0, -275.0, -51.0, 0, 0, 0
L -422.0, -276.0, -49.0, -420.0, -276.0, -50.0, 0, 0, 0
L -418.0, -266.0, -48.0, -419.0, -274.0, -49.0, 0, 0, 0
L -425.0, -262.0, -47.0, -418.0, -266.0, -48.0, 0, 0, 0
L -428.0, -261.0, -47.0, -425.0, -262.0, -47.0, 0, 0, 0
L -443.0, -253.0, -46.0, -428.0, -261.0, -47.0, 0, 0, 0
L -444.0, -244.0, -44.0, -443.0, -253.0, -46.0, 0, 0, 0
L -436.0, -235.0, -45.0, -444.0, -244.0, -44.0, 0, 0, 0
L -433.0, -229.0, -45.0, -436.0, -235.0, -45.0, 0, 0, 0
L -429.0, -214.0, -45.0, -433.0, -229.0, -45.0, 0, 0, 0
L -423.0, -204.0, -45.0, -429.0, -214.0, -45.0, 0, 0, 0
L -423.0, -203.0, -45.0, -423.0, -204.0, -45.0, 0, 0, 0
L -423.0, -183.0, -45.0, -423.0, -203.0, -45.0, 0, 0, 0
L -426.0, -179.0, -43.0, -423.0, -183.0, -45.0, 0, 0, 0
L -431.0, -174.0, -43.0, -426.0, -179.0, -43.0, 0, 0, 0
L -435.0, -166.0, -43.0, -431.0, -174.0, -43.0, 0, 0, 0
L -437.0, -163.0, -43.0, -435.0, -166.0, -43.0, 0, 0, 0
L -440.0, -161.0, -43.0, -437.0, -163.0, -43.0, 0, 0, 0
L -454.0, -157.0, -47.0, -440.0, -161.0, -43.0, 0, 0, 0
L -479.0, -146.0, -47.0, -454.0, -157.0, -47.0, 0, 0, 0
L -488.0, -134.0, -46.0, -479.0, -146.0, -47.0, 0, 0, 0
L -494.0, -121.0, -45.0, -488.0, -134.0, -46.0, 0, 0, 0
L -495.0, -118.0, -45.0, -494.0, -121.0, -45.0, 0, 0, 0
L -497.0, -107.0, -45.0, -495.0, -118.0, -45.0, 0, 0, 0
L -499.0, -104.0, -44.0, -497.0, -107.0, -45.0, 0, 0, 0
L -500.0, -101.0, -44.0, -499.0, -104.0, -44.0, 0, 0, 0
L -510.0, -93.0, -43.0, -500.0, -101.0, -44.0, 0, 0, 0
L -520.0, -87.0, -43.0, -510.0, -93.0, -43.0, 0, 0, 0
L -531.0, -84.0, -43.0, -520.0, -87.0, -43.0, 0, 0, 0
L -537.0, -80.0, -43.0, -531.0, -84.0, -43.0, 0, 0, 0
L -545.0, -65.0, -42.0, -537.0, -80.0, -43.0, 0, 0, 0
L -546.0, -64.0, -42.0, -545.0, -65.0, -42.0, 0, 0, 0
L -558.0, -53.0, -42.0, -546.0, -64.0, -42.0, 0, 0, 0
L -567.0, -48.0, -42.0, -558.0, -53.0, -42.0, 0, 0, 0
L -577.0, -44.0, -43.0, -567.0, -48.0, -42.0, 0, 0, 0
L -582.0, -41.0, -42.0, -577.0, -44.0, -43.0, 0, 0, 0
L -594.0, -33.0, -43.0, -582.0, -41.0, -42.0, 0, 0, 0
L -613.0, -29.0, -43.0, -594.0, -33.0, -43.0, 0, 0, 0
L -628.0, -27.0, -43.0, -613.0, -29.0, -43.0, 0, 0, 0
L -644.0, -22.0, -48.0, -628.0, -27.0, -43.0, 0, 0, 0
L -646.0, -25.0, -48.0, -644.0, -22.0, -48.0, 0, 0, 0
L -658.0, -32.0, -48.0, -646.0, -25.0, -48.0, 0, 0, 0
L -664.0, -38.0, -49.0, -658.0, -32.0, -48.0, 0, 0, 0
L -674.0, -45.0, -49.0, -664.0, -38.0, -49.0, 0, 0, 0
L -677.0, -48.0, -50.0, -674.0, -45.0, -49.0, 0, 0, 0
L -682.0, -55.0, -52.0, -677.0, -48.0, -50.0, 0, 0, 0
L -689.0, -64.0, -52.0, -682.0, -55.0, -52.0, 0, 0, 0
L -701.0, -65.0, -52.0, -689.0, -64.0, -52.0, 0, 0, 0
L -715.0, -63.0, -53.0, -701.0, -65.0, -52.0, 0, 0, 0
L -723.0, -61.0, -55.0, -715.0, -63.0, -53.0, 0, 0, 0
L -727.0, -65.0, -58.0, -723.0, -61.0, -55.0, 0, 0, 0
L -726.0, -67.0, -57.0, -727.0, -65.0, -58.0, 0, 0, 0
L -734.0, -65.0, -58.0, -726.0, -67.0, -57.0, 0, 0, 0
L -735.0, -59.0, -56.0, -734.0, -65.0, -58.0, 0, 0, 0
L -731.0, -56.0, -54.0, -735.0, -59.0, -56.0, 0, 0, 0
L -747.0, -42.0, -56.0, -731.0, -56.0, -54.0, 0, 0, 0
L -752.0, -40.0, -57.0, -747.0, -42.0, -56.0, 0, 0, 0
L -755.0, -38.0, -59.0, -752.0, -40.0, -57.0, 0, 0, 0
L -768.0, -37.0, -66.0, -755.0, -38.0, -59.0, 0, 0, 0
L -774.0, -36.0, -67.0, -768.0, -37.0, -66.0, 0, 0, 0
L -785.0, -32.0, -72.0, -774.0, -36.0, -67.0, 0, 0, 0
L -790.0, -27.0, -77.0, -785.0, -32.0, -72.0, 0, 0, 0
L -793.0, -22.0, -80.0, -790.0, -27.0, -77.0, 0, 0, 0
L -794.0, -21.0, -82.0, -793.0, -22.0, -80.0, 0, 0, 0
L -796.0, -14.0, -86.0, -794.0, -21.0, -82.0, 0, 0, 0
L -785.0, -12.0, -85.0, -796.0, -14.0, -86.0, 0, 0, 0
L -775.0, -14.0, -83.0, -785.0, -12.0, -85.0, 0, 0, 0
L -766.0, -15.0, -81.0, -775.0, -14.0, -83.0, 0, 0, 0
L -761.0, -14.0, -80.0, -766.0, -15.0, -81.0, 0, 0, 0
L -749.0, -9.0, -79.0, -761.0, -14.0, -80.0, 0, 0, 0
L -736.0, 8.0, -78.0, -749.0, -9.0, -79.0, 0, 0, 0
L -733.0, 13.0, -79.0, -736.0, 8.0, -78.0, 0, 0, 0
L -729.0, 22.0, -84.0, -733.0, 13.0, -79.0, 0, 0, 0
L -719.0, 31.0, -87.0, -729.0, 22.0, -84.0, 0, 0, 0
L -712.0, 35.0, -89.0, -719.0, 31.0, -87.0, 0, 0, 0
L -704.0, 41.0, -93.0, -712.0, 35.0, -89.0, 0, 0, 0
L -701.0, 42.0, -93.0, -704.0, 41.0, -93.0, 0, 0, 0
L -691.0, 51.0, -95.0, -701.0, 42.0, -93.0, 0, 0, 0
L -684.0, 53.0, -95.0, -691.0, 51.0, -95.0, 0, 0, 0
L -674.0, 46.0, -96.0, -684.0, 53.0, -95.0, 0, 0, 0
L -665.0, 34.0, -96.0, -674.0, 46.0, -96.0, 0, 0, 0
L -653.0, 18.0, -96.0, -665.0, 34.0, -96.0, 0, 0, 0
L -627.0, 5.0, -96.0, -653.0, 18.0, -96.0, 0, 0, 0
L -623.0, 2.0, -96.0, -627.0, 5.0, -96.0, 0, 0, 0
L -622.0, 1.0, -95.0, -623.0, 2.0, -96.0, 0, 0, 0
L -619.0, 2.0, -94.0, -622.0, 1.0, -95.0, 0, 0, 0
L -596.0, 5.0, -95.0, -619.0, 2.0, -94.0, 0, 0, 0
L -571.0, 7.0, -95.0, -596.0, 5.0, -95.0, 0, 0, 0
L -561.0, 8.0, -95.0, -571.0, 7.0, -95.0, 0, 0, 0
L -556.0, 11.0, -95.0, -561.0, 8.0, -95.0, 0, 0, 0
L -553.0, 12.0, -94.0, -556.0, 11.0, -95.0, 0, 0, 0
L -540.0, 21.0, -93.0, -553.0, 12.0, -94.0, 0, 0, 0
L -535.0, 23.0, -93.0, -540.0, 21.0, -93.0, 0, 0, 0
L -533.0, 25.0, -93.0, -535.0, 23.0, -93.0, 0, 0, 0
L -527.0, 40.0, -96.0, -533.0, 25.0, -93.0, 0, 0, 0
L -525.0, 44.0, -96.0, -527.0, 40.0, -96.0, 0, 0, 0
L -524.0, 47.0, -95.0, -525.0, 44.0, -96.0, 0, 0, 0
L -521.0, 55.0, -95.0, -524.0, 47.0, -95.0, 0, 0, 0
L -514.0, 58.0, -95.0, -521.0, 55.0, -95.0, 0, 0, 0
L -511.0, 59.0, -94.0, -514.0, 58.0, -95.0, 0, 0, 0
L -507.0, 75.0, -92.0, -511.0, 59.0, -94.0, 0, 0, 0
L -507.0, 85.0, -93.0, -507.0, 75.0, -92.0, 0, 0, 0
L -499.0, 96.0, -93.0, -507.0, 85.0, -93.0, 0, 0, 0
L -496.0, 106.0, -93.0, -499.0, 96.0, -93.0, 0, 0, 0
L -493.0, 116.0, -93.0, -496.0, 106.0, -93.0, 0, 0, 0
L -491.0, 124.0, -92.0, -493.0, 116.0, -93.0, 0, 0, 0
L -496.0, 137.0, -96.0, -491.0, 124.0, -92.0, 0, 0, 0
L -499.0, 139.0, -96.0, -496.0, 137.0, -96.0, 0, 0, 0
L -500.0, 140.0, -96.0, -499.0, 139.0, -96.0, 0, 0, 0
L -508.0, 149.0, -96.0, -500.0, 140.0, -96.0, 0, 0, 0
L -514.0, 152.0, -97.0, -508.0, 149.0, -96.0, 0, 0, 0
L -532.0, 161.0, -100.0, -514.0, 152.0, -97.0, 0, 0, 0
L -537.0, 162.0, -100.0, -532.0, 161.0, -100.0, 0, 0, 0
L -540.0, 167.0, -101.0, -537.0, 162.0, -100.0, 0, 0, 0
L -541.0, 167.0, -100.0, -540.0, 167.0, -101.0, 0, 0, 0
L -547.0, 179.0, -94.0, -541.0, 167.0, -100.0, 0, 0, 0
L -548.0, 181.0, -94.0, -547.0, 179.0, -94.0, 0, 0, 0
L -552.0, 191.0, -93.0, -548.0, 181.0, -94.0, 0, 0, 0
L -557.0, 196.0, -93.0, -552.0, 191.0, -93.0, 0, 0, 0
L -575.0, 203.0, -93.0, -557.0, 196.0, -93.0, 0, 0, 0
L -579.0, 205.0, -93.0, -575.0, 203.0, -93.0, 0, 0, 0
L -592.0, 207.0, -93.0, -579.0, 205.0, -93.0, 0, 0, 0
L -597.0, 209.0, -93.0, -592.0, 207.0, -93.0, 0, 0, 0
L -603.0, 209.0, -93.0, -597.0, 209.0, -93.0, 0, 0, 0
L -612.0, 206.0, -93.0, -603.0, 209.0, -93.0, 0, 0, 0
L -622.0, 203.0, -93.0, -612.0, 206.0, -93.0, 0, 0, 0
L -631.0, 201.0, -93.0, -622.0, 203.0, -93.0, 0, 0, 0
L -643.0, 192.0, -93.0, -631.0, 201.0, -93.0, 0, 0, 0
L -648.0, 188.0, -93.0, -643.0, 192.0, -93.0, 0, 0, 0
L -649.0, 187.0, -92.0, -648.0, 188.0, -93.0, 0, 0, 0
L -652.0, 183.0, -92.0, -649.0, 187.0, -92.0, 0, 0, 0
L -661.0, 172.0, -89.0, -652.0, 183.0, -92.0, 0, 0, 0
L -675.0, 163.0, -82.0, -661.0, 172.0, -89.0, 0, 0, 0
L -681.0, 162.0, -80.0, -675.0, 163.0, -82.0, 0, 0, 0
L -687.0, 161.0, -79.0, -681.0, 162.0, -80.0, 0, 0, 0
L -701.0, 166.0, -78.0, -687.0, 161.0, -79.0, 0, 0, 0
L -712.0, 173.0, -78.0, -701.0, 166.0, -78.0, 0, 0, 0
L -715.0, 176.0, -79.0, -712.0, 173.0, -78.0, 0, 0, 0
L -721.0, 183.0, -78.0, -715.0, 176.0, -79.0, 0, 0, 0
L -725.0, 187.0, -78.0, -721.0, 183.0, -78.0, 0, 0, 0
L -727.0, 190.0, -78.0, -725.0, 187.0, -78.0, 0, 0, 0
L -727.0, 192.0, -78.0, -727.0, 190.0, -78.0, 0, 0, 0
L -736.0, 199.0, -78.0, -727.0, 192.0, -78.0, 0, 0, 0
L -754.0, 209.0, -81.0, -736.0, 199.0, -78.0, 0, 0, 0
L -758.0, 211.0, -81.0, -754.0, 209.0, -81.0, 0, 0, 0
L -772.0, 217.0, -80.0, -758.0, 211.0, -81.0, 0, 0, 0
L -785.0, 216.0, -81.0, -772.0, 217.0, -80.0, 0, 0, 0
L -793.0, 218.0, -80.0, -785.0, 216.0, -81.0, 0, 0, 0
L -802.0, 219.0, -80.0, -793.0, 218.0, -80.0, 0, 0, 0
L -812.0, 216.0, -79.0, -802.0, 219.0, -80.0, 0, 0, 0
L -823.0, 216.0, -79.0, -812.0, 216.0, -79.0, 0, 0, 0
L -826.0, 213.0, -80.0, -823.0, 216.0, -79.0, 0, 0, 0
L -838.0, 204.0, -80.0, -826.0, 213.0, -80.0, 0, 0, 0
L -847.0, 198.0, -80.0, -838.0, 204.0, -80.0, 0, 0, 0
L -849.0, 193.0, -80.0, -847.0, 198.0, -80.0, 0, 0, 0
L -850.0, 191.0, -80.0, -849.0, 193.0, -80.0, 0, 0, 0
L -854.0, 186.0, -80.0, -850.0, 191.0, -80.0, 0, 0, 0
L -856.0, 180.0, -80.0, -854.0, 186.0, -80.0, 0, 0, 0
L -858.0, 172.0, -80.0, -856.0, 180.0, -80.0, 0, 0, 0
L -861.0, 160.0, -79.0, -858.0, 172.0, -80.0, 0, 0, 0
L -865.0, 154.0, -78.0, -861.0, 160.0, -79.0, 0, 0, 0
L -866.0, 152.0, -78.0, -865.0, 154.0, -78.0, 0, 0, 0
L -875.0, 141.0, -76.0, -866.0, 152.0, -78.0, 0, 0, 0
L -884.0, 128.0, -76.0, -875.0, 141.0, -76.0, 0, 0, 0
L -895.0, 114.0, -76.0, -884.0, 128.0, -76.0, 0, 0, 0
L -895.0, 112.0, -77.0, -895.0, 114.0, -76.0, 0, 0, 0
L -899.0, 103.0, -79.0, -895.0, 112.0, -77.0, 0, 0, 0
L -902.0, 89.0, -80.0, -899.0, 103.0, -79.0, 0, 0, 0
L -904.0, 80.0, -80.0, -902.0, 89.0, -80.0, 0, 0, 0
L -903.0, 67.0, -80.0, -904.0, 80.0, -80.0, 0, 0, 0
L -899.0, 57.0, -80.0, -903.0, 67.0, -80.0, 0, 0, 0
L -896.0, 49.0, -79.0, -899.0, 57.0, -80.0, 0, 0, 0
L -894.0, 43.0, -79.0, -896.0, 49.0, -79.0, 0, 0, 0
L -886.0, 37.0, -77.0, -894.0, 43.0, -79.0, 0, 0, 0
L -870.0, 24.0, -76.0, -886.0, 37.0, -77.0, 0, 0, 0
L -856.0, 5.0, -76.0, -870.0, 24.0, -76.0, 0, 0, 0
L -855.0, 4.0, -76.0, -856.0, 5.0, -76.0, 0, 0, 0
L -846.0, -6.0, -80.0, -855.0, 4.0, -76.0, 0, 0, 0
L -833.0, -9.0, -80.0, -846.0, -6.0, -80.0, 0, 0, 0
L -827.0, -11.0, -79.0, -833.0, -9.0, -80.0, 0, 0, 0
L -824.0, -14.0, -78.0, -827.0, -11.0, -79.0, 0, 0, 0
L -823.0, -24.0, -76.0, -824.0, -14.0, -78.0, 0, 0, 0
L -815.0, -36.0, -74.0, -823.0, -24.0, -76.0, 0, 0, 0
L -812.0, -42.0, -73.0, -815.0, -36.0, -74.0, 0, 0, 0
L -809.0, -50.0, -72.0, -812.0, -42.0, -73.0, 0, 0, 0
L -808.0, -51.0, -71.0, -809.0, -50.0, -72.0, 0, 0, 0
L -801.0, -54.0, -70.0, -808.0, -51.0, -71.0, 0, 0, 0
L -800.0, -57.0, -69.0, -801.0, -54.0, -70.0, 0, 0, 0
L -799.0, -58.0, -69.0, -800.0, -57.0, -69.0, 0, 0, 0
L -783.0, -62.0, -64.0, -799.0, -58.0, -69.0, 0, 0, 0
L -777.0, -64.0, -62.0, -783.0, -62.0, -64.0, 0, 0, 0
L -768.0, -65.0, -59.0, -777.0, -64.0, -62.0, 0, 0, 0
L -764.0, -67.0, -58.0, -768.0, -65.0, -59.0, 0, 0, 0
L -759.0, -70.0, -56.0, -764.0, -67.0, -58.0, 0, 0, 0
L -757.0, -70.0, -58.0, -759.0, -70.0, -56.0, 0, 0, 0
L -752.0, -67.0, -58.0, -757.0, -70.0, -58.0, 0, 0, 0
L -742.0, -74.0, -56.0, -752.0, -67.0, -58.0, 0, 0, 0
L -741.0, -75.0, -55.0, -742.0, -74.0, -56.0, 0, 0, 0
L -741.0, -79.0, -54.0, -741.0, -75.0, -55.0, 0, 0, 0
L -747.0, -82.0, -53.0, -741.0, -79.0, -54.0, 0, 0, 0
L -745.0, -85.0, -52.0, -747.0, -82.0, -53.0, 0, 0, 0
L -746.0, -90.0, -52.0, -745.0, -85.0, -52.0, 0, 0, 0
L -745.0, -91.0, -53.0, -746.0, -90.0, -52.0, 0, 0, 0
L -742.0, -96.0, -56.0, -745.0, -91.0, -53.0, 0, 0, 0
L -741.0, -107.0, -54.0, -742.0, -96.0, -56.0, 0, 0, 0
L -745.0, -118.0, -53.0, -741.0, -107.0, -54.0, 0, 0, 0
L -758.0, -119.0, -51.0, -745.0, -118.0, -53.0, 0, 0, 0
L -771.0, -123.0, -50.0, -758.0, -119.0, -51.0, 0, 0, 0
L -774.0, -125.0, -49.0, -771.0, -123.0, -50.0, 0, 0, 0
L -775.0, -126.0, -49.0, -774.0, -125.0, -49.0, 0, 0, 0
L -784.0, -133.0, -49.0, -775.0, -126.0, -49.0, 0, 0, 0
L -791.0, -140.0, -48.0, -784.0, -133.0, -49.0, 0, 0, 0
L -795.0, -146.0, -48.0, -791.0, -140.0, -48.0, 0, 0, 0
L -801.0, -159.0, -47.0, -795.0, -146.0, -48.0, 0, 0, 0
L -803.0, -172.0, -47.0, -801.0, -159.0, -47.0, 0, 0, 0
L -805.0, -199.0, -46.0, -803.0, -172.0, -47.0, 0, 0, 0
L -806.0, -200.0, -47.0, -805.0, -199.0, -46.0, 0, 0, 0
L -808.0, -214.0, -49.0, -806.0, -200.0, -47.0, 0, 0, 0
L -810.0, -225.0, -49.0, -808.0, -214.0, -49.0, 0, 0, 0
L -813.0, -236.0, -50.0, -810.0, -225.0, -49.0, 0, 0, 0
L -812.0, -249.0, -51.0, -813.0, -236.0, -50.0, 0, 0, 0
L -807.0, -258.0, -49.0, -812.0, -249.0, -51.0, 0, 0, 0
L -801.0, -270.0, -48.0, -807.0, -258.0, -49.0, 0, 0, 0
L -800.0, -272.0, -48.0, -801.0, -270.0, -48.0, 0, 0, 0
L -793.0, -281.0, -48.0, -800.0, -272.0, -48.0, 0, 0, 0
L -790.0, -297.0, -48.0, -793.0, -281.0, -48.0, 0, 0, 0
L -786.0, -310.0, -47.0, -790.0, -297.0, -48.0, 0, 0, 0
L -785.0, -329.0, -46.0, -786.0, -310.0, -47.0, 0, 0, 0
L -785.0, -342.0, -45.0, -785.0, -329.0, -46.0, 0, 0, 0
L -788.0, -351.0, -45.0, -785.0, -342.0, -45.0, 0, 0, 0
L -789.0, -358.0, -46.0, -788.0, -351.0, -45.0, 0, 0, 0
L -790.0, -371.0, -48.0, -789.0, -358.0, -46.0, 0, 0, 0
L -793.0, -381.0, -49.0, -790.0, -371.0, -48.0, 0, 0, 0
L -792.0, -382.0, -49.0, -793.0, -381.0, -49.0, 0, 0, 0
L -791.0, -407.0, -48.0, -792.0, -382.0, -49.0, 0, 0, 0
L -790.0, -419.0, -47.0, -791.0, -407.0, -48.0, 0, 0, 0
L -791.0, -433.0, -49.0, -790.0, -419.0, -47.0, 0, 0, 0
L -794.0, -447.0, -50.0, -791.0, -433.0, -49.0, 0, 0, 0
L -797.0, -461.0, -50.0, -794.0, -447.0, -50.0, 0, 0, 0
L -800.0, -469.0, -50.0, -797.0, -461.0, -50.0, 0, 0, 0
L -799.0, -479.0, -49.0, -800.0, -469.0, -50.0, 0, 0, 0
L -796.0, -501.0, -47.0, -799.0, -479.0, -49.0, 0, 0, 0
L -790.0, -518.0, -46.0, -796.0, -501.0, -47.0, 0, 0, 0
L -781.0, -536.0, -45.0, -790.0, -518.0, -46.0, 0, 0, 0
L -775.0, -548.0, -44.0, -781.0, -536.0, -45.0, 0, 0, 0
L -770.0, -556.0, -45.0, -775.0, -548.0, -44.0, 0, 0, 0
L -762.0, -566.0, -46.0, -770.0, -556.0, -45.0, 0, 0, 0
L -760.0, -569.0, -46.0, -762.0, -566.0, -46.0, 0, 0, 0
L -758.0, -577.0, -45.0, -760.0, -569.0, -46.0, 0, 0, 0
L -755.0, -585.0, -45.0, -758.0, -577.0, -45.0, 0, 0, 0
L -752.0, -592.0, -45.0, -755.0, -585.0, -45.0, 0, 0, 0
L -749.0, -603.0, -44.0, -752.0, -592.0, -45.0, 0, 0, 0
L -746.0, -613.0, -44.0, -749.0, -603.0, -44.0, 0, 0, 0
L -739.0, -617.0, -44.0, -746.0, -613.0, -44.0, 0, 0, 0
L -729.0, -625.0, -44.0, -739.0, -617.0, -44.0, 0, 0, 0
L -717.0, -631.0, -44.0, -729.0, -625.0, -44.0, 0, 0, 0
L -703.0, -640.0, -44.0, -717.0, -631.0, -44.0, 0, 0, 0
L -693.0, -647.0, -43.0, -703.0, -640.0, -44.0, 0, 0, 0
L -689.0, -644.0, -42.0, -693.0, -647.0, -43.0, 0, 0, 0
L -686.0, -644.0, -42.0, -689.0, -644.0, -42.0, 0, 0, 0
L -676.0, -637.0, -46.0, -686.0, -644.0, -42.0, 0, 0, 0
L -666.0, -633.0, -47.0, -676.0, -637.0, -46.0, 0, 0, 0
L -656.0, -633.0, -46.0, -666.0, -633.0, -47.0, 0, 0, 0
L -655.0, -632.0, -47.0, -656.0, -633.0, -46.0, 0, 0, 0
L -646.0, -627.0, -47.0, -655.0, -632.0, -47.0, 0, 0, 0
L -634.0, -629.0, -48.0, -646.0, -627.0, -47.0, 0, 0, 0
L -622.0, -630.0, -48.0, -634.0, -629.0, -48.0, 0, 0, 0
L -617.0, -631.0, -48.0, -622.0, -630.0, -48.0, 0, 0, 0
L -608.0, -635.0, -48.0, -617.0, -631.0, -48.0, 0, 0, 0
L -600.0, -638.0, -48.0, -608.0, -635.0, -48.0, 0, 0, 0
L -587.0, -639.0, -48.0, -600.0, -638.0, -48.0, 0, 0, 0
L -585.0, -639.0, -48.0, -587.0, -639.0, -48.0, 0, 0, 0
L -581.0, -632.0, -52.0, -585.0, -639.0, -48.0, 0, 0, 0
L -585.0, -622.0, -52.0, -581.0, -632.0, -52.0, 0, 0, 0
L -579.0, -616.0, -52.0, -585.0, -622.0, -52.0, 0, 0, 0
L -579.0, -611.0, -53.0, -579.0, -616.0, -52.0, 0, 0, 0
L -577.0, -603.0, -53.0, -579.0, -611.0, -53.0, 0, 0, 0
L -571.0, -604.0, -53.0, -577.0, -603.0, -53.0, 0, 0, 0
L -568.0, -606.0, -53.0, -571.0, -604.0, -53.0, 0, 0, 0
L -563.0, -607.0, -54.0, -568.0, -606.0, -53.0, 0, 0, 0
L -556.0, -610.0, -53.0, -563.0, -607.0, -54.0, 0, 0, 0
L -555.0, -611.0, -53.0, -556.0, -610.0, -53.0, 0, 0, 0
L -542.0, -612.0, -55.0, -555.0, -611.0, -53.0, 0, 0, 0
L -534.0, -617.0, -55.0, -542.0, -612.0, -55.0, 0, 0, 0
L -536.0, -623.0, -55.0, -534.0, -617.0, -55.0, 0, 0, 0
L -539.0, -622.0, -54.0, -536.0, -623.0, -55.0, 0, 0, 0
L -541.0, -623.0, -54.0, -539.0, -622.0, -54.0, 0, 0, 0
L -531.0, -640.0, -59.0, -541.0, -623.0, -54.0, 0, 0, 0
L -525.0, -647.0, -61.0, -531.0, -640.0, -59.0, 0, 0, 0
L -522.0, -650.0, -62.0, -525.0, -647.0, -61.0, 0, 0, 0
L -519.0, -650.0, -65.0, -522.0, -650.0, -62.0, 0, 0, 0
L -502.0, -660.0, -72.0, -519.0, -650.0, -65.0, 0, 0, 0
L -499.0, -664.0, -74.0, -502.0, -660.0, -72.0, 0, 0, 0
L -498.0, -668.0, -74.0, -499.0, -664.0, -74.0, 0, 0, 0
L -495.0, -679.0, -82.0, -498.0, -668.0, -74.0, 0, 0, 0
L -499.0, -688.0, -84.0, -495.0, -679.0, -82.0, 0, 0, 0
L -500.0, -687.0, -83.0, -499.0, -688.0, -84.0, 0, 0, 0
L -513.0, -682.0, -77.0, -500.0, -687.0, -83.0, 0, 0, 0
L -522.0, -680.0, -75.0, -513.0, -682.0, -77.0, 0, 0, 0
L -524.0, -687.0, -79.0, -522.0, -680.0, -75.0, 0, 0, 0
L -537.0, -692.0, -78.0, -524.0, -687.0, -79.0, 0, 0, 0
L -540.0, -697.0, -79.0, -537.0, -692.0, -78.0, 0, 0, 0
L -544.0, -698.0, -79.0, -540.0, -697.0, -79.0, 0, 0, 0
L -552.0, -700.0, -78.0, -544.0, -698.0, -79.0, 0, 0, 0
L -555.0, -701.0, -81.0, -552.0, -700.0, -78.0, 0, 0, 0
L -565.0, -709.0, -81.0, -555.0, -701.0, -81.0, 0, 0, 0
L -575.0, -714.0, -81.0, -565.0, -709.0, -81.0, 0, 0, 0
L -585.0, -715.0, -79.0, -575.0, -714.0, -81.0, 0, 0, 0
L -598.0, -720.0, -79.0, -585.0, -715.0, -79.0, 0, 0, 0
L -610.0, -724.0, -79.0, -598.0, -720.0, -79.0, 0, 0, 0
L -619.0, -725.0, -79.0, -610.0, -724.0, -79.0, 0, 0, 0
L -637.0, -725.0, -79.0, -619.0, -725.0, -79.0, 0, 0, 0
L -651.0, -732.0, -79.0, -637.0, -725.0, -79.0, 0, 0, 0
L -653.0, -741.0, -80.0, -651.0, -732.0, -79.0, 0, 0, 0
L -661.0, -746.0, -80.0, -653.0, -741.0, -80.0, 0, 0, 0
L -667.0, -754.0, -80.0, -661.0, -746.0, -80.0, 0, 0, 0
L -674.0, -755.0, -80.0, -667.0, -754.0, -80.0, 0, 0, 0
L -676.0, -771.0, -79.0, -674.0, -755.0, -80.0, 0, 0, 0
L -674.0, -779.0, -80.0, -676.0, -771.0, -79.0, 0, 0, 0
L -673.0, -791.0, -80.0, -674.0, -779.0, -80.0, 0, 0, 0
L -672.0, -795.0, -80.0, -673.0, -791.0, -80.0, 0, 0, 0
L -672.0, -797.0, -80.0, -672.0, -795.0, -80.0, 0, 0, 0
L -666.0, -809.0, -80.0, -672.0, -797.0, -80.0, 0, 0, 0
L -665.0, -821.0, -80.0, -666.0, -809.0, -80.0, 0, 0, 0
L -663.0, -831.0, -80.0, -665.0, -821.0, -80.0, 0, 0, 0
L -661.0, -843.0, -80.0, -663.0, -831.0, -80.0, 0, 0, 0
L -659.0, -853.0, -81.0, -661.0, -843.0, -80.0, 0, 0, 0
L -657.0, -871.0, -81.0, -659.0, -853.0, -81.0, 0, 0, 0
L -654.0, -880.0, -79.0, -657.0, -871.0, -81.0, 0, 0, 0
L -653.0, -881.0, -79.0, -654.0, -880.0, -79.0, 0, 0, 0
L -639.0, -893.0, -78.0, -653.0, -881.0, -79.0, 0, 0, 0
L -638.0, -896.0, -78.0, -639.0, -893.0, -78.0, 0, 0, 0
L -633.0, -908.0, -78.0, -638.0, -896.0, -78.0, 0, 0, 0
L -623.0, -921.0, -80.0, -633.0, -908.0, -78.0, 0, 0, 0
L -619.0, -926.0, -79.0, -623.0, -921.0, -80.0, 0, 0, 0
L -613.0, -938.0, -79.0, -619.0, -926.0, -79.0, 0, 0, 0
L -612.0, -940.0, -79.0, -613.0, -938.0, -79.0, 0, 0, 0
L -590.0, -965.0, -79.0, -612.0, -940.0, -79.0, 0, 0, 0
L -589.0, -966.0, -79.0, -590.0, -965.0, -79.0, 0, 0, 0
L -580.0, -967.0, -81.0, -589.0, -966.0, -79.0, 0, 0, 0
L -568.0, -965.0, -80.0, -580.0, -967.0, -81.0, 0, 0, 0
L -557.0, -961.0, -82.0, -568.0, -965.0, -80.0, 0, 0, 0
L -548.0, -961.0, -82.0, -557.0, -961.0, -82.0, 0, 0, 0
L -541.0, -963.0, -82.0, -548.0, -961.0, -82.0, 0, 0, 0
L -536.0, -963.0, -82.0, -541.0, -963.0, -82.0, 0, 0, 0
L -525.0, -962.0, -82.0, -536.0, -963.0, -82.0, 0, 0, 0
L -514.0, -957.0, -81.0, -525.0, -962.0, -82.0, 0, 0, 0
L -498.0, -952.0, -81.0, -514.0, -957.0, -81.0, 0, 0, 0
L -474.0, -947.0, -81.0, -498.0, -952.0, -81.0, 0, 0, 0
L -463.0, -945.0, -81.0, -474.0, -947.0, -81.0, 0, 0, 0
L -452.0, -942.0, -79.0, -463.0, -945.0, -81.0, 0, 0, 0
L -425.0, -936.0, -80.0, -452.0, -942.0, -79.0, 0, 0, 0
L -417.0, -933.0, -79.0, -425.0, -936.0, -80.0, 0, 0, 0
L -406.0, -928.0, -79.0, -417.0, -933.0, -79.0, 0, 0, 0
L -391.0, -916.0, -79.0, -406.0, -928.0, -79.0, 0, 0, 0
L -386.0, -911.0, -79.0, -391.0, -916.0, -79.0, 0, 0, 0
L -381.0, -903.0, -79.0, -386.0, -911.0, -79.0, 0, 0, 0
L -379.0, -896.0, -79.0, -381.0, -903.0, -79.0, 0, 0, 0
L -378.0, -891.0, -79.0, -379.0, -896.0, -79.0, 0, 0, 0
L -376.0, -883.0, -79.0, -378.0, -891.0, -79.0, 0, 0, 0
L -370.0, -876.0, -78.0, -376.0, -883.0, -79.0, 0, 0, 0
L -359.0, -869.0, -78.0, -370.0, -876.0, -78.0, 0, 0, 0
L -358.0, -868.0, -78.0, -359.0, -869.0, -78.0, 0, 0, 0
L -350.0, -853.0, -80.0, -358.0, -868.0, -78.0, 0, 0, 0
L -339.0, -849.0, -80.0, -350.0, -853.0, -80.0, 0, 0, 0
L -331.0, -840.0, -79.0, -339.0, -849.0, -80.0, 0, 0, 0
L -330.0, -831.0, -79.0, -331.0, -840.0, -79.0, 0, 0, 0
L -331.0, -822.0, -79.0, -330.0, -831.0, -79.0, 0, 0, 0
L -332.0, -816.0, -79.0, -331.0, -822.0, -79.0, 0, 0, 0
L -331.0, -806.0, -79.0, -332.0, -816.0, -79.0, 0, 0, 0
L -330.0, -799.0, -79.0, -331.0, -806.0, -79.0, 0, 0, 0
L -330.0, -793.0, -79.0, -330.0, -799.0, -79.0, 0, 0, 0
L -331.0, -780.0, -78.0, -330.0, -793.0, -79.0, 0, 0, 0
L -343.0, -772.0, -78.0, -331.0, -780.0, -78.0, 0, 0, 0
L -359.0, -761.0, -78.0, -343.0, -772.0, -78.0, 0, 0, 0
L -383.0, -765.0, -78.0, -359.0, -761.0, -78.0, 0, 0, 0
L -387.0, -768.0, -78.0, -383.0, -765.0, -78.0, 0, 0, 0
L -389.0, -768.0, -78.0, -387.0, -768.0, -78.0, 0, 0, 0
L -404.0, -768.0, -77.0, -389.0, -768.0, -78.0, 0, 0, 0
L -419.0, -766.0, -77.0, -404.0, -768.0, -77.0, 0, 0, 0
L -419.0, -768.0, -77.0, -419.0, -766.0, -77.0, 0, 0, 0
L -427.0, -768.0, -77.0, -419.0, -768.0, -77.0, 0, 0, 0
L -433.0, -763.0, -77.0, -427.0, -768.0, -77.0, 0, 0, 0
L -433.0, -761.0, -77.0, -433.0, -763.0, -77.0, 0, 0, 0
L -450.0, -745.0, -78.0, -433.0, -761.0, -77.0, 0, 0, 0
L -453.0, -735.0, -78.0, -450.0, -745.0, -78.0, 0, 0, 0
L -454.0, -728.0, -78.0, -453.0, -735.0, -78.0, 0, 0, 0
L -456.0, -719.0, -78.0, -454.0, -728.0, -78.0, 0, 0, 0
L -457.0, -706.0, -78.0, -456.0, -719.0, -78.0, 0, 0, 0
L -467.0, -704.0, -80.0, -457.0, -706.0, -78.0, 0, 0, 0
L -471.0, -702.0, -79.0, -467.0, -704.0, -80.0, 0, 0, 0
L -468.0, -687.0, -75.0, -471.0, -702.0, -79.0, 0, 0, 0
L -469.0, -673.0, -72.0, -468.0, -687.0, -75.0, 0, 0, 0
L -469.0, -667.0, -71.0, -469.0, -673.0, -72.0, 0, 0, 0
L -470.0, -665.0, -70.0, -469.0, -667.0, -71.0, 0, 0, 0
L -471.0, -659.0, -68.0, -470.0, -665.0, -70.0, 0, 0, 0
L -475.0, -651.0, -65.0, -471.0, -659.0, -68.0, 0, 0, 0
L -486.0, -642.0, -61.0, -475.0, -651.0, -65.0, 0, 0, 0
L -498.0, -632.0, -56.0, -486.0, -642.0, -61.0, 0, 0, 0
L -505.0, -627.0, -55.0, -498.0, -632.0, -56.0, 0, 0, 0
L -510.0, -622.0, -54.0, -505.0, -627.0, -55.0, 0, 0, 0
L -522.0, -615.0, -54.0, -510.0, -622.0, -54.0, 0, 0, 0
L -526.0, -606.0, -53.0, -522.0, -615.0, -54.0, 0, 0, 0
L -522.0, -606.0, -52.0, -526.0, -606.0, -53.0, 0, 0, 0
L -518.0, -604.0, -51.0, -522.0, -606.0, -52.0, 0, 0, 0
L -516.0, -596.0, -49.0, -518.0, -604.0, -51.0, 0, 0, 0
L -515.0, -583.0, -45.0, -516.0, -596.0, -49.0, 0, 0, 0
L -515.0, -579.0, -45.0, -515.0, -583.0, -45.0, 0, 0, 0
L -505.0, -561.0, -39.0, -515.0, -579.0, -45.0, 0, 0, 0
L -494.0, -548.0, -38.0, -505.0, -561.0, -39.0, 0, 0, 0
L -484.0, -538.0, -38.0, -494.0, -548.0, -38.0, 0, 0, 0
L -475.0, -532.0, -37.0, -484.0, -538.0, -38.0, 0, 0, 0
L -464.0, -525.0, -38.0, -475.0, -532.0, -37.0, 0, 0, 0
L -463.0, -524.0, -38.0, -464.0, -525.0, -38.0, 0, 0, 0
L -460.0, -517.0, -44.0, -463.0, -524.0, -38.0, 0, 0, 0
L -458.0, -506.0, -48.0, -460.0, -517.0, -44.0, 0, 0, 0
L -451.0, -492.0, -48.0, -458.0, -506.0, -48.0, 0, 0, 0
L -447.0, -480.0, -48.0, -451.0, -492.0, -48.0, 0, 0, 0
L -451.0, -459.0, -48.0, -447.0, -480.0, -48.0, 0, 0, 0
L -453.0, -459.0, -48.0, -451.0, -459.0, -48.0, 0, 0, 0
L -458.0, -448.0, -48.0, -453.0, -459.0, -48.0, 0, 0, 0
L -456.0, -436.0, -48.0, -458.0, -448.0, -48.0, 0, 0, 0
L -456.0, -435.0, -48.0, -456.0, -436.0, -48.0, 0, 0, 0
L -454.0, -413.0, -49.0, -456.0, -435.0, -48.0, 0, 0, 0
L -450.0, -404.0, -49.0, -454.0, -413.0, -49.0, 0, 0, 0
L -447.0, -383.0, -47.0, -450.0, -404.0, -49.0, 0, 0, 0
L -446.0, -380.0, -47.0, -447.0, -383.0, -47.0, 0, 0, 0
L -445.0, -378.0, -48.0, -446.0, -380.0, -47.0, 0, 0, 0
L -438.0, -364.0, -49.0, -445.0, -378.0, -48.0, 0, 0, 0
L -430.0, -348.0, -49.0, -438.0, -364.0, -49.0, 0, 0, 0
L -429.0, -336.0, -50.0, -430.0, -348.0, -49.0, 0, 0, 0
L -434.0, -334.0, -52.0, -429.0, -336.0, -50.0, 0, 0, 0
L -446.0, -330.0, -52.0, -434.0, -334.0, -52.0, 0, 0, 0
L -443.0, -317.0, -52.0, -446.0, -330.0, -52.0, 0, 0, 0
L -439.0, -314.0, -52.0, -443.0, -317.0, -52.0, 0, 0, 0
L -438.0, -313.0, -52.0, -439.0, -314.0, -52.0, 0, 0, 0
L -429.0, -305.0, -52.0, -438.0, -313.0, -52.0, 0, 0, 0
L -418.0, -299.0, -52.0, -429.0, -305.0, -52.0, 0, 0, 0
L -420.0, -289.0, -51.0, -418.0, -299.0, -52.0, 0, 0, 0
L -408.0, -290.0, -51.0, -420.0, -289.0, -51.0, 0, 0, 0
L -410.0, -293.0, -50.0, -408.0, -290.0, -51.0, 0, 0, 0
L -400.0, -296.0, -50.0, -410.0, -293.0, -50.0, 0, 0, 0
L -381.0, -292.0, -46.0, -400.0, -296.0, -50.0, 0, 0, 0
L -374.0, -289.0, -44.0, -381.0, -292.0, -46.0, 0, 0, 0
L -364.0, -281.0, -40.0, -374.0, -289.0, -44.0, 0, 0, 0
L -356.0, -276.0, -37.0, -364.0, -281.0, -40.0, 0, 0, 0
L -351.0, -275.0, -35.0, -356.0, -276.0, -37.0, 0, 0, 0
L -340.0, -278.0, -32.0, -351.0, -275.0, -35.0, 0, 0, 0
L -337.0, -279.0, -30.0, -340.0, -278.0, -32.0, 0, 0, 0
L -333.0, -283.0, -28.0, -337.0, -279.0, -30.0, 0, 0, 0
L -332.0, -284.0, -27.0, -333.0, -283.0, -28.0, 0, 0, 0
L -314.0, -288.0, -20.0, -332.0, -284.0, -27.0, 0, 0, 0
L -305.0, -290.0, -18.0, -314.0, -288.0, -20.0, 0, 0, 0
L -293.0, -286.0, -17.0, -305.0, -290.0, -18.0, 0, 0, 0
L -292.0, -285.0, -18.0, -293.0, -286.0, -17.0, 0, 0, 0
L -278.0, -291.0, -14.0, -292.0, -285.0, -18.0, 0, 0, 0
L -280.0, -294.0, -14.0, -278.0, -291.0, -14.0, 0, 0, 0
L -268.0, -305.0, -12.0, -280.0, -294.0, -14.0, 0, 0, 0
L -262.0, -308.0, -11.0, -268.0, -305.0, -12.0, 0, 0, 0
L -253.0, -310.0, -10.0, -262.0, -308.0, -11.0, 0, 0, 0
L -251.0, -313.0, -10.0, -253.0, -310.0, -10.0, 0, 0, 0
L -254.0, -317.0, -8.0, -251.0, -313.0, -10.0, 0, 0, 0
L -257.0, -321.0, -8.0, -254.0, -317.0, -8.0, 0, 0, 0
L -257.0, -325.0, -8.0, -257.0, -321.0, -8.0, 0, 0, 0
L -259.0, -327.0, -7.0, -257.0, -325.0, -8.0, 0, 0, 0
L -267.0, -343.0, -5.0, -259.0, -327.0, -7.0, 0, 0, 0
L -274.0, -352.0, -5.0, -267.0, -343.0, -5.0, 0, 0, 0
L -276.0, -358.0, -5.0, -274.0, -352.0, -5.0, 0, 0, 0
L -277.0, -366.0, -4.0, -276.0, -358.0, -5.0, 0, 0, 0
L -277.0, -376.0, -5.0, -277.0, -366.0, -4.0, 0, 0, 0
L -274.0, -377.0, -5.0, -277.0, -376.0, -5.0, 0, 0, 0
L -273.0, -381.0, -5.0, -274.0, -377.0, -5.0, 0, 0, 0
L -263.0, -393.0, -5.0, -273.0, -381.0, -5.0, 0, 0, 0
L -238.0, -411.0, -5.0, -263.0, -393.0, -5.0, 0, 0, 0
L -237.0, -409.0, -5.0, -238.0, -411.0, -5.0, 0, 0, 0
L -220.0, -418.0, -4.0, -237.0, -409.0, -5.0, 0, 0, 0
L -217.0, -419.0, -4.0, -220.0, -418.0, -4.0, 0, 0, 0
L -208.0, -433.0, -4.0, -217.0, -419.0, -4.0, 0, 0, 0
L -204.0, -441.0, -4.0, -208.0, -433.0, -4.0, 0, 0, 0
L -203.0, -448.0, -4.0, -204.0, -441.0, -4.0, 0, 0, 0
L -200.0, -458.0, -4.0, -203.0, -448.0, -4.0, 0, 0, 0
L -194.0, -464.0, -4.0, -200.0, -458.0, -4.0, 0, 0, 0
L -188.0, -469.0, -4.0, -194.0, -464.0, -4.0, 0, 0, 0
L -175.0, -477.0, -3.0, -188.0, -469.0, -4.0, 0, 0, 0
L -166.0, -480.0, -3.0, -175.0, -477.0, -3.0, 0, 0, 0
L -159.0, -487.0, -3.0, -166.0, -480.0, -3.0, 0, 0, 0
L -160.0, -488.0, -3.0, -159.0, -487.0, -3.0, 0, 0, 0
L -152.0, -500.0, -3.0, -160.0, -488.0, -3.0, 0, 0, 0
L -144.0, -509.0, -4.0, -152.0, -500.0, -3.0, 0, 0, 0
L -126.0, -517.0, -5.0, -144.0, -509.0, -4.0, 0, 0, 0
L -108.0, -527.0, -6.0, -126.0, -517.0, -5.0, 0, 0, 0
L -96.0, -533.0, -6.0, -108.0, -527.0, -6.0, 0, 0, 0
L -87.0, -535.0, -6.0, -96.0, -533.0, -6.0, 0, 0, 0
L -78.0, -538.0, -5.0, -87.0, -535.0, -6.0, 0, 0, 0
L -71.0, -539.0, -6.0, -78.0, -538.0, -5.0, 0, 0, 0
L -60.0, -541.0, -5.0, -71.0, -539.0, -6.0, 0, 0, 0
L -57.0, -540.0, -10.0, -60.0, -541.0, -5.0, 0, 0, 0
L -49.0, -537.0, -10.0, -57.0, -540.0, -10.0, 0, 0, 0
L -48.0, -536.0, -10.0, -49.0, -537.0, -10.0, 0, 0, 0
L -33.0, -526.0, -10.0, -48.0, -536.0, -10.0, 0, 0, 0
L -20.0, -514.0, -13.0, -33.0, -526.0, -10.0, 0, 0, 0
L -13.0, -502.0, -15.0, -20.0, -514.0, -13.0, 0, 0, 0
L -8.0, -499.0, -15.0, -13.0, -502.0, -15.0, 0, 0, 0
L -5.0, -498.0, -15.0, -8.0, -499.0, -15.0, 0, 0, 0
L 5.0, -499.0, -16.0, -5.0, -498.0, -15.0, 0, 0, 0
L 14.0, -499.0, -16.0, 5.0, -499.0, -16.0, 0, 0, 0
L 23.0, -500.0, -20.0, 14.0, -499.0, -16.0, 0, 0, 0
L 35.0, -495.0, -19.0, 23.0, -500.0, -20.0, 0, 0, 0
L 35.0, -497.0, -19.0, 35.0, -495.0, -19.0, 0, 0, 0
L 37.0, -504.0, -19.0, 35.0, -497.0, -19.0, 0, 0, 0
L 36.0, -504.0, -20.0, 37.0, -504.0, -19.0, 0, 0, 0
L 45.0, -520.0, -25.0, 36.0, -504.0, -20.0, 0, 0, 0
L 46.0, -524.0, -27.0, 45.0, -520.0, -25.0, 0, 0, 0
L 46.0, -529.0, -30.0, 46.0, -524.0, -27.0, 0, 0, 0
L 47.0, -538.0, -32.0, 46.0, -529.0, -30.0, 0, 0, 0
L 50.0, -547.0, -33.0, 47.0, -538.0, -32.0, 0, 0, 0
L 54.0, -556.0, -36.0, 50.0, -547.0, -33.0, 0, 0, 0
L 60.0, -563.0, -37.0, 54.0, -556.0, -36.0, 0, 0, 0
L 67.0, -569.0, -39.0, 60.0, -563.0, -37.0, 0, 0, 0
L 75.0, -574.0, -41.0, 67.0, -569.0, -39.0, 0, 0, 0
L 88.0, -578.0, -45.0, 75.0, -574.0, -41.0, 0, 0, 0
L 113.0, -553.0, -43.0, 116.0, -554.0, -44.0, 0, 0, 0
L 106.0, -552.0, -40.0, 113.0, -553.0, -43.0, 0, 0, 0
L 102.0, -552.0, -38.0, 106.0, -552.0, -40.0, 0, 0, 0
L 94.0, -551.0, -35.0, 102.0, -552.0, -38.0, 0, 0, 0
L 92.0, -551.0, -34.0, 94.0, -551.0, -35.0, 0, 0, 0
L 72.0, -537.0, -24.0, 92.0, -551.0, -34.0, 0, 0, 0
L 74.0, -532.0, -23.0, 72.0, -537.0, -24.0, 0, 0, 0
L 72.0, -523.0, -20.0, 74.0, -532.0, -23.0, 0, 0, 0
L 70.0, -508.0, -17.0, 72.0, -523.0, -20.0, 0, 0, 0
L 65.0, -499.0, -15.0, 70.0, -508.0, -17.0, 0, 0, 0
L 58.0, -495.0, -12.0, 65.0, -499.0, -15.0, 0, 0, 0
L 56.0, -494.0, -12.0, 58.0, -495.0, -12.0, 0, 0, 0
L 52.0, -495.0, -12.0, 56.0, -494.0, -12.0, 0, 0, 0
L 41.0, -487.0, -1.0, 38.0, -491.0, -9.0, 0, 0, 0
L 43.0, -487.0, -5.0, 41.0, -487.0, -1.0, 0, 0, 0
L 47.0, -476.0, -8.0, 43.0, -487.0, -5.0, 0, 0, 0
L 44.0, -467.0, -6.0, 47.0, -476.0, -8.0, 0, 0, 0
L 43.0, -462.0, -5.0, 44.0, -467.0, -6.0, 0, 0, 0
L 40.0, -456.0, -5.0, 43.0, -462.0, -5.0, 0, 0, 0
L 39.0, -451.0, -5.0, 40.0, -456.0, -5.0, 0, 0, 0
L 45.0, -447.0, -5.0, 39.0, -451.0, -5.0, 0, 0, 0
L 57.0, -444.0, -4.0, 45.0, -447.0, -5.0, 0, 0, 0
L 72.0, -438.0, -4.0, 57.0, -444.0, -4.0, 0, 0, 0
L 84.0, -431.0, -3.0, 72.0, -438.0, -4.0, 0, 0, 0
L 90.0, -426.0, -4.0, 84.0, -431.0, -3.0, 0, 0, 0
L 91.0, -424.0, -4.0, 90.0, -426.0, -4.0, 0, 0, 0
L 102.0, -398.0, -3.0, 91.0, -424.0, -4.0, 0, 0, 0
L 105.0, -393.0, -3.0, 102.0, -398.0, -3.0, 0, 0, 0
L 105.0, -392.0, -3.0, 105.0, -393.0, -3.0, 0, 0, 0
L 106.0, -382.0, -3.0, 105.0, -392.0, -3.0, 0, 0, 0
L 107.0, -374.0, -3.0, 106.0, -382.0, -3.0, 0, 0, 0
L 107.0, -364.0, -3.0, 107.0, -374.0, -3.0, 0, 0, 0
L 108.0, -358.0, -3.0, 107.0, -364.0, -3.0, 0, 0, 0
L 112.0, -342.0, -3.0, 108.0, -358.0, -3.0, 0, 0, 0
L 113.0, -335.0, -3.0, 112.0, -342.0, -3.0, 0, 0, 0
L 115.0, -326.0, -3.0, 113.0, -335.0, -3.0, 0, 0, 0
L 117.0, -315.0, -2.0, 115.0, -326.0, -3.0, 0, 0, 0
L 116.0, -314.0, -2.0, 117.0, -315.0, -2.0, 0, 0, 0
L 100.0, -288.0, -2.0, 116.0, -314.0, -2.0, 0, 0, 0
L 97.0, -284.0, -2.0, 100.0, -288.0, -2.0, 0, 0, 0
L 94.0, -274.0, -2.0, 97.0, -284.0, -2.0, 0, 0, 0
L 88.0, -262.0, -2.0, 94.0, -274.0, -2.0, 0, 0, 0
L 88.0, -234.0, 0.0, 88.0, -262.0, -2.0, 0, 0, 0
L 89.0, -226.0, 0.0, 88.0, -234.0, 0.0, 0, 0, 0
L 90.0, -216.0, 0.0, 89.0, -226.0, 0.0, 0, 0, 0
L 94.0, -205.0, 0.0, 90.0, -216.0, 0.0, 0, 0, 0
L 95.0, -201.0, 0.0, 94.0, -205.0, 0.0, 0, 0, 0
L 92.0, -197.0, -7.0, 95.0, -201.0, 0.0, 0, 0, 0
L 92.0, -195.0, -9.0, 92.0, -197.0, -7.0, 0, 0, 0
L 93.0, -179.0, -11.0, 92.0, -195.0, -9.0, 0, 0, 0
L 93.0, -154.0, -10.0, 93.0, -179.0, -11.0, 0, 0, 0
L 92.0, -142.0, -10.0, 93.0, -154.0, -10.0, 0, 0, 0
L 92.0, -130.0, -12.0, 92.0, -142.0, -10.0, 0, 0, 0
L 95.0, -120.0, -12.0, 92.0, -130.0, -12.0, 0, 0, 0
L 101.0, -97.0, -12.0, 95.0, -120.0, -12.0, 0, 0, 0
L 103.0, -89.0, -11.0, 101.0, -97.0, -12.0, 0, 0, 0
L 100.0, -79.0, -11.0, 103.0, -89.0, -11.0, 0, 0, 0
L 99.0, -70.0, -11.0, 100.0, -79.0, -11.0, 0, 0, 0
L 97.0, -63.0, -10.0, 99.0, -70.0, -11.0, 0, 0, 0
L 96.0, -53.0, -10.0, 97.0, -63.0, -10.0, 0, 0, 0
L 85.0, -32.0, -9.0, 96.0, -53.0, -10.0, 0, 0, 0
L 84.0, -31.0, -9.0, 85.0, -32.0, -9.0, 0, 0, 0
L 80.0, -21.0, -9.0, 84.0, -31.0, -9.0, 0, 0, 0
L 71.0, -7.0, -8.0, 80.0, -21.0, -9.0, 0, 0, 0
L 62.0, 4.0, -10.0, 71.0, -7.0, -8.0, 0, 0, 0
L 61.0, 9.0, -10.0, 62.0, 4.0, -10.0, 0, 0, 0
L 60.0, 10.0, -10.0, 61.0, 9.0, -10.0, 0, 0, 0
L 55.0, 28.0, -10.0, 60.0, 10.0, -10.0, 0, 0, 0
L 49.0, 45.0, -11.0, 55.0, 28.0, -10.0, 0, 0, 0
L 47.0, 47.0, -12.0, 49.0, 45.0, -11.0, 0, 0, 0
L -419.0, -274.0, -49.0, -422.0, -274.0, -49.0, 0, 0, 0
L -422.0, -276.0, -49.0, -422.0, -274.0, -49.0, 0, 0, 0
L 38.0, -491.0, -9.0, 38.0, -494.0, -9.0, 0, 0, 0
L 38.0, -494.0, -9.0, 52.0, -495.0, -12.0, 0, 0, 0
