L -9.8, -8.1, 0.8, -11.0, -10.4, 1.3, 0, 0, 0
L -11.0, -10.4, 1.3, -13.3, -12.8, 2.4, 0, 0, 0
L -13.3, -12.8, 2.4, -16.3, -15.8, 2.7, 0, 0, 0
L -16.3, -15.8, 2.7, -17.4, -17.5, 2.8, 0, 0, 0
L -17.4, -17.5, 2.8, -19.3, -19.5, 3.5, 0, 0, 0
L -19.3, -19.5, 3.5, -20.6, -20.5, 3.2, 0, 0, 0
L -20.6, -20.5, 3.2, -22.7, -22.1, 1.9, 0, 0, 0
L -22.7, -22.1, 1.9, -22.9, -23.6, 1.9, 0, 0, 0
L -22.9, -23.6, 1.9, -23.7, -25.8, 2.5, 0, 0, 0
L -23.7, -25.8, 2.5, -24.8, -27.6, 3.3, 0, 0, 0
L -24.8, -27.6, 3.3, -26.4, -30.3, 3.0, 0, 0, 0
L -26.4, -30.3, 3.0, -26.4, -31.5, 3.0, 0, 0, 0
L -26.4, -31.5, 3.0, -26.6, -33.1, 3.5, 0, 0, 0
L -26.6, -33.1, 3.5, -27.2, -35.0, 3.7, 0, 0, 0
L -27.2, -35.0, 3.7, -28.1, -37.6, 3.7, 0, 0, 0
L -28.1, -37.6, 3.7, -28.3, -39.5, 3.8, 0, 0, 0
L -28.3, -39.5, 3.8, -28.8, -43.5, 3.6, 0, 0, 0
L -28.8, -43.5, 3.6, -28.9, -45.1, 3.8, 0, 0, 0
L -28.9, -45.1, 3.8, -29.2, -57.3, 4.6, 0, 0, 0
L -29.2, -57.3, 4.6, -29.5, -58.7, 4.6, 0, 0, 0
L -29.5, -58.7, 4.6, -30.7, -60.1, 4.3, 0, 0, 0
L -30.7, -60.1, 4.3, -32.2, -61.8, 4.1, 0, 0, 0
L -32.2, -61.8, 4.1, -33.0, -62.8, 4.0, 0, 0, 0
L -33.0, -62.8, 4.0, -35.7, -66.0, 3.5, 0, 0, 0
L -35.7, -66.0, 3.5, -38.5, -69.5, 3.7, 0, 0, 0
L -38.5, -69.5, 3.7, -39.5, -70.9, 3.9, 0, 0, 0
L -39.5, -70.9, 3.9, -40.9, -72.8, 4.3, 0, 0, 0
L -40.9, -72.8, 4.3, -41.0, -73.7, 4.3, 0, 0, 0
L -41.0, -73.7, 4.3, -41.2, -76.4, 5.3, 0, 0, 0
L -41.2, -76.4, 5.3, -41.6, -77.8, 6.2, 0, 0, 0
L -41.6, -77.8, 6.2, -42.2, -79.2, 6.6, 0, 0, 0
L -42.2, -79.2, 6.6, -44.0, -83.2, 7.0, 0, 0, 0
L -44.0, -83.2, 7.0, -44.8, -84.5, 7.3, 0, 0, 0
L -44.8, -84.5, 7.3, -45.8, -85.5, 7.4, 0, 0, 0
L -45.8, -85.5, 7.4, -46.8, -86.6, 7.2, 0, 0, 0
L -46.8, -86.6, 7.2, -48.3, -87.7, 5.3, 0, 0, 0
L -48.3, -87.7, 5.3, -49.2, -89.4, 5.3, 0, 0, 0
L -49.2, -89.4, 5.3, -50.2, -90.5, 5.3, 0, 0, 0
L -50.2, -90.5, 5.3, -51.2, -91.5, 5.1, 0, 0, 0
L -51.2, -91.5, 5.1, -55.6, -95.7, 4.0, 0, 0, 0
L -55.6, -95.7, 4.0, -56.8, -96.6, 4.0, 0, 0, 0
L -56.8, -96.6, 4.0, -58.4, -97.5, 3.7, 0, 0, 0
L -58.4, -97.5, 3.7, -60.0, -98.4, 3.7, 0, 0, 0
L -60.0, -98.4, 3.7, -61.7, -99.1, 3.7, 0, 0, 0
L -61.7, -99.1, 3.7, -70.9, -102.8, 3.8, 0, 0, 0
L -70.9, -102.8, 3.8, -72.6, -103.3, 3.2, 0, 0, 0
L -72.6, -103.3, 3.2, -74.0, -103.6, 2.4, 0, 0, 0
L -74.0, -103.6, 2.4, -75.3, -103.7, 2.4, 0, 0, 0
L -75.3, -103.7, 2.4, -77.2, -103.3, 2.0, 0, 0, 0
L -77.2, -103.3, 2.0, -78.2, -101.7, 0.6, 0, 0, 0
L -78.2, -101.7, 0.6, -79.5, -101.3, 0.7, 0, 0, 0
L -79.5, -101.3, 0.7, -86.1, -101.9, -0.1, 0, 0, 0
L -86.1, -101.9, -0.1, -85.1, -102.8, 0.1, 0, 0, 0
L -85.1, -102.8, 0.1, -84.3, -103.5, 0.3, 0, 0, 0
L -84.3, -103.5, 0.3, -85.6, -104.5, 1.5, 0, 0, 0
L -85.6, -104.5, 1.5, -86.7, -104.5, 1.3, 0, 0, 0
L -86.7, -104.5, 1.3, -95.8, -104.1, 1.0, 0, 0, 0
L -95.8, -104.1, 1.0, -103.8, -103.3, 1.5, 0, 0, 0
L -103.8, -103.3, 1.5, -113.4, -102.4, 3.6, 0, 0, 0
L -113.4, -102.4, 3.6, -118.3, -102.2, 4.1, 0, 0, 0
L -118.3, -102.2, 4.1, -119.7, -102.3, 4.0, 0, 0, 0
L -119.7, -102.3, 4.0, -123.3, -102.5, 4.2, 0, 0, 0
L -123.3, -102.5, 4.2, -133.0, -102.9, 3.3, 0, 0, 0
L -133.0, -102.9, 3.3, -134.3, -103.1, 3.5, 0, 0, 0
L -134.3, -103.1, 3.5, -135.6, -103.3, 3.6, 0, 0, 0
L -135.6, -103.3, 3.6, -137.0, -103.3, 3.9, 0, 0, 0
L -137.0, -103.3, 3.9, -145.0, -103.7, 2.1, 0, 0, 0
L -145.0, -103.7, 2.1, -149.2, -103.4, 0.9, 0, 0, 0
L -149.2, -103.4, 0.9, -149.6, -101.6, 0.5, 0, 0, 0
L -149.6, -101.6, 0.5, -151.3, -100.9, -0.1, 0, 0, 0
L -151.3, -100.9, -0.1, -153.0, -101.6, 0.4, 0, 0, 0
L -153.0, -101.6, 0.4, -154.0, -101.6, 0.4, 0, 0, 0
L -154.0, -101.6, 0.4, -155.1, -101.6, 0.2, 0, 0, 0
L -155.1, -101.6, 0.2, -156.1, -102.0, 0.5, 0, 0, 0
L -156.1, -102.0, 0.5, -157.8, -102.9, 0.6, 0, 0, 0
L -157.8, -102.9, 0.6, -159.0, -104.2, 0.8, 0, 0, 0
L -159.0, -104.2, 0.8, -158.9, -105.3, 1.3, 0, 0, 0
L -158.9, -105.3, 1.3, -159.5, -107.1, 3.9, 0, 0, 0
L -159.5, -107.1, 3.9, -160.9, -108.2, 4.1, 0, 0, 0
L -160.9, -108.2, 4.1, -162.0, -109.8, 4.1, 0, 0, 0
L -162.0, -109.8, 4.1, -162.7, -110.7, 4.5, 0, 0, 0
L -162.7, -110.7, 4.5, -163.1, -111.8, 4.9, 0, 0, 0
L -163.1, -111.8, 4.9, -164.4, -113.2, 5.9, 0, 0, 0
L -164.4, -113.2, 5.9, -164.9, -114.3, 6.2, 0, 0, 0
L -164.9, -114.3, 6.2, -165.3, -115.3, 6.1, 0, 0, 0
L -165.3, -115.3, 6.1, -165.6, -116.5, 6.0, 0, 0, 0
L -165.6, -116.5, 6.0, -165.9, -117.8, 5.9, 0, 0, 0
L -165.9, -117.8, 5.9, -166.3, -119.2, 5.7, 0, 0, 0
L -166.3, -119.2, 5.7, -168.3, -128.5, -0.0, 0, 0, 0
L -168.3, -128.5, -0.0, -166.9, -128.6, 0.1, 0, 0, 0
L -166.9, -128.6, 0.1, -155.2, -130.2, 0.9, 0, 0, 0
L -155.2, -130.2, 0.9, -154.3, -131.9, 0.6, 0, 0, 0
L -154.3, -131.9, 0.6, -153.4, -132.2, 0.6, 0, 0, 0
L -153.4, -132.2, 0.6, -150.9, -132.9, 0.7, 0, 0, 0
L -150.9, -132.9, 0.7, -141.5, -135.0, -0.5, 0, 0, 0
L -141.5, -135.0, -0.5, -132.6, -136.8, 0.4, 0, 0, 0
L -132.6, -136.8, 0.4, -131.3, -137.1, 0.6, 0, 0, 0
L -131.3, -137.1, 0.6, -130.4, -137.7, 0.9, 0, 0, 0
L -130.4, -137.7, 0.9, -129.5, -138.3, 1.1, 0, 0, 0
L -129.5, -138.3, 1.1, -128.6, -139.1, 1.0, 0, 0, 0
L -128.6, -139.1, 1.0, -128.0, -140.0, 0.9, 0, 0, 0
L -128.0, -140.0, 0.9, -123.7, -145.6, 1.0, 0, 0, 0
L -123.7, -145.6, 1.0, -123.8, -147.5, 0.8, 0, 0, 0
L -123.8, -147.5, 0.8, -124.3, -156.6, 0.5, 0, 0, 0
L -124.3, -156.6, 0.5, -124.3, -157.8, 0.8, 0, 0, 0
L -124.3, -157.8, 0.8, -124.3, -179.1, 3.5, 0, 0, 0
L -124.3, -179.1, 3.5, -125.0, -179.9, 3.6, 0, 0, 0
L -125.0, -179.9, 3.6, -126.5, -181.5, 3.7, 0, 0, 0
L -126.5, -181.5, 3.7, -127.3, -182.1, 3.8, 0, 0, 0
L -127.3, -182.1, 3.8, -134.7, -188.3, 3.7, 0, 0, 0
L -134.7, -188.3, 3.7, -136.8, -190.1, 3.9, 0, 0, 0
L -136.8, -190.1, 3.9, -138.8, -191.4, 4.2, 0, 0, 0
L -138.8, -191.4, 4.2, -141.7, -193.0, 4.2, 0, 0, 0
L -141.7, -193.0, 4.2, -143.0, -193.7, 4.2, 0, 0, 0
L -143.0, -193.7, 4.2, -145.2, -194.6, 4.0, 0, 0, 0
L -145.2, -194.6, 4.0, -148.1, -195.2, 4.0, 0, 0, 0
L -148.1, -195.2, 4.0, -149.0, -193.7, 1.1, 0, 0, 0
L -149.0, -193.7, 1.1, -149.6, -192.1, 0.3, 0, 0, 0
L -149.6, -192.1, 0.3, -151.5, -192.5, 0.3, 0, 0, 0
L -151.5, -192.5, 0.3, -163.4, -194.2, 0.9, 0, 0, 0
L -163.4, -194.2, 0.9, -164.9, -194.8, 0.9, 0, 0, 0
L -164.9, -194.8, 0.9, -167.3, -195.2, 1.8, 0, 0, 0
L -167.3, -195.2, 1.8, -182.6, -194.1, 5.1, 0, 0, 0
L -182.6, -194.1, 5.1, -187.7, -193.4, 4.4, 0, 0, 0
L -187.7, -193.4, 4.4, -187.9, -193.2, 3.5, 0, 0, 0
L -187.9, -193.2, 3.5, -189.7, -193.0, 3.3, 0, 0, 0
L -189.7, -193.0, 3.3, -192.0, -192.7, 2.5, 0, 0, 0
L -192.0, -192.7, 2.5, -193.4, -191.8, 2.5, 0, 0, 0
L -193.4, -191.8, 2.5, -195.5, -190.6, 2.8, 0, 0, 0
L -195.5, -190.6, 2.8, -196.2, -192.4, 2.4, 0, 0, 0
L -196.2, -192.4, 2.4, -197.5, -192.7, 2.3, 0, 0, 0
L -7.3, 6.6, 0.8, -10.7, 5.1, 2.2, 0, 0, 0
L -10.7, 5.1, 2.2, -14.0, 3.1, 3.3, 0, 0, 0
L -14.0, 3.1, 3.3, -18.9, -0.3, 6.3, 0, 0, 0
L -18.9, -0.3, 6.3, -20.8, -1.9, 6.5, 0, 0, 0
L -20.8, -1.9, 6.5, -22.9, -3.6, 5.4, 0, 0, 0
L -22.9, -3.6, 5.4, -25.5, -5.3, 4.1, 0, 0, 0
L -25.5, -5.3, 4.1, -27.5, -7.2, 3.5, 0, 0, 0
L -27.5, -7.2, 3.5, -29.4, -9.3, 3.3, 0, 0, 0
L -29.4, -9.3, 3.3, -31.0, -11.4, 2.7, 0, 0, 0
L -31.0, -11.4, 2.7, -32.1, -13.2, 2.9, 0, 0, 0
L -32.1, -13.2, 2.9, -33.4, -15.0, 2.8, 0, 0, 0
L -33.4, -15.0, 2.8, -34.7, -16.8, 2.7, 0, 0, 0
L -34.7, -16.8, 2.7, -36.8, -19.6, 2.4, 0, 0, 0
L -36.8, -19.6, 2.4, -37.6, -20.7, 2.5, 0, 0, 0
L -37.6, -20.7, 2.5, -38.3, -21.9, 2.4, 0, 0, 0
L -38.3, -21.9, 2.4, -39.1, -22.9, 2.3, 0, 0, 0
L -39.1, -22.9, 2.3, -40.0, -23.7, 2.5, 0, 0, 0
L -40.0, -23.7, 2.5, -41.0, -24.6, 2.9, 0, 0, 0
L -41.0, -24.6, 2.9, -41.9, -25.5, 3.2, 0, 0, 0
L -41.9, -25.5, 3.2, -42.7, -26.6, 3.5, 0, 0, 0
L -42.7, -26.6, 3.5, -43.2, -27.6, 3.7, 0, 0, 0
L -43.2, -27.6, 3.7, -45.0, -31.3, 3.5, 0, 0, 0
L -45.0, -31.3, 3.5, -45.6, -33.1, 3.7, 0, 0, 0
L -45.6, -33.1, 3.7, -45.9, -34.5, 4.0, 0, 0, 0
L -45.9, -34.5, 4.0, -46.4, -36.4, 5.0, 0, 0, 0
L -46.4, -36.4, 5.0, -46.8, -37.9, 5.4, 0, 0, 0
L -46.8, -37.9, 5.4, -47.3, -41.0, 5.5, 0, 0, 0
L -47.3, -41.0, 5.5, -47.7, -42.1, 5.8, 0, 0, 0
L -47.7, -42.1, 5.8, -48.3, -43.6, 6.3, 0, 0, 0
L -48.3, -43.6, 6.3, -48.9, -45.1, 6.7, 0, 0, 0
L -48.9, -45.1, 6.7, -49.2, -47.0, 7.1, 0, 0, 0
L -49.2, -47.0, 7.1, -49.6, -51.9, 7.2, 0, 0, 0
L -49.6, -51.9, 7.2, -50.0, -53.5, 7.4, 0, 0, 0
L -50.0, -53.5, 7.4, -50.5, -59.4, 7.5, 0, 0, 0
L -50.5, -59.4, 7.5, -51.0, -61.4, 7.4, 0, 0, 0
L -51.0, -61.4, 7.4, -51.5, -63.4, 7.8, 0, 0, 0
L -51.5, -63.4, 7.8, -51.8, -65.1, 7.6, 0, 0, 0
L -51.8, -65.1, 7.6, -52.0, -67.9, 4.8, 0, 0, 0
L -52.0, -67.9, 4.8, -52.6, -69.0, 4.5, 0, 0, 0
L -52.6, -69.0, 4.5, -53.2, -70.2, 4.0, 0, 0, 0
L -53.2, -70.2, 4.0, -54.0, -71.5, 3.3, 0, 0, 0
L -54.0, -71.5, 3.3, -54.9, -72.7, 2.4, 0, 0, 0
L -54.9, -72.7, 2.4, -55.9, -74.1, 2.0, 0, 0, 0
L -55.9, -74.1, 2.0, -56.8, -75.2, 1.7, 0, 0, 0
L -56.8, -75.2, 1.7, -57.8, -76.3, 1.6, 0, 0, 0
L -57.8, -76.3, 1.6, -58.8, -77.3, 1.6, 0, 0, 0
L -58.8, -77.3, 1.6, -61.7, -80.2, 1.4, 0, 0, 0
L -61.7, -80.2, 1.4, -63.5, -80.1, 1.6, 0, 0, 0
L -63.5, -80.1, 1.6, -64.4, -80.5, 2.2, 0, 0, 0
L -64.4, -80.5, 2.2, -65.5, -81.2, 2.4, 0, 0, 0
L -65.5, -81.2, 2.4, -67.6, -82.5, 2.1, 0, 0, 0
L -67.6, -82.5, 2.1, -68.8, -82.9, 1.8, 0, 0, 0
L -68.8, -82.9, 1.8, -73.8, -83.9, 1.3, 0, 0, 0
L -73.8, -83.9, 1.3, -75.3, -84.0, 0.9, 0, 0, 0
L -75.3, -84.0, 0.9, -77.2, -84.4, 0.7, 0, 0, 0
L -77.2, -84.4, 0.7, -77.2, -85.6, 0.4, 0, 0, 0
L -77.2, -85.6, 0.4, -77.8, -86.5, 0.2, 0, 0, 0
L -77.8, -86.5, 0.2, -78.7, -87.5, 0.0, 0, 0, 0
L -78.7, -87.5, 0.0, -79.8, -88.5, 0.4, 0, 0, 0
L -79.8, -88.5, 0.4, -81.5, -90.1, 0.5, 0, 0, 0
L -81.5, -90.1, 0.5, -82.0, -88.7, 0.4, 0, 0, 0
L -82.0, -88.7, 0.4, -82.7, -86.6, 0.0, 0, 0, 0
L -82.7, -86.6, 0.0, -83.7, -85.0, 0.2, 0, 0, 0
L -83.7, -85.0, 0.2, -85.4, -84.2, 1.4, 0, 0, 0
L -85.4, -84.2, 1.4, -87.0, -85.1, 0.6, 0, 0, 0
L -87.0, -85.1, 0.6, -91.7, -87.9, 2.1, 0, 0, 0
L -91.7, -87.9, 2.1, -93.1, -87.7, 2.5, 0, 0, 0
L -93.1, -87.7, 2.5, -95.4, -87.3, 3.4, 0, 0, 0
L -95.4, -87.3, 3.4, -96.6, -87.3, 3.9, 0, 0, 0
L -96.6, -87.3, 3.9, -107.0, -86.7, 4.3, 0, 0, 0
L -107.0, -86.7, 4.3, -108.4, -86.5, 4.3, 0, 0, 0
L -108.4, -86.5, 4.3, -118.3, -84.8, 3.7, 0, 0, 0
L -118.3, -84.8, 3.7, -127.8, -83.5, 3.6, 0, 0, 0
L -127.8, -83.5, 3.6, -129.0, -83.5, 3.6, 0, 0, 0
L -129.0, -83.5, 3.6, -137.7, -83.7, 1.1, 0, 0, 0
L -137.7, -83.7, 1.1, -139.1, -83.8, 0.8, 0, 0, 0
L -139.1, -83.8, 0.8, -147.7, -84.7, 0.4, 0, 0, 0
L -147.7, -84.7, 0.4, -149.2, -86.1, -0.1, 0, 0, 0
L -149.2, -86.1, -0.1, -150.8, -86.6, -0.1, 0, 0, 0
L -150.8, -86.6, -0.1, -153.9, -87.2, 0.0, 0, 0, 0
L -153.9, -87.2, 0.0, -155.2, -85.8, 0.6, 0, 0, 0
L -155.2, -85.8, 0.6, -156.2, -84.1, 3.7, 0, 0, 0
L -156.2, -84.1, 3.7, -157.5, -84.4, 3.7, 0, 0, 0
L -157.5, -84.4, 3.7, -160.8, -85.2, 3.7, 0, 0, 0
L -160.8, -85.2, 3.7, -162.0, -85.9, 4.0, 0, 0, 0
L -162.0, -85.9, 4.0, -169.6, -90.3, 5.1, 0, 0, 0
L -169.6, -90.3, 5.1, -170.5, -91.3, 5.2, 0, 0, 0
L -170.5, -91.3, 5.2, -172.2, -93.1, 5.3, 0, 0, 0
L -172.2, -93.1, 5.3, -173.3, -94.0, 5.0, 0, 0, 0
L -173.3, -94.0, 5.0, -178.9, -99.0, 3.7, 0, 0, 0
L -178.9, -99.0, 3.7, -179.8, -99.9, 3.7, 0, 0, 0
L -179.8, -99.9, 3.7, -180.6, -100.8, 3.7, 0, 0, 0
L -180.6, -100.8, 3.7, -180.8, -102.6, 3.8, 0, 0, 0
L -180.8, -102.6, 3.8, -180.4, -108.0, 3.1, 0, 0, 0
L -180.4, -108.0, 3.1, -180.3, -109.2, 2.9, 0, 0, 0
L -180.3, -109.2, 2.9, -179.8, -112.8, 2.7, 0, 0, 0
L -179.8, -112.8, 2.7, -179.8, -114.7, 2.5, 0, 0, 0
L -179.8, -114.7, 2.5, -180.2, -117.7, 3.0, 0, 0, 0
L -180.2, -117.7, 3.0, -180.3, -119.0, 3.0, 0, 0, 0
L -180.3, -119.0, 3.0, -180.4, -133.9, 0.9, 0, 0, 0
L -180.4, -133.9, 0.9, -179.7, -134.7, 1.2, 0, 0, 0
L -179.7, -134.7, 1.2, -179.0, -135.6, 1.2, 0, 0, 0
L -179.0, -135.6, 1.2, -175.6, -140.0, 1.0, 0, 0, 0
L -175.6, -140.0, 1.0, -174.3, -140.9, 0.8, 0, 0, 0
L -174.3, -140.9, 0.8, -163.4, -147.2, 0.5, 0, 0, 0
L -163.4, -147.2, 0.5, -162.2, -147.9, 0.6, 0, 0, 0
L -162.2, -147.9, 0.6, -159.9, -149.0, 0.7, 0, 0, 0
L -159.9, -149.0, 0.7, -158.0, -149.2, 1.1, 0, 0, 0
L -158.0, -149.2, 1.1, -156.1, -148.9, 0.6, 0, 0, 0
L -156.1, -148.9, 0.6, -154.8, -147.5, 0.1, 0, 0, 0
L -154.8, -147.5, 0.1, -153.8, -147.0, -0.1, 0, 0, 0
L -153.8, -147.0, -0.1, -152.8, -146.8, 0.4, 0, 0, 0
L -152.8, -146.8, 0.4, -149.3, -147.1, 0.1, 0, 0, 0
L -149.3, -147.1, 0.1, -149.1, -148.0, 0.3, 0, 0, 0
L -149.1, -148.0, 0.3, -148.4, -150.2, 1.0, 0, 0, 0
L -148.4, -150.2, 1.0, -147.1, -151.2, 2.5, 0, 0, 0
L -147.1, -151.2, 2.5, -145.9, -151.7, 3.2, 0, 0, 0
L -145.9, -151.7, 3.2, -144.4, -153.0, 3.7, 0, 0, 0
L -144.4, -153.0, 3.7, -143.5, -153.7, 3.8, 0, 0, 0
L -143.5, -153.7, 3.8, -142.8, -154.7, 3.8, 0, 0, 0
L -142.8, -154.7, 3.8, -141.0, -157.1, 4.1, 0, 0, 0
L -141.0, -157.1, 4.1, -140.2, -158.5, 4.4, 0, 0, 0
L -140.2, -158.5, 4.4, -139.4, -159.8, 5.2, 0, 0, 0
L -139.4, -159.8, 5.2, -137.9, -162.1, 5.3, 0, 0, 0
L -137.9, -162.1, 5.3, -138.5, -162.9, 5.3, 0, 0, 0
L -138.5, -162.9, 5.3, -139.4, -164.2, 5.8, 0, 0, 0
L -139.4, -164.2, 5.8, -140.2, -165.7, 6.3, 0, 0, 0
L -140.2, -165.7, 6.3, -140.8, -167.4, 6.5, 0, 0, 0
L -140.8, -167.4, 6.5, -142.6, -172.1, 3.0, 0, 0, 0
L -142.6, -172.1, 3.0, -144.4, -172.9, 3.0, 0, 0, 0
L -144.4, -172.9, 3.0, -147.3, -174.1, 2.9, 0, 0, 0
L -147.3, -174.1, 2.9, -149.0, -175.7, 2.0, 0, 0, 0
L -149.0, -175.7, 2.0, -149.0, -177.4, 1.1, 0, 0, 0
L -149.0, -177.4, 1.1, -149.0, -179.5, 0.2, 0, 0, 0
L -149.0, -179.5, 0.2, -151.3, -178.6, 0.2, 0, 0, 0
L -151.3, -178.6, 0.2, -154.9, -177.0, 0.3, 0, 0, 0
L -154.9, -177.0, 0.3, -155.5, -175.7, 0.4, 0, 0, 0
L -155.5, -175.7, 0.4, -155.9, -174.8, 2.6, 0, 0, 0
L -155.9, -174.8, 2.6, -158.0, -174.9, 2.6, 0, 0, 0
L -158.0, -174.9, 2.6, -174.7, -176.3, 4.1, 0, 0, 0
L -174.7, -176.3, 4.1, -182.4, -176.9, 4.8, 0, 0, 0
L -182.4, -176.9, 4.8, -192.1, -176.9, 2.9, 0, 0, 0
L -192.1, -176.9, 2.9, -193.4, -177.8, 2.4, 0, 0, 0
L -193.4, -177.8, 2.4, -194.3, -178.5, 2.7, 0, 0, 0
L -194.3, -178.5, 2.7, -195.7, -177.2, 2.7, 0, 0, 0
L -195.7, -177.2, 2.7, -197.6, -177.2, 2.0, 0, 0, 0
L -197.6, -177.2, 2.0, -198.4, -175.7, 2.1, 0, 0, 0
L -198.4, -175.7, 2.1, -199.8, -175.4, 2.2, 0, 0, 0
L -199.8, -175.4, 2.2, -205.9, -173.8, 1.0, 0, 0, 0
L -205.9, -173.8, 1.0, -206.9, -173.1, 1.0, 0, 0, 0
L -206.9, -173.1, 1.0, -208.5, -172.0, 0.7, 0, 0, 0
L -208.5, -172.0, 0.7, -210.8, -171.1, 0.8, 0, 0, 0
L -210.8, -171.1, 0.8, -214.3, -169.8, -2.1, 0, 0, 0
L -214.3, -169.8, -2.1, -215.0, -169.1, -2.0, 0, 0, 0
L -215.0, -169.1, -2.0, -216.1, -168.5, -1.8, 0, 0, 0
L -216.1, -168.5, -1.8, -217.4, -168.5, -2.0, 0, 0, 0
L -217.4, -168.5, -2.0, -218.7, -167.4, -2.0, 0, 0, 0
L -218.7, -167.4, -2.0, -218.6, -165.8, -2.1, 0, 0, 0
L -218.6, -165.8, -2.1, -218.2, -159.3, -2.2, 0, 0, 0
L -218.2, -159.3, -2.2, -217.5, -158.1, -2.4, 0, 0, 0
L -217.5, -158.1, -2.4, -215.8, -158.1, -2.4, 0, 0, 0
L -215.8, -158.1, -2.4, -214.4, -157.3, -2.5, 0, 0, 0
L -214.4, -157.3, -2.5, -213.2, -156.3, -2.5, 0, 0, 0
L -213.2, -156.3, -2.5, -210.1, -153.9, -1.1, 0, 0, 0
L -210.1, -153.9, -1.1, -208.8, -153.0, 1.2, 0, 0, 0
L -208.8, -153.0, 1.2, -207.1, -152.2, 5.1, 0, 0, 0
L -207.1, -152.2, 5.1, -207.2, -150.7, 5.0, 0, 0, 0
L -207.2, -150.7, 5.0, -207.6, -144.0, 4.2, 0, 0, 0
L -207.6, -144.0, 4.2, -207.7, -142.4, 4.0, 0, 0, 0
L -207.7, -142.4, 4.0, -208.2, -135.0, 2.3, 0, 0, 0
L -208.2, -135.0, 2.3, -208.3, -133.4, 2.1, 0, 0, 0
L -208.3, -133.4, 2.1, -208.8, -125.6, 0.9, 0, 0, 0
L -208.8, -125.6, 0.9, -208.9, -123.9, 0.5, 0, 0, 0
L -208.9, -123.9, 0.5, -209.2, -120.9, 0.8, 0, 0, 0
L -209.2, -120.9, 0.8, -209.4, -119.5, 0.8, 0, 0, 0
L -209.4, -119.5, 0.8, -209.7, -118.1, 0.7, 0, 0, 0
L -209.7, -118.1, 0.7, -210.0, -116.6, 0.5, 0, 0, 0
L -210.0, -116.6, 0.5, -210.7, -114.5, 0.3, 0, 0, 0
L -210.7, -114.5, 0.3, -211.3, -113.1, 0.1, 0, 0, 0
L -211.3, -113.1, 0.1, -212.7, -112.1, -1.6, 0, 0, 0
L -212.7, -112.1, -1.6, -214.3, -112.1, -5.1, 0, 0, 0
L -214.3, -112.1, -5.1, -222.6, -111.7, -9.2, 0, 0, 0
L -222.6, -111.7, -9.2, -223.9, -110.2, -9.5, 0, 0, 0
L -223.9, -110.2, -9.5, -224.7, -109.3, -9.7, 0, 0, 0
L -224.7, -109.3, -9.7, -230.9, -102.8, -11.1, 0, 0, 0
L -230.9, -102.8, -11.1, -244.2, -88.6, -10.9, 0, 0, 0
L -244.2, -88.6, -10.9, -244.8, -87.5, -10.8, 0, 0, 0
L -244.8, -87.5, -10.8, -245.3, -86.3, -10.4, 0, 0, 0
L -245.3, -86.3, -10.4, -245.8, -85.0, -9.8, 0, 0, 0
L -245.8, -85.0, -9.8, -246.3, -83.6, -9.0, 0, 0, 0
L -246.3, -83.6, -9.0, -246.8, -82.3, -7.9, 0, 0, 0
L -246.8, -82.3, -7.9, -247.2, -81.3, -6.3, 0, 0, 0
L -247.2, -81.3, -6.3, -247.9, -79.6, -3.2, 0, 0, 0
L -247.9, -79.6, -3.2, -248.8, -78.3, -0.9, 0, 0, 0
L -248.8, -78.3, -0.9, -249.6, -77.3, 1.3, 0, 0, 0
L -249.6, -77.3, 1.3, -250.9, -76.3, 3.3, 0, 0, 0
L -250.9, -76.3, 3.3, -252.3, -75.7, 4.8, 0, 0, 0
L -252.3, -75.7, 4.8, -253.7, -75.4, 5.4, 0, 0, 0
L -253.7, -75.4, 5.4, -255.4, -75.2, 6.0, 0, 0, 0
L -255.4, -75.2, 6.0, -264.5, -76.0, 5.4, 0, 0, 0
L -264.5, -76.0, 5.4, -273.7, -77.3, -2.2, 0, 0, 0
L -273.7, -77.3, -2.2, -283.0, -78.7, -7.8, 0, 0, 0
L -283.0, -78.7, -7.8, -285.2, -78.4, -9.1, 0, 0, 0
L -285.2, -78.4, -9.1, -287.2, -78.0, -9.2, 0, 0, 0
L -287.2, -78.0, -9.2, -289.4, -77.3, -9.0, 0, 0, 0
L -289.4, -77.3, -9.0, -293.2, -75.9, -8.7, 0, 0, 0
L -293.2, -75.9, -8.7, -300.9, -72.5, -7.0, 0, 0, 0
L -300.9, -72.5, -7.0, -308.9, -68.9, -5.2, 0, 0, 0
L -308.9, -68.9, -5.2, -316.9, -65.6, 1.4, 0, 0, 0
L -316.9, -65.6, 1.4, -318.6, -65.1, 2.5, 0, 0, 0
L -318.6, -65.1, 2.5, -322.9, -63.9, 6.9, 0, 0, 0
L -322.9, -63.9, 6.9, -324.6, -64.4, 8.3, 0, 0, 0
L -324.6, -64.4, 8.3, -325.6, -64.9, 8.3, 0, 0, 0
L -325.6, -64.9, 8.3, -326.6, -65.6, 7.9, 0, 0, 0
L -326.6, -65.6, 7.9, -328.0, -66.8, 5.9, 0, 0, 0
L -328.0, -66.8, 5.9, -329.0, -67.7, 4.2, 0, 0, 0
L -329.0, -67.7, 4.2, -330.0, -68.3, 3.9, 0, 0, 0
L -330.0, -68.3, 3.9, -331.4, -69.0, 3.4, 0, 0, 0
L -331.4, -69.0, 3.4, -333.2, -69.3, 2.7, 0, 0, 0
L -333.2, -69.3, 2.7, -339.8, -70.4, 3.8, 0, 0, 0
L -339.8, -70.4, 3.8, -339.8, -71.2, 3.8, 0, 0, 0
L -339.8, -71.2, 3.8, -340.2, -84.2, -10.0, 0, 0, 0
L -340.2, -84.2, -10.0, -340.5, -86.2, -12.3, 0, 0, 0
L -340.5, -86.2, -12.3, -341.9, -86.4, -12.6, 0, 0, 0
L -341.9, -86.4, -12.6, -342.9, -85.5, -12.5, 0, 0, 0
L -342.9, -85.5, -12.5, -344.8, -83.7, -12.0, 0, 0, 0
L -344.8, -83.7, -12.0, -347.5, -81.1, -10.5, 0, 0, 0
L -347.5, -81.1, -10.5, -349.2, -80.8, -9.9, 0, 0, 0
L -349.2, -80.8, -9.9, -350.2, -80.2, -9.9, 0, 0, 0
L -350.2, -80.2, -9.9, -351.2, -79.4, -9.7, 0, 0, 0
L -351.2, -79.4, -9.7, -352.2, -78.6, -9.3, 0, 0, 0
L -352.2, -78.6, -9.3, -357.7, -73.9, -1.3, 0, 0, 0
L -357.7, -73.9, -1.3, -362.4, -71.4, 4.4, 0, 0, 0
L -362.4, -71.4, 4.4, -363.3, -71.7, 4.4, 0, 0, 0
L -363.3, -71.7, 4.4, -371.1, -74.4, -2.5, 0, 0, 0
L -371.1, -74.4, -2.5, -371.1, -75.9, -4.3, 0, 0, 0
L -371.1, -75.9, -4.3, -371.3, -78.2, -8.8, 0, 0, 0
L -371.3, -78.2, -8.8, -373.0, -79.1, -9.9, 0, 0, 0
L -373.0, -79.1, -9.9, -375.0, -78.8, -9.8, 0, 0, 0
L -375.0, -78.8, -9.8, -378.7, -79.1, -10.0, 0, 0, 0
L -378.7, -79.1, -10.0, -379.6, -78.8, -10.1, 0, 0, 0
L -379.6, -78.8, -10.1, -380.6, -78.2, -10.0, 0, 0, 0
L -380.6, -78.2, -10.0, -381.7, -77.5, -9.9, 0, 0, 0
L -381.7, -77.5, -9.9, -382.8, -76.6, -9.1, 0, 0, 0
L -382.8, -76.6, -9.1, -384.9, -74.8, -6.7, 0, 0, 0
L -384.9, -74.8, -6.7, -390.0, -70.4, 1.3, 0, 0, 0
L -390.0, -70.4, 1.3, -391.8, -69.7, 3.5, 0, 0, 0
L -391.8, -69.7, 3.5, -393.1, -69.5, 4.4, 0, 0, 0
L -393.1, -69.5, 4.4, -395.2, -69.2, 5.8, 0, 0, 0
L -395.2, -69.2, 5.8, -396.6, -70.0, 5.6, 0, 0, 0
L -396.6, -70.0, 5.6, -401.3, -73.0, 1.9, 0, 0, 0
L -401.3, -73.0, 1.9, -409.5, -78.5, -2.6, 0, 0, 0
L -409.5, -78.5, -2.6, -416.6, -83.4, -2.8, 0, 0, 0
L -416.6, -83.4, -2.8, -417.7, -84.3, -1.6, 0, 0, 0
L -417.7, -84.3, -1.6, -418.8, -85.2, -0.3, 0, 0, 0
L -418.8, -85.2, -0.3, -419.8, -86.2, 0.8, 0, 0, 0
L -419.8, -86.2, 0.8, -420.9, -87.6, 3.0, 0, 0, 0
L -420.9, -87.6, 3.0, -421.8, -89.2, 4.9, 0, 0, 0
L -421.8, -89.2, 4.9, -422.4, -90.6, 5.7, 0, 0, 0
L -422.4, -90.6, 5.7, -422.8, -92.5, 6.7, 0, 0, 0
L -422.8, -92.5, 6.7, -423.0, -94.3, 7.0, 0, 0, 0
L -423.0, -94.3, 7.0, -422.8, -96.1, 7.1, 0, 0, 0
L -422.8, -96.1, 7.1, -422.3, -98.7, 7.2, 0, 0, 0
L -422.3, -98.7, 7.2, -421.8, -100.8, 6.9, 0, 0, 0
L -421.8, -100.8, 6.9, -421.1, -102.8, 6.3, 0, 0, 0
L -421.1, -102.8, 6.3, -419.6, -104.5, 5.2, 0, 0, 0
L -419.6, -104.5, 5.2, -418.0, -105.9, 3.8, 0, 0, 0
L -418.0, -105.9, 3.8, -416.4, -107.0, 2.3, 0, 0, 0
L -416.4, -107.0, 2.3, -405.7, -112.7, -9.5, 0, 0, 0
L -405.7, -112.7, -9.5, -404.4, -113.8, -9.8, 0, 0, 0
L -404.4, -113.8, -9.8, -403.3, -115.5, -10.4, 0, 0, 0
L -403.3, -115.5, -10.4, -402.3, -116.9, -10.9, 0, 0, 0
L -402.3, -116.9, -10.9, -401.3, -116.8, -11.2, 0, 0, 0
L -401.3, -116.8, -11.2, -399.4, -116.7, -12.4, 0, 0, 0
L -399.4, -116.7, -12.4, -398.6, -117.6, -12.4, 0, 0, 0
L -398.6, -117.6, -12.4, -397.7, -119.0, -12.3, 0, 0, 0
L -397.7, -119.0, -12.3, -396.9, -120.7, -12.1, 0, 0, 0
L -396.9, -120.7, -12.1, -395.7, -123.4, -12.4, 0, 0, 0
L -395.7, -123.4, -12.4, -396.0, -124.2, -12.4, 0, 0, 0
L -396.0, -124.2, -12.4, -396.5, -125.4, -12.3, 0, 0, 0
L -396.5, -125.4, -12.3, -396.9, -127.0, -12.2, 0, 0, 0
L -396.9, -127.0, -12.2, -397.3, -128.8, -12.1, 0, 0, 0
L -397.3, -128.8, -12.1, -397.7, -130.6, -12.0, 0, 0, 0
L -397.7, -130.6, -12.0, -398.1, -132.7, -11.9, 0, 0, 0
L -398.1, -132.7, -11.9, -398.6, -134.7, -11.9, 0, 0, 0
L -398.6, -134.7, -11.9, -399.0, -136.7, -11.9, 0, 0, 0
L -399.0, -136.7, -11.9, -400.1, -142.2, -12.1, 0, 0, 0
L -400.1, -142.2, -12.1, -400.1, -143.0, -12.1, 0, 0, 0
L -400.1, -143.0, -12.1, -399.7, -145.9, -12.0, 0, 0, 0
L -399.7, -145.9, -12.0, -399.3, -147.8, -11.9, 0, 0, 0
L -399.3, -147.8, -11.9, -399.0, -149.6, -11.8, 0, 0, 0
L -399.0, -149.6, -11.8, -398.6, -151.5, -11.7, 0, 0, 0
L -398.6, -151.5, -11.7, -398.1, -153.6, -11.6, 0, 0, 0
L -398.1, -153.6, -11.6, -397.7, -155.6, -11.4, 0, 0, 0
L -397.7, -155.6, -11.4, -397.3, -157.7, -11.4, 0, 0, 0
L -397.3, -157.7, -11.4, -397.0, -159.7, -11.4, 0, 0, 0
L -397.0, -159.7, -11.4, -396.8, -161.7, -11.4, 0, 0, 0
L -396.8, -161.7, -11.4, -397.2, -170.3, -12.0, 0, 0, 0
L -397.2, -170.3, -12.0, -397.5, -171.9, -12.1, 0, 0, 0
L -397.5, -171.9, -12.1, -398.0, -176.1, -12.3, 0, 0, 0
L -398.0, -176.1, -12.3, -398.1, -177.8, -12.4, 0, 0, 0
L -398.1, -177.8, -12.4, -398.5, -183.9, -13.1, 0, 0, 0
L -398.5, -183.9, -13.1, -398.6, -186.0, -13.4, 0, 0, 0
L -398.6, -186.0, -13.4, -398.4, -193.0, -12.1, 0, 0, 0
L -398.4, -193.0, -12.1, -398.0, -194.6, -11.4, 0, 0, 0
L -398.0, -194.6, -11.4, -397.7, -196.2, -10.9, 0, 0, 0
L -397.7, -196.2, -10.9, -397.7, -205.9, -12.6, 0, 0, 0
L -397.7, -205.9, -12.6, -399.4, -205.7, -12.7, 0, 0, 0
L -399.4, -205.7, -12.7, -409.2, -204.6, -13.3, 0, 0, 0
L -409.2, -204.6, -13.3, -410.9, -204.5, -13.5, 0, 0, 0
L -410.9, -204.5, -13.5, -415.5, -204.8, -12.1, 0, 0, 0
L -415.5, -204.8, -12.1, -416.9, -205.0, -11.5, 0, 0, 0
L -416.9, -205.0, -11.5, -417.6, -206.5, -9.3, 0, 0, 0
L -417.6, -206.5, -9.3, -417.7, -207.6, -9.1, 0, 0, 0
L -417.7, -207.6, -9.1, -417.3, -219.9, -6.4, 0, 0, 0
L -417.3, -219.9, -6.4, -417.2, -221.8, -6.3, 0, 0, 0
L -417.2, -221.8, -6.3, -416.7, -229.2, -5.4, 0, 0, 0
L -416.7, -229.2, -5.4, -416.6, -231.3, -4.9, 0, 0, 0
L -416.6, -231.3, -4.9, -416.1, -238.7, -3.6, 0, 0, 0
L -416.1, -238.7, -3.6, -416.0, -240.7, -3.4, 0, 0, 0
L -416.0, -240.7, -3.4, -415.5, -248.1, -2.9, 0, 0, 0
L -415.5, -248.1, -2.9, -415.4, -249.9, -2.9, 0, 0, 0
L -415.4, -249.9, -2.9, -415.0, -256.5, -2.7, 0, 0, 0
L -415.0, -256.5, -2.7, -414.8, -258.1, -2.6, 0, 0, 0
L -414.8, -258.1, -2.6, -414.6, -259.7, -2.5, 0, 0, 0
L -414.6, -259.7, -2.5, -414.3, -261.3, -2.4, 0, 0, 0
L -414.3, -261.3, -2.4, -413.9, -262.9, -2.4, 0, 0, 0
L -413.9, -262.9, -2.4, -413.5, -264.3, -2.5, 0, 0, 0
L -413.5, -264.3, -2.5, -412.9, -266.0, -2.4, 0, 0, 0
L -412.9, -266.0, -2.4, -412.1, -267.8, -2.5, 0, 0, 0
L -412.1, -267.8, -2.5, -411.4, -269.4, -2.7, 0, 0, 0
L -411.4, -269.4, -2.7, -410.7, -270.9, -2.9, 0, 0, 0
L -410.7, -270.9, -2.9, -409.9, -272.6, -3.0, 0, 0, 0
L -409.9, -272.6, -3.0, -409.3, -273.9, -2.9, 0, 0, 0
L -409.3, -273.9, -2.9, -408.6, -275.2, -2.8, 0, 0, 0
L -408.6, -275.2, -2.8, -407.9, -276.5, -2.7, 0, 0, 0
L -407.9, -276.5, -2.7, -407.2, -277.7, -2.5, 0, 0, 0
L -407.2, -277.7, -2.5, -406.5, -279.0, -2.2, 0, 0, 0
L -406.5, -279.0, -2.2, -405.6, -280.2, -1.9, 0, 0, 0
L -405.6, -280.2, -1.9, -404.8, -281.4, -1.5, 0, 0, 0
L -404.8, -281.4, -1.5, -403.9, -282.5, -1.1, 0, 0, 0
L -403.9, -282.5, -1.1, -403.0, -283.7, -0.7, 0, 0, 0
L -403.0, -283.7, -0.7, -402.0, -284.3, 0.2, 0, 0, 0
L -402.0, -284.3, 0.2, -400.3, -285.2, 2.1, 0, 0, 0
L -400.3, -285.2, 2.1, -399.0, -285.5, 2.9, 0, 0, 0
L -399.0, -285.5, 2.9, -389.5, -287.1, 2.1, 0, 0, 0
L -389.5, -287.1, 2.1, -389.5, -286.2, 2.1, 0, 0, 0
L -389.5, -286.2, 2.1, -389.0, -281.2, 0.9, 0, 0, 0
L -389.0, -281.2, 0.9, -386.6, -280.6, 0.9, 0, 0, 0
L -386.6, -280.6, 0.9, -380.5, -279.0, -0.4, 0, 0, 0
L -380.5, -279.0, -0.4, -376.4, -278.0, -1.0, 0, 0, 0
L -376.4, -278.0, -1.0, -375.2, -276.1, -3.1, 0, 0, 0
L -375.2, -276.1, -3.1, -373.8, -273.8, -4.6, 0, 0, 0
L -373.8, -273.8, -4.6, -371.3, -273.7, -4.6, 0, 0, 0
L -371.3, -273.7, -4.6, -363.4, -273.0, -8.6, 0, 0, 0
L -363.4, -273.0, -8.6, -362.0, -272.4, -11.2, 0, 0, 0
L -362.0, -272.4, -11.2, -361.0, -272.5, -11.4, 0, 0, 0
L -361.0, -272.5, -11.4, -359.9, -272.5, -11.9, 0, 0, 0
L -359.9, -272.5, -11.9, -354.1, -272.7, -12.2, 0, 0, 0
L -354.1, -272.7, -12.2, -352.3, -273.0, -12.3, 0, 0, 0
L -352.3, -273.0, -12.3, -352.4, -274.5, -12.3, 0, 0, 0
L -352.4, -274.5, -12.3, -353.0, -275.6, -12.2, 0, 0, 0
L -353.0, -275.6, -12.2, -354.2, -278.0, -11.9, 0, 0, 0
L -354.2, -278.0, -11.9, -354.5, -279.3, -11.8, 0, 0, 0
L -354.5, -279.3, -11.8, -354.0, -286.1, -8.6, 0, 0, 0
L -354.0, -286.1, -8.6, -353.3, -286.9, -8.9, 0, 0, 0
L -353.3, -286.9, -8.9, -349.1, -292.2, -10.1, 0, 0, 0
L -349.1, -292.2, -10.1, -348.9, -293.4, -9.6, 0, 0, 0
L -348.9, -293.4, -9.6, -349.3, -299.5, -9.7, 0, 0, 0
L -349.3, -299.5, -9.7, -349.5, -300.9, -9.7, 0, 0, 0
L -349.5, -300.9, -9.7, -349.9, -306.9, -8.2, 0, 0, 0
L -349.9, -306.9, -8.2, -350.1, -308.3, -7.9, 0, 0, 0
L -350.1, -308.3, -7.9, -350.6, -311.2, -7.6, 0, 0, 0
L -350.6, -311.2, -7.6, -350.8, -312.6, -7.4, 0, 0, 0
L -350.8, -312.6, -7.4, -351.3, -318.5, -7.6, 0, 0, 0
L -351.3, -318.5, -7.6, -351.4, -319.8, -7.8, 0, 0, 0
L -351.4, -319.8, -7.8, -351.1, -333.4, -11.7, 0, 0, 0
L -351.1, -333.4, -11.7, -349.7, -334.3, -12.1, 0, 0, 0
L -349.7, -334.3, -12.1, -348.9, -335.1, -12.4, 0, 0, 0
L -348.9, -335.1, -12.4, -348.5, -336.1, -12.3, 0, 0, 0
L -348.5, -336.1, -12.3, -348.2, -337.3, -11.9, 0, 0, 0
L -348.2, -337.3, -11.9, -348.0, -338.5, -11.9, 0, 0, 0
L -348.0, -338.5, -11.9, -347.6, -341.2, -12.4, 0, 0, 0
L -347.6, -341.2, -12.4, -347.4, -342.7, -12.3, 0, 0, 0
L -347.4, -342.7, -12.3, -347.1, -345.7, -11.7, 0, 0, 0
L -347.1, -345.7, -11.7, -346.9, -347.1, -11.2, 0, 0, 0
L -346.9, -347.1, -11.2, -346.4, -351.5, -10.1, 0, 0, 0
L -346.4, -351.5, -10.1, -346.2, -353.0, -9.8, 0, 0, 0
L -346.2, -353.0, -9.8, -346.3, -357.3, -9.6, 0, 0, 0
L -346.3, -357.3, -9.6, -346.8, -357.9, -9.3, 0, 0, 0
L -346.8, -357.9, -9.3, -348.5, -359.8, -8.4, 0, 0, 0
L -348.5, -359.8, -8.4, -349.1, -360.9, -7.7, 0, 0, 0
L -349.1, -360.9, -7.7, -349.3, -361.9, -7.3, 0, 0, 0
L -349.3, -361.9, -7.3, -349.7, -364.2, -7.0, 0, 0, 0
L -349.7, -364.2, -7.0, -350.0, -365.3, -6.8, 0, 0, 0
L -350.0, -365.3, -6.8, -350.4, -367.6, -6.9, 0, 0, 0
L -350.4, -367.6, -6.9, -350.6, -368.8, -7.1, 0, 0, 0
L -350.6, -368.8, -7.1, -351.1, -371.2, -7.5, 0, 0, 0
L -351.1, -371.2, -7.5, -351.3, -372.4, -7.6, 0, 0, 0
L -351.3, -372.4, -7.6, -351.5, -373.6, -7.6, 0, 0, 0
L -351.5, -373.6, -7.6, -351.9, -374.7, -7.9, 0, 0, 0
L -351.9, -374.7, -7.9, -352.4, -375.9, -8.3, 0, 0, 0
L -352.4, -375.9, -8.3, -353.2, -378.2, -8.7, 0, 0, 0
L -353.2, -378.2, -8.7, -353.7, -379.5, -8.7, 0, 0, 0
L -353.7, -379.5, -8.7, -354.1, -380.8, -8.9, 0, 0, 0
L -354.1, -380.8, -8.9, -354.8, -382.0, -9.3, 0, 0, 0
L -354.8, -382.0, -9.3, -355.4, -383.2, -9.9, 0, 0, 0
L -355.4, -383.2, -9.9, -356.3, -384.3, -10.7, 0, 0, 0
L -356.3, -384.3, -10.7, -357.3, -385.4, -11.4, 0, 0, 0
L -357.3, -385.4, -11.4, -358.4, -386.6, -11.4, 0, 0, 0
L -358.4, -386.6, -11.4, -359.6, -387.6, -11.4, 0, 0, 0
L -359.6, -387.6, -11.4, -361.9, -389.5, -11.6, 0, 0, 0
L -361.9, -389.5, -11.6, -363.6, -390.1, -11.6, 0, 0, 0
L -363.6, -390.1, -11.6, -367.9, -391.6, -11.6, 0, 0, 0
L -367.9, -391.6, -11.6, -369.2, -392.7, -11.5, 0, 0, 0
L -369.2, -392.7, -11.5, -372.1, -394.9, -10.9, 0, 0, 0
L -372.1, -394.9, -10.9, -373.7, -395.8, -10.1, 0, 0, 0
L -373.7, -395.8, -10.1, -375.5, -396.5, -9.5, 0, 0, 0
L -375.5, -396.5, -9.5, -377.5, -397.2, -9.5, 0, 0, 0
L -377.5, -397.2, -9.5, -380.0, -397.8, -9.7, 0, 0, 0
L -380.0, -397.8, -9.7, -388.3, -399.3, -12.9, 0, 0, 0
L -388.3, -399.3, -12.9, -388.3, -397.9, -12.9, 0, 0, 0
L -388.3, -397.9, -12.9, -388.6, -392.7, -11.6, 0, 0, 0
L -388.6, -392.7, -11.6, -389.4, -392.5, -11.6, 0, 0, 0
L -389.4, -392.5, -11.6, -390.7, -392.2, -11.4, 0, 0, 0
L -390.7, -392.2, -11.4, -398.5, -391.4, -9.2, 0, 0, 0
L -398.5, -391.4, -9.2, -406.9, -392.3, -7.5, 0, 0, 0
L -406.9, -392.3, -7.5, -416.5, -393.3, -6.8, 0, 0, 0
L -416.5, -393.3, -6.8, -419.0, -393.4, -6.9, 0, 0, 0
L -419.0, -393.4, -6.9, -425.7, -393.3, -9.1, 0, 0, 0
L -425.7, -393.3, -9.1, -426.6, -393.9, -9.2, 0, 0, 0
L -426.6, -393.9, -9.2, -428.1, -394.0, -9.6, 0, 0, 0
L -428.1, -394.0, -9.6, -429.9, -393.7, -9.4, 0, 0, 0
L -429.9, -393.7, -9.4, -431.9, -393.3, -9.9, 0, 0, 0
L -431.9, -393.3, -9.9, -437.3, -391.8, -10.5, 0, 0, 0
L -437.3, -391.8, -10.5, -438.0, -391.4, -10.5, 0, 0, 0
L -438.0, -391.4, -10.5, -442.2, -388.5, -10.3, 0, 0, 0
L -442.2, -388.5, -10.3, -443.7, -388.1, -9.8, 0, 0, 0
L -443.7, -388.1, -9.8, -444.8, -387.8, -9.4, 0, 0, 0
L -444.8, -387.8, -9.4, -446.1, -387.6, -8.9, 0, 0, 0
L -446.1, -387.6, -8.9, -448.8, -387.3, -8.9, 0, 0, 0
L -448.8, -387.3, -8.9, -450.4, -386.8, -9.3, 0, 0, 0
L -450.4, -386.8, -9.3, -456.0, -384.8, -14.3, 0, 0, 0
L -456.0, -384.8, -14.3, -456.7, -383.3, -13.6, 0, 0, 0
L -456.7, -383.3, -13.6, -460.1, -375.6, -7.6, 0, 0, 0
L -460.1, -375.6, -7.6, -461.3, -373.9, -7.3, 0, 0, 0
L -461.3, -373.9, -7.3, -461.6, -372.7, -7.8, 0, 0, 0
L -461.6, -372.7, -7.8, -462.0, -367.1, -7.7, 0, 0, 0
L -462.0, -367.1, -7.7, -462.1, -365.8, -8.2, 0, 0, 0
L -462.1, -365.8, -8.2, -462.5, -359.1, -10.9, 0, 0, 0
L -462.5, -359.1, -10.9, -463.1, -357.4, -6.0, 0, 0, 0
L -463.1, -357.4, -6.0, -464.8, -357.2, -6.0, 0, 0, 0
L -464.8, -357.2, -6.0, -474.5, -356.7, -5.8, 0, 0, 0
L -474.5, -356.7, -5.8, -483.0, -356.6, -5.7, 0, 0, 0
L -483.0, -356.6, -5.7, -492.8, -356.9, -6.2, 0, 0, 0
L -492.8, -356.9, -6.2, -494.5, -357.1, -6.2, 0, 0, 0
L -494.5, -357.1, -6.2, -503.6, -358.0, -6.7, 0, 0, 0
L -503.6, -358.0, -6.7, -508.0, -358.8, -6.9, 0, 0, 0
L -508.0, -358.8, -6.9, -509.6, -359.3, -7.0, 0, 0, 0
L -509.6, -359.3, -7.0, -511.1, -360.1, -7.1, 0, 0, 0
L -511.1, -360.1, -7.1, -512.6, -360.8, -6.9, 0, 0, 0
L -512.6, -360.8, -6.9, -513.6, -361.6, -5.9, 0, 0, 0
L -513.6, -361.6, -5.9, -513.4, -363.3, -6.9, 0, 0, 0
L -513.4, -363.3, -6.9, -513.7, -378.7, -9.1, 0, 0, 0
L -513.7, -378.7, -9.1, -514.0, -380.4, -9.4, 0, 0, 0
L -514.0, -380.4, -9.4, -514.6, -383.9, -10.8, 0, 0, 0
L -514.6, -383.9, -10.8, -514.7, -385.6, -11.8, 0, 0, 0
L -514.7, -385.6, -11.8, -514.0, -387.2, -12.9, 0, 0, 0
L -514.0, -387.2, -12.9, -513.5, -388.6, -12.7, 0, 0, 0
L -513.5, -388.6, -12.7, -513.3, -390.2, -12.6, 0, 0, 0
L -513.3, -390.2, -12.6, -513.5, -393.5, -11.3, 0, 0, 0
L -513.5, -393.5, -11.3, -513.8, -395.1, -10.7, 0, 0, 0
L -513.8, -395.1, -10.7, -514.2, -396.7, -10.2, 0, 0, 0
L -514.2, -396.7, -10.2, -514.7, -398.3, -9.8, 0, 0, 0
L -514.7, -398.3, -9.8, -515.3, -399.9, -9.5, 0, 0, 0
L -515.3, -399.9, -9.5, -515.9, -401.5, -9.2, 0, 0, 0
L -515.9, -401.5, -9.2, -516.6, -403.1, -9.0, 0, 0, 0
L -516.6, -403.1, -9.0, -518.3, -407.1, -6.7, 0, 0, 0
L -518.3, -407.1, -6.7, -519.8, -407.0, -6.8, 0, 0, 0
L -519.8, -407.0, -6.8, -526.3, -406.3, -3.3, 0, 0, 0
L -526.3, -406.3, -3.3, -525.7, -407.9, -5.0, 0, 0, 0
L -525.7, -407.9, -5.0, -525.6, -409.1, -4.9, 0, 0, 0
L -525.6, -409.1, -4.9, -525.4, -410.3, -4.8, 0, 0, 0
L -525.4, -410.3, -4.8, -525.0, -411.7, -4.7, 0, 0, 0
L -525.0, -411.7, -4.7, -524.4, -413.4, -4.6, 0, 0, 0
L -524.4, -413.4, -4.6, -523.9, -414.9, -4.4, 0, 0, 0
L -523.9, -414.9, -4.4, -523.3, -416.3, -4.2, 0, 0, 0
L -523.3, -416.3, -4.2, -522.7, -417.9, -4.1, 0, 0, 0
L -522.7, -417.9, -4.1, -520.8, -422.6, -5.2, 0, 0, 0
L -520.8, -422.6, -5.2, -517.1, -431.5, -7.3, 0, 0, 0
L -517.1, -431.5, -7.3, -514.9, -436.9, -9.0, 0, 0, 0
L -514.9, -436.9, -9.0, -514.1, -438.2, -8.9, 0, 0, 0
L -514.1, -438.2, -8.9, -513.4, -439.5, -8.8, 0, 0, 0
L -513.4, -439.5, -8.8, -512.4, -441.0, -8.7, 0, 0, 0
L -512.4, -441.0, -8.7, -511.6, -442.1, -8.7, 0, 0, 0
L -511.6, -442.1, -8.7, -510.6, -443.2, -8.4, 0, 0, 0
L -510.6, -443.2, -8.4, -509.6, -444.1, -8.2, 0, 0, 0
L -509.6, -444.1, -8.2, -508.6, -445.0, -8.2, 0, 0, 0
L -508.6, -445.0, -8.2, -507.6, -445.9, -8.2, 0, 0, 0
L -507.6, -445.9, -8.2, -505.9, -446.1, -6.1, 0, 0, 0
L -505.9, -446.1, -6.1, -498.5, -445.8, -4.8, 0, 0, 0
L -498.5, -445.8, -4.8, -497.6, -444.6, -5.0, 0, 0, 0
L -497.6, -444.6, -5.0, -492.5, -438.5, -12.8, 0, 0, 0
L -492.5, -438.5, -12.8, -490.8, -438.4, -12.8, 0, 0, 0
L -490.8, -438.4, -12.8, -479.5, -437.8, -12.7, 0, 0, 0
L -479.5, -437.8, -12.7, -471.1, -438.1, -12.8, 0, 0, 0
L -471.1, -438.1, -12.8, -461.4, -438.7, -12.8, 0, 0, 0
L -461.4, -438.7, -12.8, -454.9, -439.3, -12.7, 0, 0, 0
L -454.9, -439.3, -12.7, -453.7, -439.9, -11.9, 0, 0, 0
L -453.7, -439.9, -11.9, -452.5, -440.3, -10.5, 0, 0, 0
L -452.5, -440.3, -10.5, -448.3, -440.1, -5.6, 0, 0, 0
L -448.3, -440.1, -5.6, -448.3, -438.4, -4.4, 0, 0, 0
L -448.3, -438.4, -4.4, -448.7, -434.3, -4.1, 0, 0, 0
L -448.7, -434.3, -4.1, -449.0, -433.0, -4.1, 0, 0, 0
L -449.0, -433.0, -4.1, -449.6, -431.4, -4.1, 0, 0, 0
L -449.6, -431.4, -4.1, -450.8, -429.9, -3.5, 0, 0, 0
L -450.8, -429.9, -3.5, -453.9, -429.9, -4.4, 0, 0, 0
L -453.9, -429.9, -4.4, -455.4, -429.4, -4.9, 0, 0, 0
L -455.4, -429.4, -4.9, -466.8, -425.5, -16.8, 0, 0, 0
L -466.8, -425.5, -16.8, -465.6, -424.3, -16.9, 0, 0, 0
L -465.6, -424.3, -16.9, -454.4, -414.0, -14.3, 0, 0, 0
L -454.4, -414.0, -14.3, -447.7, -407.9, -12.6, 0, 0, 0
L -447.7, -407.9, -12.6, -444.2, -404.9, -15.8, 0, 0, 0
L -444.2, -404.9, -15.8, -443.9, -406.5, -15.7, 0, 0, 0
L -443.9, -406.5, -15.7, -443.5, -409.3, -15.4, 0, 0, 0
L -443.5, -409.3, -15.4, -443.2, -410.6, -15.2, 0, 0, 0
L -443.2, -410.6, -15.2, -442.8, -413.6, -14.7, 0, 0, 0
L -442.8, -413.6, -14.7, -442.3, -414.9, -13.1, 0, 0, 0
L -442.3, -414.9, -13.1, -441.2, -415.8, -10.6, 0, 0, 0
L -441.2, -415.8, -10.6, -440.1, -415.8, -10.9, 0, 0, 0
L -440.1, -415.8, -10.9, -438.9, -415.6, -11.0, 0, 0, 0
L -438.9, -415.6, -11.0, -437.2, -414.6, -8.3, 0, 0, 0
L -437.2, -414.6, -8.3, -435.2, -413.1, -8.8, 0, 0, 0
L -435.2, -413.1, -8.8, -434.0, -412.6, -9.1, 0, 0, 0
L -434.0, -412.6, -9.1, -432.7, -411.8, -9.0, 0, 0, 0
L -432.7, -411.8, -9.0, -431.5, -411.0, -9.0, 0, 0, 0
L -431.5, -411.0, -9.0, -430.9, -409.2, -10.0, 0, 0, 0
L -430.9, -409.2, -10.0, -430.2, -407.9, -10.2, 0, 0, 0
L -430.2, -407.9, -10.2, -429.3, -407.2, -10.1, 0, 0, 0
L -429.3, -407.2, -10.1, -426.2, -404.9, -9.9, 0, 0, 0
L -426.2, -404.9, -9.9, -424.9, -405.5, -10.1, 0, 0, 0
L -424.9, -405.5, -10.1, -414.2, -410.6, -6.6, 0, 0, 0
L -414.2, -410.6, -6.6, -412.8, -410.8, -6.5, 0, 0, 0
L -412.8, -410.8, -6.5, -403.2, -411.4, -8.0, 0, 0, 0
L -403.2, -411.4, -8.0, -393.6, -411.8, -9.7, 0, 0, 0
L -393.6, -411.8, -9.7, -388.5, -411.6, -10.4, 0, 0, 0
L -388.5, -411.6, -10.4, -388.4, -409.6, -11.7, 0, 0, 0
L -388.4, -409.6, -11.7, -387.1, -408.3, -12.3, 0, 0, 0
L -387.1, -408.3, -12.3, -385.8, -408.8, -11.9, 0, 0, 0
L -385.8, -408.8, -11.9, -384.0, -409.1, -11.9, 0, 0, 0
L -384.0, -409.1, -11.9, -383.0, -409.1, -12.0, 0, 0, 0
L -383.0, -409.1, -12.0, -381.9, -409.4, -12.2, 0, 0, 0
L -381.9, -409.4, -12.2, -380.8, -410.0, -12.2, 0, 0, 0
L -380.8, -410.0, -12.2, -378.7, -411.2, -11.8, 0, 0, 0
L -378.7, -411.2, -11.8, -377.4, -411.4, -11.5, 0, 0, 0
L -377.4, -411.4, -11.5, -372.1, -411.9, -10.8, 0, 0, 0
L -372.1, -411.9, -10.8, -368.5, -411.5, -11.1, 0, 0, 0
L -368.5, -411.5, -11.1, -367.3, -411.1, -11.4, 0, 0, 0
L -367.3, -411.1, -11.4, -363.6, -409.8, -11.7, 0, 0, 0
L -363.6, -409.8, -11.7, -354.9, -406.2, -11.8, 0, 0, 0
L -354.9, -406.2, -11.8, -348.7, -403.5, -11.3, 0, 0, 0
L -348.7, -403.5, -11.3, -347.8, -402.8, -10.9, 0, 0, 0
L -347.8, -402.8, -10.9, -345.8, -401.2, -10.5, 0, 0, 0
L -345.8, -401.2, -10.5, -345.1, -400.2, -10.5, 0, 0, 0
L -345.1, -400.2, -10.5, -344.4, -399.2, -10.5, 0, 0, 0
L -344.4, -399.2, -10.5, -341.6, -394.3, -10.7, 0, 0, 0
L -341.6, -394.3, -10.7, -341.0, -392.4, -11.0, 0, 0, 0
L -341.0, -392.4, -11.0, -340.5, -390.7, -11.4, 0, 0, 0
L -340.5, -390.7, -11.4, -339.9, -388.2, -11.6, 0, 0, 0
L -339.9, -388.2, -11.6, -338.8, -382.7, -12.0, 0, 0, 0
L -338.8, -382.7, -12.0, -337.6, -376.2, -12.1, 0, 0, 0
L -337.6, -376.2, -12.1, -337.3, -373.8, -10.5, 0, 0, 0
L -337.3, -373.8, -10.5, -336.9, -371.1, -10.6, 0, 0, 0
L -336.9, -371.1, -10.6, -336.5, -368.7, -10.4, 0, 0, 0
L -336.5, -368.7, -10.4, -335.6, -362.3, -10.6, 0, 0, 0
L -335.6, -362.3, -10.6, -335.2, -361.3, -10.6, 0, 0, 0
L -335.2, -361.3, -10.6, -332.6, -353.7, -11.8, 0, 0, 0
L -332.6, -353.7, -11.8, -331.9, -351.6, -11.8, 0, 0, 0
L -331.9, -351.6, -11.8, -331.5, -349.2, -11.5, 0, 0, 0
L -331.5, -349.2, -11.5, -331.8, -339.9, -11.6, 0, 0, 0
L -331.8, -339.9, -11.6, -333.5, -339.9, -12.1, 0, 0, 0
L -333.5, -339.9, -12.1, -334.6, -338.5, -12.2, 0, 0, 0
L -334.6, -338.5, -12.2, -335.4, -336.8, -12.2, 0, 0, 0
L -335.4, -336.8, -12.2, -336.8, -333.7, -12.9, 0, 0, 0
L -336.8, -333.7, -12.9, -335.5, -333.2, -12.9, 0, 0, 0
L -335.5, -333.2, -12.9, -332.0, -331.8, -11.6, 0, 0, 0
L -332.0, -331.8, -11.6, -331.3, -330.7, -9.6, 0, 0, 0
L -331.3, -330.7, -9.6, -331.5, -329.7, -9.6, 0, 0, 0
L -331.5, -329.7, -9.6, -331.9, -325.9, -9.3, 0, 0, 0
L -331.9, -325.9, -9.3, -332.0, -323.4, -9.0, 0, 0, 0
L -332.0, -323.4, -9.0, -332.4, -318.2, -7.9, 0, 0, 0
L -332.4, -318.2, -7.9, -332.6, -315.6, -7.7, 0, 0, 0
L -332.6, -315.6, -7.7, -333.0, -297.6, -8.3, 0, 0, 0
L -333.0, -297.6, -8.3, -334.0, -296.4, -9.1, 0, 0, 0
L -334.0, -296.4, -9.1, -334.1, -294.9, -9.6, 0, 0, 0
L -334.1, -294.9, -9.6, -333.8, -292.0, -10.0, 0, 0, 0
L -333.8, -292.0, -10.0, -333.3, -291.1, -10.1, 0, 0, 0
L -333.3, -291.1, -10.1, -332.4, -290.0, -10.1, 0, 0, 0
L -332.4, -290.0, -10.1, -332.0, -288.8, -10.0, 0, 0, 0
L -332.0, -288.8, -10.0, -331.7, -287.5, -10.0, 0, 0, 0
L -331.7, -287.5, -10.0, -330.8, -284.0, -9.5, 0, 0, 0
L -330.8, -284.0, -9.5, -330.0, -282.4, -9.1, 0, 0, 0
L -330.0, -282.4, -9.1, -329.5, -281.3, -8.7, 0, 0, 0
L -329.5, -281.3, -8.7, -329.1, -280.1, -8.4, 0, 0, 0
L -329.1, -280.1, -8.4, -325.7, -271.1, -7.3, 0, 0, 0
L -325.7, -271.1, -7.3, -323.8, -266.1, -8.3, 0, 0, 0
L -323.8, -266.1, -8.3, -322.8, -267.3, -8.1, 0, 0, 0
L -322.8, -267.3, -8.1, -317.6, -273.2, -5.4, 0, 0, 0
L -317.6, -273.2, -5.4, -315.6, -273.4, -4.7, 0, 0, 0
L -315.6, -273.4, -4.7, -312.8, -273.8, -4.3, 0, 0, 0
L -312.8, -273.8, -4.3, -308.1, -274.6, -3.6, 0, 0, 0
L -308.1, -274.6, -3.6, -307.2, -275.8, -3.4, 0, 0, 0
L -307.2, -275.8, -3.4, -306.6, -276.7, -3.1, 0, 0, 0
L -306.6, -276.7, -3.1, -305.7, -277.2, -2.8, 0, 0, 0
L -305.7, -277.2, -2.8, -304.6, -277.6, -2.6, 0, 0, 0
L -304.6, -277.6, -2.6, -298.3, -280.2, -2.2, 0, 0, 0
L -298.3, -280.2, -2.2, -297.3, -281.1, -2.0, 0, 0, 0
L -297.3, -281.1, -2.0, -292.3, -285.4, 2.3, 0, 0, 0
L -292.3, -285.4, 2.3, -290.7, -286.4, 4.3, 0, 0, 0
L -290.7, -286.4, 4.3, -289.3, -287.0, 6.0, 0, 0, 0
L -289.3, -287.0, 6.0, -287.8, -287.3, 6.6, 0, 0, 0
L -287.8, -287.3, 6.6, -285.9, -287.6, 6.8, 0, 0, 0
L -285.9, -287.6, 6.8, -276.6, -288.1, 4.2, 0, 0, 0
L -276.6, -288.1, 4.2, -271.7, -288.3, 2.9, 0, 0, 0
L -271.7, -288.3, 2.9, -271.8, -286.4, 2.9, 0, 0, 0
L -271.8, -286.4, 2.9, -271.8, -279.7, -6.7, 0, 0, 0
L -271.8, -279.7, -6.7, -270.3, -280.8, -6.5, 0, 0, 0
L -270.3, -280.8, -6.5, -269.3, -281.5, -6.1, 0, 0, 0
L -269.3, -281.5, -6.1, -268.3, -281.4, -5.7, 0, 0, 0
L -268.3, -281.4, -5.7, -264.2, -281.0, -5.7, 0, 0, 0
L -264.2, -281.0, -5.7, -263.2, -281.3, -5.7, 0, 0, 0
L -263.2, -281.3, -5.7, -262.2, -281.7, -5.6, 0, 0, 0
L -262.2, -281.7, -5.6, -261.0, -282.3, -5.2, 0, 0, 0
L -261.0, -282.3, -5.2, -259.8, -283.0, -4.5, 0, 0, 0
L -259.8, -283.0, -4.5, -258.0, -282.8, -2.4, 0, 0, 0
L -258.0, -282.8, -2.4, -256.5, -282.0, -2.8, 0, 0, 0
L -256.5, -282.0, -2.8, -255.3, -281.4, -2.7, 0, 0, 0
L -255.3, -281.4, -2.7, -254.5, -280.8, -2.8, 0, 0, 0
L -254.5, -280.8, -2.8, -248.0, -276.6, -2.9, 0, 0, 0
L -248.0, -276.6, -2.9, -245.1, -274.4, -4.0, 0, 0, 0
L -245.1, -274.4, -4.0, -243.4, -271.9, -4.4, 0, 0, 0
L -243.4, -271.9, -4.4, -243.1, -270.8, -5.4, 0, 0, 0
L -243.1, -270.8, -5.4, -243.5, -269.7, -5.5, 0, 0, 0
L -243.5, -269.7, -5.5, -244.2, -267.9, -5.5, 0, 0, 0
L -244.2, -267.9, -5.5, -246.6, -261.4, -6.3, 0, 0, 0
L -246.6, -261.4, -6.3, -244.2, -260.9, -6.3, 0, 0, 0
L -244.2, -260.9, -6.3, -240.9, -260.5, -6.6, 0, 0, 0
L -240.9, -260.5, -6.6, -239.6, -260.4, -7.0, 0, 0, 0
L -239.6, -260.4, -7.0, -230.0, -260.9, -7.8, 0, 0, 0
L -230.0, -260.9, -7.8, -229.1, -260.3, -7.9, 0, 0, 0
L -229.1, -260.3, -7.9, -227.3, -259.1, -8.2, 0, 0, 0
L -227.3, -259.1, -8.2, -226.2, -258.8, -8.4, 0, 0, 0
L -226.2, -258.8, -8.4, -225.0, -258.7, -8.4, 0, 0, 0
L -225.0, -258.7, -8.4, -222.4, -258.9, -8.0, 0, 0, 0
L -222.4, -258.9, -8.0, -220.2, -259.1, -6.8, 0, 0, 0
L -220.2, -259.1, -6.8, -219.2, -257.6, -6.8, 0, 0, 0
L -219.2, -257.6, -6.8, -218.1, -255.4, -6.8, 0, 0, 0
L -218.1, -255.4, -6.8, -216.8, -252.4, -7.0, 0, 0, 0
L -216.8, -252.4, -7.0, -215.5, -249.2, -6.9, 0, 0, 0
L -215.5, -249.2, -6.9, -214.3, -246.2, -6.9, 0, 0, 0
L -214.3, -246.2, -6.9, -213.6, -243.2, -6.5, 0, 0, 0
L -213.6, -243.2, -6.5, -213.4, -240.6, -5.5, 0, 0, 0
L -213.4, -240.6, -5.5, -213.1, -235.6, -6.3, 0, 0, 0
L -213.1, -235.6, -6.3, -214.1, -235.7, -6.3, 0, 0, 0
L -214.1, -235.7, -6.3, -220.9, -235.0, -7.8, 0, 0, 0
L -220.9, -235.0, -7.8, -222.2, -233.8, -7.9, 0, 0, 0
L -222.2, -233.8, -7.9, -222.9, -233.1, -8.0, 0, 0, 0
L -222.9, -233.1, -8.0, -221.9, -231.1, -8.0, 0, 0, 0
L -221.9, -231.1, -8.0, -220.7, -228.7, -8.3, 0, 0, 0
L -220.7, -228.7, -8.3, -221.0, -224.7, -9.2, 0, 0, 0
L -221.0, -224.7, -9.2, -221.3, -220.8, -10.5, 0, 0, 0
L -221.3, -220.8, -10.5, -221.5, -218.8, -10.3, 0, 0, 0
L -221.5, -218.8, -10.3, -220.4, -216.3, -10.3, 0, 0, 0
L -220.4, -216.3, -10.3, -218.6, -212.2, -8.8, 0, 0, 0
L -218.6, -212.2, -8.8, -217.2, -212.9, -8.7, 0, 0, 0
L -217.2, -212.9, -8.7, -216.2, -213.4, -8.6, 0, 0, 0
L -216.2, -213.4, -8.6, -214.9, -213.8, -8.5, 0, 0, 0
L -214.9, -213.8, -8.5, -209.4, -215.2, -7.2, 0, 0, 0
L -209.4, -215.2, -7.2, -207.2, -215.8, -5.2, 0, 0, 0
L -207.2, -215.8, -5.2, -207.2, -215.1, -5.8, 0, 0, 0
L -207.2, -215.1, -5.8, -207.7, -210.3, -4.9, 0, 0, 0
L -207.7, -210.3, -4.9, -208.4, -208.7, -5.2, 0, 0, 0
L -208.4, -208.7, -5.2, -208.6, -206.1, -5.4, 0, 0, 0
L -208.6, -206.1, -5.4, -209.3, -203.9, -5.0, 0, 0, 0
L -209.3, -203.9, -5.0, -209.4, -203.5, -5.0, 0, 0, 0
L -209.4, -203.5, -5.0, -209.5, -201.4, -0.6, 0, 0, 0
L -209.5, -201.4, -0.6, -208.3, -197.9, 0.1, 0, 0, 0
L -208.3, -197.9, 0.1, -205.2, -188.6, -1.2, 0, 0, 0
L -205.2, -188.6, -1.2, -197.5, -192.7, 2.3, 0, 0, 0
L 0.9, -7.5, 0.8, -9.8, -8.1, 0.8, 0, 0, 0
L -7.3, 6.6, 0.8, 0.9, 8.0, 0.8, 0, 0, 0
L 0.9, -7.5, 0.8, 0.9, 8.0, 0.8, 199, 21, 133
L 0.9, 8.0, 0.8, 0.9, 8.0, 0.8, 0, 0, 0
L 0.9, -7.5, 0.8, 7.6, -7.5, 0.8, 0, 0, 0
L 0.9, 8.0, 0.8, 7.6, 8.0, 0.8, 0, 0, 0
