P -0.0000, -5.9689, -3.1250,  255, 0, 0,  3,  to_The_Ruined_City_of_Dranik
P 80.0000, -271.0000, 0.0000,  255, 255, 0,  2,  TRAP
P -7.0000, -755.0000, 0.0000,  255, 255, 0,  2,  TRAP
P -144.0000, -1297.0000, 0.0000,  255, 255, 0,  2,  TRAP
P 326.0000, -1336.0000, 0.0000,  255, 255, 0,  2,  TRAP
P 1122.0000, -1165.0000, 0.0000,  255, 255, 0,  2,  TRAP
P 937.0000, -1212.0000, 0.0000,  128, 64, 0,  2,  Signet_(Named)
P -134.0000, -1218.0000, -6.0000,  128, 64, 0,  2,  Ukun_Sentinel
P 697.0000, -1277.0000, -33.0000,  128, 64, 0,  2,  Dragorn_Foreman
P 937.0000, -1212.0000, 0.0000,  128, 64, 0,  2,  a_Cunning_Dragorn

