L 1000.0, 0.0, 0.0, 1000.0, -50.0, 0.0, 255, 0, 0
L -20.0, 50.0, 0.0, -50.0, 20.0, 0.0, 255, 0, 0
L 50.0, 20.0, 0.0, 20.0, 50.0, 0.0, 255, 0, 0
L 20.0, -50.0, 0.0, 50.0, -20.0, 0.0, 255, 0, 0
L -50.0, -20.0, 0.0, -20.0, -50.0, 0.0, 255, 0, 0
L -50.0, 20.0, 0.0, -50.0, -20.0, 0.0, 255, 0, 0
L 20.0, 50.0, 0.0, -20.0, 50.0, 0.0, 255, 0, 0
L 50.0, -20.0, 0.0, 50.0, 20.0, 0.0, 255, 0, 0
L -20.0, -50.0, 0.0, 20.0, -50.0, 0.0, 255, 0, 0
L 580.0, -20.0, 0.0, 540.0, -20.0, 0.0, 255, 0, 0
L 580.0, -90.0, 0.0, 580.0, -20.0, 0.0, 255, 0, 0
L 540.0, -90.0, 0.0, 580.0, -90.0, 0.0, 255, 0, 0
L 540.0, -20.0, 0.0, 540.0, -90.0, 0.0, 255, 0, 0
L 520.0, -20.0, 0.0, 480.0, -20.0, 0.0, 255, 0, 0
L 520.0, -90.0, 0.0, 520.0, -20.0, 0.0, 255, 0, 0
L 480.0, -90.0, 0.0, 520.0, -90.0, 0.0, 255, 0, 0
L 480.0, -20.0, 0.0, 480.0, -90.0, 0.0, 255, 0, 0
L 460.0, -90.0, 0.0, 450.0, -80.0, 0.0, 255, 0, 0
L 460.0, -20.0, 0.0, 460.0, -90.0, 0.0, 255, 0, 0
L 0.0, -250.0, 0.0, 0.0, 250.0, 0.0, 255, 0, 0
L -250.0, 0.0, 0.0, 1000.0, 0.0, 0.0, 255, 0, 0
L -120.0, -80.0, 0.0, -120.0, -60.0, 0.0, 255, 0, 0
L -120.0, -60.0, 0.0, -120.0, -40.0, 0.0, 255, 0, 0
L -100.0, -60.0, 0.0, -120.0, -60.0, 0.0, 255, 0, 0
L -120.0, -60.0, 0.0, -140.0, -60.0, 0.0, 255, 0, 0
L -90.0, -50.0, 0.0, -100.0, -30.0, 0.0, 255, 0, 0
L -60.0, -80.0, 0.0, -60.0, -60.0, 0.0, 255, 0, 0
L -60.0, -60.0, 0.0, -60.0, -40.0, 0.0, 255, 0, 0
L -40.0, -60.0, 0.0, -60.0, -60.0, 0.0, 255, 0, 0
L -60.0, -60.0, 0.0, -80.0, -60.0, 0.0, 255, 0, 0
L 100.0, 60.0, 0.0, 120.0, 60.0, 0.0, 255, 0, 0
L 120.0, 60.0, 0.0, 140.0, 60.0, 0.0, 255, 0, 0
L 90.0, 70.0, 0.0, 80.0, 90.0, 0.0, 255, 0, 0
L 40.0, 60.0, 0.0, 60.0, 60.0, 0.0, 255, 0, 0
L 60.0, 60.0, 0.0, 80.0, 60.0, 0.0, 255, 0, 0
L -100.0, 60.0, 0.0, -120.0, 60.0, 0.0, 255, 0, 0
L -120.0, 60.0, 0.0, -140.0, 60.0, 0.0, 255, 0, 0
L -90.0, 70.0, 0.0, -100.0, 90.0, 0.0, 255, 0, 0
L -60.0, 80.0, 0.0, -60.0, 60.0, 0.0, 255, 0, 0
L -60.0, 60.0, 0.0, -60.0, 40.0, 0.0, 255, 0, 0
L -40.0, 60.0, 0.0, -60.0, 60.0, 0.0, 255, 0, 0
L -60.0, 60.0, 0.0, -80.0, 60.0, 0.0, 255, 0, 0
L 100.0, -60.0, 0.0, 120.0, -60.0, 0.0, 255, 0, 0
L 120.0, -60.0, 0.0, 140.0, -60.0, 0.0, 255, 0, 0
L 90.0, -50.0, 0.0, 80.0, -30.0, 0.0, 255, 0, 0
L 60.0, -80.0, 0.0, 60.0, -60.0, 0.0, 255, 0, 0
L 60.0, -60.0, 0.0, 60.0, -40.0, 0.0, 255, 0, 0
L 40.0, -60.0, 0.0, 60.0, -60.0, 0.0, 255, 0, 0
L 60.0, -60.0, 0.0, 80.0, -60.0, 0.0, 255, 0, 0
L 599.0, -90.0, 0.0, 637.3, -90.0, 0.0, 255, 0, 0
L 599.0, -20.0, 0.0, 637.3, -20.0, 0.0, 255, 0, 0
L 599.0, -90.0, 0.0, 599.0, -20.0, 0.0, 255, 0, 0
L 637.3, -90.0, 0.0, 637.3, -20.0, 0.0, 255, 0, 0
L 700, 1600, 0, 700, 1660, 0, 0, 0, 0
L 740, 1660, 0, 700, 1660, 0, 0, 0, 0
L 760, 1630, 0, 790, 1630, 0, 0, 0, 0
L 760, 1660, 0, 790, 1660, 0, 0, 0, 0
L 760, 1600, 0, 760, 1660, 0, 0, 0, 0
L 790, 1600, 0, 760, 1600, 0, 0, 0, 0
L 840, 1660, 0, 810, 1660, 0, 0, 0, 0
L 810, 1600, 0, 840, 1600, 0, 0, 0, 0
L 810, 1660, 0, 810, 1600, 0, 0, 0, 0
L 840, 1660, 0, 840, 1630, 0, 0, 0, 0
L 840, 1630, 0, 820, 1630, 0, 0, 0, 0
L 860, 1630, 0, 890, 1630, 0, 0, 0, 0
L 860, 1660, 0, 890, 1660, 0, 0, 0, 0
L 860, 1600, 0, 860, 1660, 0, 0, 0, 0
L 890, 1600, 0, 860, 1600, 0, 0, 0, 0
L 940, 1660, 0, 940, 1600, 0, 0, 0, 0
L 910, 1600, 0, 940, 1660, 0, 0, 0, 0
L 910, 1660, 0, 910, 1600, 0, 0, 0, 0
L 970, 1660, 0, 970, 1600, 0, 0, 0, 0
L 980, 1660, 0, 960, 1660, 0, 0, 0, 0
L 990, 1630, 0, 980, 1660, 0, 0, 0, 0
L 980, 1600, 0, 990, 1630, 0, 0, 0, 0
L 960, 1600, 0, 980, 1600, 0, 0, 0, 0
L 700, 1770, 0, 760, 1770, 0, 0, 0, 0
L 700, 1690, 0, 760, 1690, 0, 0, 0, 0
L 730, 1743, 0, 730, 1717, 0, 205, 133, 63
L 760, 1770, 0, 820, 1770, 0, 0, 0, 0
L 760, 1770, 0, 760, 1743, 0, 205, 133, 63
L 730, 1743, 0, 790, 1743, 0, 205, 133, 63
L 730, 1717, 0, 760, 1717, 0, 205, 133, 63
L 760, 1717, 0, 790, 1717, 0, 205, 133, 63
L 760, 1690, 0, 820, 1690, 0, 0, 0, 0
L 760, 1717, 0, 760, 1690, 0, 205, 133, 63
L 790, 1743, 0, 790, 1717, 0, 205, 133, 63
L 870, 1760, 0, 870, 1700, 0, 0, 0, 0
L 880, 1760, 0, 860, 1760, 0, 0, 0, 0
L 890, 1730, 0, 880, 1760, 0, 0, 0, 0
L 880, 1700, 0, 890, 1730, 0, 0, 0, 0
L 860, 1700, 0, 880, 1700, 0, 0, 0, 0
L 910, 1700, 0, 940, 1700, 0, 0, 0, 0
L 910, 1760, 0, 940, 1760, 0, 0, 0, 0
L 910, 1700, 0, 910, 1760, 0, 0, 0, 0
L 940, 1700, 0, 940, 1760, 0, 0, 0, 0
L 960, 1700, 0, 990, 1700, 0, 0, 0, 0
L 960, 1760, 0, 990, 1760, 0, 0, 0, 0
L 960, 1700, 0, 960, 1760, 0, 0, 0, 0
L 990, 1700, 0, 990, 1760, 0, 0, 0, 0
L 1010, 1700, 0, 1010, 1730, 0, 0, 0, 0
L 1010, 1730, 0, 1010, 1760, 0, 0, 0, 0
L 1010, 1730, 0, 1030, 1730, 0, 0, 0, 0
L 1050, 1730, 0, 1050, 1700, 0, 0, 0, 0
L 1010, 1700, 0, 1050, 1700, 0, 0, 0, 0
L 1030, 1730, 0, 1050, 1730, 0, 0, 0, 0
L 1050, 1760, 0, 1030, 1730, 0, 0, 0, 0
L 700, 1810, 0, 700, 1840, 0, 255, 210, 0
L 700, 1810, 0, 720, 1810, 0, 255, 210, 0
L 720, 1870, 0, 700, 1870, 0, 255, 210, 0
L 700, 1840, 0, 700, 1870, 0, 255, 210, 0
L 720, 1840, 0, 700, 1840, 0, 255, 210, 0
L 720, 1840, 0, 740, 1825, 0, 255, 210, 0
L 720, 1810, 0, 740, 1825, 0, 255, 210, 0
L 720, 1840, 0, 740, 1855, 0, 255, 210, 0
L 740, 1855, 0, 720, 1870, 0, 255, 210, 0
L 770, 1840, 0, 790, 1840, 0, 255, 210, 0
L 780, 1810, 0, 800, 1870, 0, 255, 210, 0
L 760, 1870, 0, 780, 1810, 0, 255, 210, 0
L 850, 1870, 0, 850, 1810, 0, 255, 210, 0
L 820, 1810, 0, 850, 1870, 0, 255, 210, 0
L 820, 1870, 0, 820, 1810, 0, 255, 210, 0
L 870, 1810, 0, 870, 1840, 0, 255, 210, 0
L 870, 1840, 0, 870, 1870, 0, 255, 210, 0
L 870, 1840, 0, 910, 1870, 0, 255, 210, 0
L 870, 1840, 0, 910, 1810, 0, 255, 210, 0
L 930, 1840, 0, 960, 1840, 0, 255, 210, 0
L 930, 1870, 0, 960, 1870, 0, 255, 210, 0
L 930, 1810, 0, 930, 1870, 0, 255, 210, 0
L 960, 1810, 0, 930, 1810, 0, 255, 210, 0
L 980, 1810, 0, 980, 1840, 0, 255, 210, 0
L 980, 1840, 0, 980, 1870, 0, 255, 210, 0
L 980, 1840, 0, 1000, 1840, 0, 255, 210, 0
L 1020, 1840, 0, 1020, 1810, 0, 255, 210, 0
L 980, 1810, 0, 1020, 1810, 0, 255, 210, 0
L 1000, 1840, 0, 1020, 1840, 0, 255, 210, 0
L 1020, 1870, 0, 1000, 1840, 0, 255, 210, 0
L 730, 1960, 0, 700, 1960, 0, 255, 255, 255
L 700, 1900, 0, 730, 1900, 0, 255, 255, 255
L 700, 1960, 0, 700, 1900, 0, 255, 255, 255
L 750, 1900, 0, 780, 1900, 0, 255, 255, 255
L 750, 1960, 0, 780, 1960, 0, 255, 255, 255
L 750, 1900, 0, 750, 1960, 0, 255, 255, 255
L 780, 1900, 0, 780, 1960, 0, 255, 255, 255
L 840, 1900, 0, 840, 1960, 0, 255, 255, 255
L 820, 1930, 0, 840, 1900, 0, 255, 255, 255
L 800, 1900, 0, 820, 1930, 0, 255, 255, 255
L 800, 1960, 0, 800, 1900, 0, 255, 255, 255
L 900, 1900, 0, 900, 1960, 0, 255, 255, 255
L 880, 1930, 0, 900, 1900, 0, 255, 255, 255
L 860, 1900, 0, 880, 1930, 0, 255, 255, 255
L 860, 1960, 0, 860, 1900, 0, 255, 255, 255
L 920, 1930, 0, 950, 1930, 0, 255, 255, 255
L 920, 1960, 0, 950, 1960, 0, 255, 255, 255
L 920, 1900, 0, 920, 1960, 0, 255, 255, 255
L 950, 1900, 0, 920, 1900, 0, 255, 255, 255
L 1000, 1960, 0, 1000, 1900, 0, 255, 255, 255
L 970, 1900, 0, 1000, 1960, 0, 255, 255, 255
L 970, 1960, 0, 970, 1900, 0, 255, 255, 255
L 1040, 1900, 0, 1040, 1960, 0, 255, 255, 255
L 1020, 1900, 0, 1060, 1900, 0, 255, 255, 255
L 730, 2050, 0, 700, 2050, 0, 0, 0, 0
L 700, 1990, 0, 730, 1990, 0, 0, 0, 0
L 700, 2050, 0, 700, 1990, 0, 0, 0, 0
L 730, 2050, 0, 730, 2020, 0, 0, 0, 0
L 730, 2020, 0, 710, 2020, 0, 0, 0, 0
L 750, 2020, 0, 780, 2020, 0, 0, 0, 0
L 750, 2050, 0, 780, 2050, 0, 0, 0, 0
L 750, 1990, 0, 750, 2050, 0, 0, 0, 0
L 780, 1990, 0, 750, 1990, 0, 0, 0, 0
L 830, 2050, 0, 830, 1990, 0, 0, 0, 0
L 800, 1990, 0, 830, 2050, 0, 0, 0, 0
L 800, 2050, 0, 800, 1990, 0, 0, 0, 0
L 850, 2020, 0, 880, 2020, 0, 0, 0, 0
L 850, 2050, 0, 880, 2050, 0, 0, 0, 0
L 850, 1990, 0, 850, 2050, 0, 0, 0, 0
L 880, 1990, 0, 850, 1990, 0, 0, 0, 0
L 900, 1990, 0, 900, 2020, 0, 0, 0, 0
L 900, 2020, 0, 900, 2050, 0, 0, 0, 0
L 900, 2020, 0, 920, 2020, 0, 0, 0, 0
L 940, 2020, 0, 940, 1990, 0, 0, 0, 0
L 900, 1990, 0, 940, 1990, 0, 0, 0, 0
L 920, 2020, 0, 940, 2020, 0, 0, 0, 0
L 940, 2050, 0, 920, 2020, 0, 0, 0, 0
L 970, 2020, 0, 990, 2020, 0, 0, 0, 0
L 980, 1990, 0, 1000, 2050, 0, 0, 0, 0
L 960, 2050, 0, 980, 1990, 0, 0, 0, 0
L 1020, 1990, 0, 1020, 2050, 0, 0, 0, 0
L 1060, 2050, 0, 1020, 2050, 0, 0, 0, 0
L 730, 2140, 0, 700, 2140, 0, 0, 0, 255
L 700, 2080, 0, 730, 2080, 0, 0, 0, 255
L 700, 2140, 0, 700, 2080, 0, 0, 0, 255
L 730, 2140, 0, 730, 2110, 0, 0, 0, 255
L 730, 2110, 0, 710, 2110, 0, 0, 0, 255
L 750, 2080, 0, 750, 2110, 0, 0, 0, 255
L 750, 2110, 0, 750, 2140, 0, 0, 0, 255
L 750, 2110, 0, 770, 2110, 0, 0, 0, 255
L 790, 2110, 0, 790, 2080, 0, 0, 0, 255
L 750, 2080, 0, 790, 2080, 0, 0, 0, 255
L 770, 2110, 0, 790, 2110, 0, 0, 0, 255
L 790, 2140, 0, 770, 2110, 0, 0, 0, 255
L 810, 2080, 0, 840, 2080, 0, 0, 0, 255
L 810, 2140, 0, 840, 2140, 0, 0, 0, 255
L 810, 2080, 0, 810, 2140, 0, 0, 0, 255
L 840, 2080, 0, 840, 2140, 0, 0, 0, 255
L 900, 2080, 0, 900, 2140, 0, 0, 0, 255
L 860, 2080, 0, 860, 2140, 0, 0, 0, 255
L 860, 2140, 0, 900, 2140, 0, 0, 0, 255
L 950, 2140, 0, 950, 2080, 0, 0, 0, 255
L 920, 2080, 0, 950, 2140, 0, 0, 0, 255
L 920, 2140, 0, 920, 2080, 0, 0, 0, 255
L 980, 2140, 0, 980, 2080, 0, 0, 0, 255
L 990, 2140, 0, 970, 2140, 0, 0, 0, 255
L 1000, 2110, 0, 990, 2140, 0, 0, 0, 255
L 990, 2080, 0, 1000, 2110, 0, 0, 0, 255
L 970, 2080, 0, 990, 2080, 0, 0, 0, 255
L 1080, 2080, 0, 1080, 2110, 0, 0, 0, 255
L 1080, 2140, 0, 1120, 2140, 0, 0, 0, 255
L 1120, 2110, 0, 1080, 2110, 0, 0, 0, 255
L 1080, 2080, 0, 1120, 2080, 0, 0, 0, 255
L 1120, 2110, 0, 1120, 2140, 0, 0, 0, 255
L 1170, 2110, 0, 1140, 2110, 0, 0, 0, 255
L 1170, 2080, 0, 1170, 2110, 0, 0, 0, 255
L 1140, 2080, 0, 1170, 2080, 0, 0, 0, 255
L 1140, 2140, 0, 1140, 2080, 0, 0, 0, 255
L 1200, 2110, 0, 1220, 2110, 0, 0, 0, 255
L 1210, 2080, 0, 1230, 2140, 0, 0, 0, 255
L 1190, 2140, 0, 1210, 2080, 0, 0, 0, 255
L 1280, 2140, 0, 1290, 2080, 0, 0, 0, 255
L 1270, 2110, 0, 1280, 2140, 0, 0, 0, 255
L 1260, 2140, 0, 1270, 2110, 0, 0, 0, 255
L 1250, 2080, 0, 1260, 2140, 0, 0, 0, 255
L 1340, 2140, 0, 1340, 2080, 0, 0, 0, 255
L 1310, 2080, 0, 1340, 2140, 0, 0, 0, 255
L 1310, 2140, 0, 1310, 2080, 0, 0, 0, 255
L 730, 2230, 0, 700, 2230, 0, 128, 128, 128
L 700, 2170, 0, 730, 2170, 0, 128, 128, 128
L 700, 2230, 0, 700, 2170, 0, 128, 128, 128
L 730, 2230, 0, 730, 2200, 0, 128, 128, 128
L 730, 2200, 0, 710, 2200, 0, 128, 128, 128
L 790, 2170, 0, 790, 2230, 0, 128, 128, 128
L 750, 2170, 0, 750, 2230, 0, 128, 128, 128
L 750, 2230, 0, 790, 2230, 0, 128, 128, 128
L 810, 2170, 0, 810, 2230, 0, 128, 128, 128
L 830, 2170, 0, 830, 2230, 0, 128, 128, 128
L 870, 2230, 0, 830, 2230, 0, 128, 128, 128
L 900, 2230, 0, 900, 2170, 0, 128, 128, 128
L 910, 2230, 0, 890, 2230, 0, 128, 128, 128
L 920, 2200, 0, 910, 2230, 0, 128, 128, 128
L 910, 2170, 0, 920, 2200, 0, 128, 128, 128
L 890, 2170, 0, 910, 2170, 0, 128, 128, 128
L 1040, 2170, 0, 1040, 2230, 0, 128, 128, 128
L 1020, 2200, 0, 1040, 2170, 0, 128, 128, 128
L 1000, 2170, 0, 1020, 2200, 0, 128, 128, 128
L 1000, 2230, 0, 1000, 2170, 0, 128, 128, 128
L 1070, 2200, 0, 1090, 2200, 0, 128, 128, 128
L 1080, 2170, 0, 1100, 2230, 0, 128, 128, 128
L 1060, 2230, 0, 1080, 2170, 0, 128, 128, 128
L 1120, 2170, 0, 1120, 2200, 0, 128, 128, 128
L 1120, 2230, 0, 1160, 2230, 0, 128, 128, 128
L 1160, 2200, 0, 1120, 2200, 0, 128, 128, 128
L 1120, 2170, 0, 1160, 2170, 0, 128, 128, 128
L 1160, 2200, 0, 1160, 2230, 0, 128, 128, 128
L 1200, 2170, 0, 1200, 2230, 0, 128, 128, 128
L 1180, 2170, 0, 1220, 2170, 0, 128, 128, 128
L 1240, 2200, 0, 1270, 2200, 0, 128, 128, 128
L 1240, 2230, 0, 1270, 2230, 0, 128, 128, 128
L 1240, 2170, 0, 1240, 2230, 0, 128, 128, 128
L 1270, 2170, 0, 1240, 2170, 0, 128, 128, 128
L 1290, 2170, 0, 1290, 2200, 0, 128, 128, 128
L 1290, 2200, 0, 1290, 2230, 0, 128, 128, 128
L 1290, 2200, 0, 1310, 2200, 0, 128, 128, 128
L 1330, 2200, 0, 1330, 2170, 0, 128, 128, 128
L 1290, 2170, 0, 1330, 2170, 0, 128, 128, 128
L 1310, 2200, 0, 1330, 2200, 0, 128, 128, 128
L 1330, 2230, 0, 1310, 2200, 0, 128, 128, 128
L 700, 2260, 0, 700, 2290, 0, 127, 64, 0
L 740, 2320, 0, 740, 2290, 0, 127, 64, 0
L 700, 2290, 0, 700, 2320, 0, 127, 64, 0
L 740, 2290, 0, 740, 2260, 0, 127, 64, 0
L 700, 2290, 0, 740, 2290, 0, 127, 64, 0
L 800, 2260, 0, 800, 2320, 0, 127, 64, 0
L 760, 2260, 0, 760, 2320, 0, 127, 64, 0
L 760, 2320, 0, 800, 2320, 0, 127, 64, 0
L 850, 2320, 0, 850, 2260, 0, 127, 64, 0
L 820, 2260, 0, 850, 2320, 0, 127, 64, 0
L 820, 2320, 0, 820, 2260, 0, 127, 64, 0
L 890, 2260, 0, 890, 2320, 0, 127, 64, 0
L 870, 2260, 0, 910, 2260, 0, 127, 64, 0
L 930, 2290, 0, 960, 2290, 0, 127, 64, 0
L 930, 2320, 0, 960, 2320, 0, 127, 64, 0
L 930, 2260, 0, 930, 2320, 0, 127, 64, 0
L 960, 2260, 0, 930, 2260, 0, 127, 64, 0
L 980, 2260, 0, 980, 2290, 0, 127, 64, 0
L 980, 2290, 0, 980, 2320, 0, 127, 64, 0
L 980, 2290, 0, 1000, 2290, 0, 127, 64, 0
L 1020, 2290, 0, 1020, 2260, 0, 127, 64, 0
L 980, 2260, 0, 1020, 2260, 0, 127, 64, 0
L 1000, 2290, 0, 1020, 2290, 0, 127, 64, 0
L 1020, 2320, 0, 1000, 2290, 0, 127, 64, 0
L 740, 2350, 0, 740, 2410, 0, 0, 127, 0
L 720, 2380, 0, 740, 2350, 0, 0, 127, 0
L 700, 2350, 0, 720, 2380, 0, 0, 127, 0
L 700, 2410, 0, 700, 2350, 0, 0, 127, 0
L 760, 2380, 0, 790, 2380, 0, 0, 127, 0
L 760, 2410, 0, 790, 2410, 0, 0, 127, 0
L 760, 2350, 0, 760, 2410, 0, 0, 127, 0
L 790, 2350, 0, 760, 2350, 0, 0, 127, 0
L 810, 2350, 0, 810, 2380, 0, 0, 127, 0
L 810, 2380, 0, 810, 2410, 0, 0, 127, 0
L 810, 2380, 0, 830, 2380, 0, 0, 127, 0
L 850, 2380, 0, 850, 2350, 0, 0, 127, 0
L 810, 2350, 0, 850, 2350, 0, 0, 127, 0
L 830, 2380, 0, 850, 2380, 0, 0, 127, 0
L 850, 2410, 0, 830, 2380, 0, 0, 127, 0
L 900, 2410, 0, 870, 2410, 0, 0, 127, 0
L 870, 2350, 0, 900, 2350, 0, 0, 127, 0
L 870, 2410, 0, 870, 2350, 0, 0, 127, 0
L 920, 2350, 0, 920, 2380, 0, 0, 127, 0
L 960, 2410, 0, 960, 2380, 0, 0, 127, 0
L 920, 2380, 0, 920, 2410, 0, 0, 127, 0
L 960, 2380, 0, 960, 2350, 0, 0, 127, 0
L 920, 2380, 0, 960, 2380, 0, 0, 127, 0
L 990, 2380, 0, 1010, 2380, 0, 0, 127, 0
L 1000, 2350, 0, 1020, 2410, 0, 0, 127, 0
L 980, 2410, 0, 1000, 2350, 0, 0, 127, 0
L 1070, 2410, 0, 1070, 2350, 0, 0, 127, 0
L 1040, 2350, 0, 1070, 2410, 0, 0, 127, 0
L 1040, 2410, 0, 1040, 2350, 0, 0, 127, 0
L 1110, 2350, 0, 1110, 2410, 0, 0, 127, 0
L 1090, 2350, 0, 1130, 2350, 0, 0, 127, 0
L 740, 2440, 0, 740, 2500, 0, 0, 127, 127
L 720, 2470, 0, 740, 2440, 0, 0, 127, 127
L 700, 2440, 0, 720, 2470, 0, 0, 127, 127
L 700, 2500, 0, 700, 2440, 0, 0, 127, 127
L 760, 2440, 0, 760, 2500, 0, 0, 127, 127
L 780, 2440, 0, 780, 2470, 0, 0, 127, 127
L 780, 2500, 0, 820, 2500, 0, 0, 127, 127
L 820, 2470, 0, 780, 2470, 0, 0, 127, 127
L 780, 2440, 0, 820, 2440, 0, 0, 127, 127
L 820, 2470, 0, 820, 2500, 0, 0, 127, 127
L 840, 2440, 0, 840, 2470, 0, 0, 127, 127
L 840, 2500, 0, 880, 2500, 0, 0, 127, 127
L 880, 2470, 0, 840, 2470, 0, 0, 127, 127
L 840, 2440, 0, 880, 2440, 0, 0, 127, 127
L 880, 2470, 0, 880, 2500, 0, 0, 127, 127
L 900, 2440, 0, 900, 2500, 0, 0, 127, 127
L 920, 2440, 0, 950, 2440, 0, 0, 127, 127
L 920, 2500, 0, 950, 2500, 0, 0, 127, 127
L 920, 2440, 0, 920, 2500, 0, 0, 127, 127
L 950, 2440, 0, 950, 2500, 0, 0, 127, 127
L 1000, 2500, 0, 1000, 2440, 0, 0, 127, 127
L 970, 2440, 0, 1000, 2500, 0, 0, 127, 127
L 970, 2500, 0, 970, 2440, 0, 0, 127, 127
L 730, 2590, 0, 730, 2530, 0, 127, 64, 0
L 700, 2530, 0, 730, 2590, 0, 127, 64, 0
L 700, 2590, 0, 700, 2530, 0, 127, 64, 0
L 760, 2560, 0, 780, 2560, 0, 127, 64, 0
L 770, 2530, 0, 790, 2590, 0, 127, 64, 0
L 750, 2590, 0, 770, 2530, 0, 127, 64, 0
L 850, 2530, 0, 850, 2590, 0, 127, 64, 0
L 830, 2560, 0, 850, 2530, 0, 127, 64, 0
L 810, 2530, 0, 830, 2560, 0, 127, 64, 0
L 810, 2590, 0, 810, 2530, 0, 127, 64, 0
L 870, 2560, 0, 900, 2560, 0, 127, 64, 0
L 870, 2590, 0, 900, 2590, 0, 127, 64, 0
L 870, 2530, 0, 870, 2590, 0, 127, 64, 0
L 900, 2530, 0, 870, 2530, 0, 127, 64, 0
L 930, 2590, 0, 930, 2530, 0, 127, 64, 0
L 940, 2590, 0, 920, 2590, 0, 127, 64, 0
L 950, 2560, 0, 940, 2590, 0, 127, 64, 0
L 940, 2530, 0, 950, 2560, 0, 127, 64, 0
L 920, 2530, 0, 940, 2530, 0, 127, 64, 0
L 730, 2650, 0, 700, 2650, 0, 0, 255, 0
L 730, 2620, 0, 730, 2650, 0, 0, 255, 0
L 700, 2620, 0, 730, 2620, 0, 0, 255, 0
L 700, 2680, 0, 700, 2620, 0, 0, 255, 0
L 760, 2650, 0, 780, 2650, 0, 0, 255, 0
L 770, 2620, 0, 790, 2680, 0, 0, 255, 0
L 750, 2680, 0, 770, 2620, 0, 0, 255, 0
L 810, 2620, 0, 810, 2650, 0, 0, 255, 0
L 810, 2650, 0, 810, 2680, 0, 0, 255, 0
L 810, 2650, 0, 830, 2650, 0, 0, 255, 0
L 850, 2650, 0, 850, 2620, 0, 0, 255, 0
L 810, 2620, 0, 850, 2620, 0, 0, 255, 0
L 830, 2650, 0, 850, 2650, 0, 0, 255, 0
L 850, 2680, 0, 830, 2650, 0, 0, 255, 0
L 900, 2680, 0, 870, 2680, 0, 0, 255, 0
L 870, 2620, 0, 900, 2620, 0, 0, 255, 0
L 870, 2680, 0, 870, 2620, 0, 0, 255, 0
L 920, 2650, 0, 950, 2650, 0, 0, 255, 0
L 920, 2680, 0, 950, 2680, 0, 0, 255, 0
L 920, 2620, 0, 920, 2680, 0, 0, 255, 0
L 950, 2620, 0, 920, 2620, 0, 0, 255, 0
L 970, 2620, 0, 970, 2680, 0, 0, 255, 0
L 1010, 2680, 0, 970, 2680, 0, 0, 255, 0
L 1030, 2620, 0, 1030, 2650, 0, 0, 255, 0
L 1030, 2680, 0, 1070, 2680, 0, 0, 255, 0
L 1070, 2650, 0, 1030, 2650, 0, 0, 255, 0
L 1030, 2620, 0, 1070, 2620, 0, 0, 255, 0
L 1070, 2650, 0, 1070, 2680, 0, 0, 255, 0
L 700, 2710, 0, 700, 2740, 0, 0, 240, 240
L 700, 2740, 0, 700, 2770, 0, 0, 240, 240
L 700, 2740, 0, 720, 2740, 0, 0, 240, 240
L 740, 2740, 0, 740, 2710, 0, 0, 240, 240
L 700, 2710, 0, 740, 2710, 0, 0, 240, 240
L 720, 2740, 0, 740, 2740, 0, 0, 240, 240
L 740, 2770, 0, 720, 2740, 0, 0, 240, 240
L 770, 2740, 0, 790, 2740, 0, 0, 240, 240
L 780, 2710, 0, 800, 2770, 0, 0, 240, 240
L 760, 2770, 0, 780, 2710, 0, 0, 240, 240
L 820, 2710, 0, 820, 2770, 0, 0, 240, 240
L 850, 2770, 0, 850, 2710, 0, 0, 240, 240
L 860, 2770, 0, 840, 2770, 0, 0, 240, 240
L 870, 2740, 0, 860, 2770, 0, 0, 240, 240
L 860, 2710, 0, 870, 2740, 0, 0, 240, 240
L 840, 2710, 0, 860, 2710, 0, 0, 240, 240
L 700, 2800, 0, 700, 2830, 0, 0, 255, 0
L 700, 2860, 0, 740, 2860, 0, 0, 255, 0
L 740, 2830, 0, 700, 2830, 0, 0, 255, 0
L 700, 2800, 0, 740, 2800, 0, 0, 255, 0
L 740, 2830, 0, 740, 2860, 0, 0, 255, 0
L 790, 2830, 0, 760, 2830, 0, 0, 255, 0
L 790, 2800, 0, 790, 2830, 0, 0, 255, 0
L 760, 2800, 0, 790, 2800, 0, 0, 255, 0
L 760, 2860, 0, 760, 2800, 0, 0, 255, 0
L 810, 2830, 0, 840, 2830, 0, 0, 255, 0
L 810, 2860, 0, 840, 2860, 0, 0, 255, 0
L 810, 2800, 0, 810, 2860, 0, 0, 255, 0
L 840, 2800, 0, 810, 2800, 0, 0, 255, 0
L 890, 2860, 0, 860, 2860, 0, 0, 255, 0
L 860, 2800, 0, 890, 2800, 0, 0, 255, 0
L 860, 2860, 0, 860, 2800, 0, 0, 255, 0
L 910, 2800, 0, 910, 2860, 0, 0, 255, 0
L 940, 2830, 0, 960, 2830, 0, 0, 255, 0
L 950, 2800, 0, 970, 2860, 0, 0, 255, 0
L 930, 2860, 0, 950, 2800, 0, 0, 255, 0
L 990, 2800, 0, 990, 2860, 0, 0, 255, 0
L 1030, 2860, 0, 990, 2860, 0, 0, 255, 0
L 1140, 2860, 0, 1110, 2860, 0, 0, 255, 0
L 1110, 2800, 0, 1140, 2800, 0, 0, 255, 0
L 1110, 2860, 0, 1110, 2800, 0, 0, 255, 0
L 1200, 2800, 0, 1200, 2860, 0, 0, 255, 0
L 1160, 2800, 0, 1160, 2860, 0, 0, 255, 0
L 1160, 2860, 0, 1200, 2860, 0, 0, 255, 0
L 1220, 2800, 0, 1220, 2830, 0, 0, 255, 0
L 1220, 2830, 0, 1220, 2860, 0, 0, 255, 0
L 1220, 2830, 0, 1240, 2830, 0, 0, 255, 0
L 1260, 2830, 0, 1260, 2800, 0, 0, 255, 0
L 1220, 2800, 0, 1260, 2800, 0, 0, 255, 0
L 1240, 2830, 0, 1260, 2830, 0, 0, 255, 0
L 1260, 2860, 0, 1240, 2830, 0, 0, 255, 0
L 1280, 2800, 0, 1280, 2830, 0, 0, 255, 0
L 1280, 2830, 0, 1280, 2860, 0, 0, 255, 0
L 1280, 2830, 0, 1300, 2830, 0, 0, 255, 0
L 1320, 2830, 0, 1320, 2800, 0, 0, 255, 0
L 1280, 2800, 0, 1320, 2800, 0, 0, 255, 0
L 1300, 2830, 0, 1320, 2830, 0, 0, 255, 0
L 1320, 2860, 0, 1300, 2830, 0, 0, 255, 0
L 1340, 2830, 0, 1370, 2830, 0, 0, 255, 0
L 1340, 2860, 0, 1370, 2860, 0, 0, 255, 0
L 1340, 2800, 0, 1340, 2860, 0, 0, 255, 0
L 1370, 2800, 0, 1340, 2800, 0, 0, 255, 0
L 1420, 2860, 0, 1420, 2800, 0, 0, 255, 0
L 1390, 2800, 0, 1420, 2860, 0, 0, 255, 0
L 1390, 2860, 0, 1390, 2800, 0, 0, 255, 0
L 1470, 2860, 0, 1440, 2860, 0, 0, 255, 0
L 1440, 2800, 0, 1470, 2800, 0, 0, 255, 0
L 1440, 2860, 0, 1440, 2800, 0, 0, 255, 0
L 1510, 2830, 0, 1510, 2860, 0, 0, 255, 0
L 1510, 2830, 0, 1530, 2800, 0, 0, 255, 0
L 1490, 2800, 0, 1510, 2830, 0, 0, 255, 0
L 700, 2890, 0, 700, 2920, 0, 255, 0, 0
L 700, 2950, 0, 740, 2950, 0, 255, 0, 0
L 740, 2920, 0, 700, 2920, 0, 255, 0, 0
L 700, 2890, 0, 740, 2890, 0, 255, 0, 0
L 740, 2920, 0, 740, 2950, 0, 255, 0, 0
L 800, 2890, 0, 800, 2950, 0, 255, 0, 0
L 760, 2890, 0, 760, 2950, 0, 255, 0, 0
L 760, 2950, 0, 800, 2950, 0, 255, 0, 0
L 850, 2950, 0, 820, 2950, 0, 255, 0, 0
L 820, 2890, 0, 850, 2890, 0, 255, 0, 0
L 820, 2950, 0, 820, 2890, 0, 255, 0, 0
L 900, 2950, 0, 870, 2950, 0, 255, 0, 0
L 870, 2890, 0, 900, 2890, 0, 255, 0, 0
L 870, 2950, 0, 870, 2890, 0, 255, 0, 0
L 920, 2890, 0, 950, 2890, 0, 255, 0, 0
L 920, 2950, 0, 950, 2950, 0, 255, 0, 0
L 920, 2890, 0, 920, 2950, 0, 255, 0, 0
L 950, 2890, 0, 950, 2950, 0, 255, 0, 0
L 970, 2890, 0, 970, 2920, 0, 255, 0, 0
L 970, 2920, 0, 970, 2950, 0, 255, 0, 0
L 970, 2920, 0, 990, 2920, 0, 255, 0, 0
L 1010, 2920, 0, 1010, 2890, 0, 255, 0, 0
L 970, 2890, 0, 1010, 2890, 0, 255, 0, 0
L 990, 2920, 0, 1010, 2920, 0, 255, 0, 0
L 1010, 2950, 0, 990, 2920, 0, 255, 0, 0
L 720, 2980, 0, 720, 3040, 0, 255, 255, 0
L 700, 2980, 0, 740, 2980, 0, 255, 255, 0
L 760, 3010, 0, 790, 3010, 0, 255, 255, 0
L 760, 3040, 0, 790, 3040, 0, 255, 255, 0
L 760, 2980, 0, 760, 3040, 0, 255, 255, 0
L 790, 2980, 0, 760, 2980, 0, 255, 255, 0
L 810, 2980, 0, 810, 3040, 0, 255, 255, 0
L 850, 3040, 0, 810, 3040, 0, 255, 255, 0
L 870, 3010, 0, 900, 3010, 0, 255, 255, 0
L 870, 3040, 0, 900, 3040, 0, 255, 255, 0
L 870, 2980, 0, 870, 3040, 0, 255, 255, 0
L 900, 2980, 0, 870, 2980, 0, 255, 255, 0
L 950, 3010, 0, 920, 3010, 0, 255, 255, 0
L 950, 2980, 0, 950, 3010, 0, 255, 255, 0
L 920, 2980, 0, 950, 2980, 0, 255, 255, 0
L 920, 3040, 0, 920, 2980, 0, 255, 255, 0
L 970, 2980, 0, 1000, 2980, 0, 255, 255, 0
L 970, 3040, 0, 1000, 3040, 0, 255, 255, 0
L 970, 2980, 0, 970, 3040, 0, 255, 255, 0
L 1000, 2980, 0, 1000, 3040, 0, 255, 255, 0
L 1020, 2980, 0, 1020, 3010, 0, 255, 255, 0
L 1020, 3010, 0, 1020, 3040, 0, 255, 255, 0
L 1020, 3010, 0, 1040, 3010, 0, 255, 255, 0
L 1060, 3010, 0, 1060, 2980, 0, 255, 255, 0
L 1020, 2980, 0, 1060, 2980, 0, 255, 255, 0
L 1040, 3010, 0, 1060, 3010, 0, 255, 255, 0
L 1060, 3040, 0, 1040, 3010, 0, 255, 255, 0
L 1100, 2980, 0, 1100, 3040, 0, 255, 255, 0
L 1080, 2980, 0, 1120, 2980, 0, 255, 255, 0
L 720, 3070, 0, 720, 3130, 0, 128, 0, 128
L 700, 3070, 0, 740, 3070, 0, 128, 0, 128
L 760, 3070, 0, 760, 3100, 0, 128, 0, 128
L 760, 3100, 0, 760, 3130, 0, 128, 0, 128
L 760, 3100, 0, 780, 3100, 0, 128, 0, 128
L 800, 3100, 0, 800, 3070, 0, 128, 0, 128
L 760, 3070, 0, 800, 3070, 0, 128, 0, 128
L 780, 3100, 0, 800, 3100, 0, 128, 0, 128
L 800, 3130, 0, 780, 3100, 0, 128, 0, 128
L 830, 3100, 0, 850, 3100, 0, 128, 0, 128
L 840, 3070, 0, 860, 3130, 0, 128, 0, 128
L 820, 3130, 0, 840, 3070, 0, 128, 0, 128
L 890, 3130, 0, 890, 3070, 0, 128, 0, 128
L 900, 3130, 0, 880, 3130, 0, 128, 0, 128
L 910, 3100, 0, 900, 3130, 0, 128, 0, 128
L 900, 3070, 0, 910, 3100, 0, 128, 0, 128
L 880, 3070, 0, 900, 3070, 0, 128, 0, 128
L 930, 3100, 0, 960, 3100, 0, 128, 0, 128
L 930, 3130, 0, 960, 3130, 0, 128, 0, 128
L 930, 3070, 0, 930, 3130, 0, 128, 0, 128
L 960, 3070, 0, 930, 3070, 0, 128, 0, 128
L 980, 3070, 0, 980, 3100, 0, 128, 0, 128
L 980, 3130, 0, 1020, 3130, 0, 128, 0, 128
L 1020, 3100, 0, 980, 3100, 0, 128, 0, 128
L 980, 3070, 0, 1020, 3070, 0, 128, 0, 128
L 1020, 3100, 0, 1020, 3130, 0, 128, 0, 128
L 1040, 3070, 0, 1040, 3100, 0, 128, 0, 128
L 1040, 3100, 0, 1040, 3130, 0, 128, 0, 128
L 1040, 3100, 0, 1080, 3130, 0, 128, 0, 128
L 1040, 3100, 0, 1080, 3070, 0, 128, 0, 128
L 1100, 3070, 0, 1100, 3130, 0, 128, 0, 128
L 1120, 3070, 0, 1120, 3130, 0, 128, 0, 128
L 1160, 3130, 0, 1120, 3130, 0, 128, 0, 128
L 1180, 3070, 0, 1180, 3130, 0, 128, 0, 128
L 1220, 3130, 0, 1180, 3130, 0, 128, 0, 128
L 1330, 3130, 0, 1300, 3130, 0, 128, 0, 128
L 1300, 3070, 0, 1330, 3070, 0, 128, 0, 128
L 1300, 3130, 0, 1300, 3070, 0, 128, 0, 128
L 1350, 3070, 0, 1380, 3070, 0, 128, 0, 128
L 1350, 3130, 0, 1380, 3130, 0, 128, 0, 128
L 1350, 3070, 0, 1350, 3130, 0, 128, 0, 128
L 1380, 3070, 0, 1380, 3130, 0, 128, 0, 128
L 1430, 3130, 0, 1430, 3070, 0, 128, 0, 128
L 1400, 3070, 0, 1430, 3130, 0, 128, 0, 128
L 1400, 3130, 0, 1400, 3070, 0, 128, 0, 128
L 1470, 3070, 0, 1470, 3130, 0, 128, 0, 128
L 1450, 3070, 0, 1490, 3070, 0, 128, 0, 128
L 1520, 3100, 0, 1540, 3100, 0, 128, 0, 128
L 1530, 3070, 0, 1550, 3130, 0, 128, 0, 128
L 1510, 3130, 0, 1530, 3070, 0, 128, 0, 128
L 1570, 3070, 0, 1570, 3130, 0, 128, 0, 128
L 1620, 3130, 0, 1620, 3070, 0, 128, 0, 128
L 1590, 3070, 0, 1620, 3130, 0, 128, 0, 128
L 1590, 3130, 0, 1590, 3070, 0, 128, 0, 128
L 1640, 3100, 0, 1670, 3100, 0, 128, 0, 128
L 1640, 3130, 0, 1670, 3130, 0, 128, 0, 128
L 1640, 3070, 0, 1640, 3130, 0, 128, 0, 128
L 1670, 3070, 0, 1640, 3070, 0, 128, 0, 128
L 1690, 3070, 0, 1690, 3100, 0, 128, 0, 128
L 1690, 3100, 0, 1690, 3130, 0, 128, 0, 128
L 1690, 3100, 0, 1710, 3100, 0, 128, 0, 128
L 1730, 3100, 0, 1730, 3070, 0, 128, 0, 128
L 1690, 3070, 0, 1730, 3070, 0, 128, 0, 128
L 1710, 3100, 0, 1730, 3100, 0, 128, 0, 128
L 1730, 3130, 0, 1710, 3100, 0, 128, 0, 128
L 720, 3160, 0, 720, 3220, 0, 255, 255, 0
L 700, 3160, 0, 740, 3160, 0, 255, 255, 0
L 760, 3160, 0, 760, 3190, 0, 255, 255, 0
L 760, 3190, 0, 760, 3220, 0, 255, 255, 0
L 760, 3190, 0, 780, 3190, 0, 255, 255, 0
L 800, 3190, 0, 800, 3160, 0, 255, 255, 0
L 760, 3160, 0, 800, 3160, 0, 255, 255, 0
L 780, 3190, 0, 800, 3190, 0, 255, 255, 0
L 800, 3220, 0, 780, 3190, 0, 255, 255, 0
L 830, 3190, 0, 850, 3190, 0, 255, 255, 0
L 840, 3160, 0, 860, 3220, 0, 255, 255, 0
L 820, 3220, 0, 840, 3160, 0, 255, 255, 0
L 910, 3190, 0, 880, 3190, 0, 255, 255, 0
L 910, 3160, 0, 910, 3190, 0, 255, 255, 0
L 880, 3160, 0, 910, 3160, 0, 255, 255, 0
L 880, 3220, 0, 880, 3160, 0, 255, 255, 0
L 730, 3250, 0, 700, 3250, 0, 255, 0, 0
L 700, 3310, 0, 730, 3250, 0, 255, 0, 0
L 700, 3310, 0, 730, 3310, 0, 255, 0, 0
L 750, 3250, 0, 780, 3250, 0, 255, 0, 0
L 750, 3310, 0, 780, 3310, 0, 255, 0, 0
L 750, 3250, 0, 750, 3310, 0, 255, 0, 0
L 780, 3250, 0, 780, 3310, 0, 255, 0, 0
L 830, 3310, 0, 830, 3250, 0, 255, 0, 0
L 800, 3250, 0, 830, 3310, 0, 255, 0, 0
L 800, 3310, 0, 800, 3250, 0, 255, 0, 0
L 850, 3280, 0, 880, 3280, 0, 255, 0, 0
L 850, 3310, 0, 880, 3310, 0, 255, 0, 0
L 850, 3250, 0, 850, 3310, 0, 255, 0, 0
L 880, 3250, 0, 850, 3250, 0, 255, 0, 0
P -300, 1600, 0, 0, 0, 0, 2, Revised_Map:_Brewall_Rainsiger_(Cazic-Thule)
P -300, 1800, 0, 0, 0, 0, 2, http://www.eqmaps.info
P -300, 2000, 0, 0, 0, 0, 2, Return_of_the_Exiled_(www.roteguild.org)
