P -1350.0000, 1031.1000, -575.3000, 255, 0, 0, 3, to_The_Hive
P -41.9000, -2775.8000, -201.8000, 255, 0, 0, 3, Zone_out
P -47.7000, -3454.7000, 21.0000, 255, 255, 0, 2, TRAP:_Fake_Rug
P -307.3960, -2517.5249, 125.0020, 255, 255, 0, 2, Secret_doors
P -251.9000, -2647.6001, 125.0000, 255, 255, 0, 2, Secret_Door
P 198.0730, -3071.8291, 97.0020, 255, 255, 0, 2, Fake_Wall
P -251.9000, -2647.6001, 125.0000, 255, 255, 0, 2, Fake_Wall
P -31.1680, -3438.3811, 97.0020, 255, 255, 0, 2, TRAP:_Fake_Rug
P -307.3000, -2517.5000, 125.0000, 255, 255, 0, 2, Locked_Secret_Door
P -280.7730, -3013.1970, -54.2480, 255, 255, 0, 2, Locked
P -436.8950, -2955.4470, -64.7540, 255, 255, 0, 1, TRAP
P -403.7370, -3007.6169, -64.6350, 255, 255, 0, 1, TRAP
P -349.1170, -3007.0481, -66.1130, 255, 255, 0, 1, TRAP
P -439.4900, -3059.7200, -63.8850, 255, 255, 0, 1, TRAP
P -17.4000, -3294.6001, 15.0000, 0, 0, 0, 2, Alitattis_the_Drinker
P -22.9000, -2745.1001, 97.0000, 0, 0, 0, 2, Mr._Smotts
P -30.9000, -3434.7000, 97.0000, 0, 0, 0, 2, Melion_Pell
P -1299.1000, 1022.7000, -574.4000, 0, 0, 0, 2, Gaelic_the_Small
P -523.5000, 1281.5000, -427.5000, 0, 0, 0, 2, Chattering_Bonewalker
P -13.5000, 886.3000, -314.3000, 0, 0, 0, 2, The_Batspire
P 6.3000, 909.3000, -314.3000, 0, 0, 0, 2, Arturos
P -0.5000, -149.0000, -1358.2000, 0, 0, 0, 2, Master_Vule_the_Silent_Tear
P -36.6000, -22.2000, -1295.2000, 0, 0, 0, 2, 100_Eyes
P 668.9230, -2861.1340, 469.1360, 0, 0, 0, 2, Spider
P 568.8510, -2857.3069, 469.1360, 0, 0, 0, 2, Wolf
P 658.7120, -3011.8689, 469.5690, 0, 0, 0, 2, Orc
P 695.7690, -2933.7729, 479.4250, 0, 0, 0, 2, Mayong
P -199.4935, 1004.4501, -314.2844, 0, 0, 0, 2, viewpoint_of_marking_object
P -175.8370, 1011.8006, -314.2454, 0, 0, 0, 2, blue_source
P -177.1114, 1004.9641, -314.2390, 0, 0, 0, 2, 8feets_red_source
P -182.8757, 992.5103, -314.2346, 0, 7, 0, 2, 10feets_yellow_source
P -197.8400, 1040.4840, -315.7553, 0, 0, 0, 2, giddeon
P -165.1000, -3283.6001, 16.0000, 255, 255, 255, 2, Merci's_Feeding_Pit_(KOS)
P -203.1000, -3022.2000, 81.0000, 255, 255, 255, 2, The_Laboratory_(KOS)
P -0.2000, -2947.5000, 97.0000, 255, 255, 255, 2, Ball_Room
P 0.2000, -3486.1001, 99.9000, 255, 255, 255, 2, Dining_Room
P 252.5000, -2986.0000, 100.1000, 255, 255, 255, 2, Library
P 0.0000, -2476.0000, 98.1370, 255, 255, 255, 2, Door_to_Bridges
P 0.0000, 139.0000, 98.8880, 255, 255, 255, 2, Door_to_Northern_Spire
P -1300.1678, 1041.0435, -573.5640, 240, 240, 0, 2, Raid:_Demiplane_of_Blood_(Click_Statue)
P -242.5018, -2634.3953, 124.6892, 0, 0, 0, 2, Althea
P -361.9571, -2577.5823, 124.6892, 0, 0, 0, 2, Brenda
P -296.7052, -2550.1255, 124.6892, 0, 0, 0, 2, Christine
P -370.8524, -2560.4766, 124.5690, 240, 240, 0, 2, Sister's_Handbag_(chest_after_Sister_event)
P 230.7451, -2986.2712, 96.2375, 0, 0, 0, 2, Ariahn_Teller
P 190.6936, -2689.3059, 124.2370, 240, 240, 0, 2, to_South_Spire
P -187.7736, -3027.7224, 80.2385, 127, 64, 0, 2, Vivisector_(Named)
P -17.2253, -3126.0413, -25.7421, 127, 64, 0, 2, Gronk_One_Eye_(Named)
P -167.2159, -2948.0503, -97.6068, 127, 64, 0, 2, The_Restless_One_(Named)
P 11.4363, -3423.0151, 96.2375, 0, 0, 0, 2, Doorman
P 79.2082, 0.2685, -1104.7617, 240, 240, 0, 2, Locked_Door_-_Key=Memories_Lost_from_Doorman
P -64.6337, -56.5933, -1295.6801, 0, 0, 0, 2, Irrissa_the_Seer
P 56.4458, 1.2476, -1295.6807, 240, 240, 0, 2, Door_to_South_Tower
P 84.1740, 1.4124, -528.4305, 240, 240, 0, 2, to_Main_Castle
