L 1000.0000, 0.0000, 0.0000,  1000.0000, -50.0000, 0.0000,  255, 0, 0
L -20.0000, 50.0000, 0.0000,  -50.0000, 20.0000, 0.0000,  255, 0, 0
L 50.0000, 20.0000, 0.0000,  20.0000, 50.0000, 0.0000,  255, 0, 0
L 20.0000, -50.0000, 0.0000,  50.0000, -20.0000, 0.0000,  255, 0, 0
L -50.0000, -20.0000, 0.0000,  -20.0000, -50.0000, 0.0000,  255, 0, 0
L -50.0000, 20.0000, 0.0000,  -50.0000, -20.0000, 0.0000,  255, 0, 0
L 20.0000, 50.0000, 0.0000,  -20.0000, 50.0000, 0.0000,  255, 0, 0
L 50.0000, -20.0000, 0.0000,  50.0000, 20.0000, 0.0000,  255, 0, 0
L -20.0000, -50.0000, 0.0000,  20.0000, -50.0000, 0.0000,  255, 0, 0
L 580.0000, -20.0000, 0.0000,  540.0000, -20.0000, 0.0000,  255, 0, 0
L 580.0000, -90.0000, 0.0000,  580.0000, -20.0000, 0.0000,  255, 0, 0
L 540.0000, -90.0000, 0.0000,  580.0000, -90.0000, 0.0000,  255, 0, 0
L 540.0000, -20.0000, 0.0000,  540.0000, -90.0000, 0.0000,  255, 0, 0
L 520.0000, -20.0000, 0.0000,  480.0000, -20.0000, 0.0000,  255, 0, 0
L 520.0000, -90.0000, 0.0000,  520.0000, -20.0000, 0.0000,  255, 0, 0
L 480.0000, -90.0000, 0.0000,  520.0000, -90.0000, 0.0000,  255, 0, 0
L 480.0000, -20.0000, 0.0000,  480.0000, -90.0000, 0.0000,  255, 0, 0
L 460.0000, -90.0000, 0.0000,  450.0000, -80.0000, 0.0000,  255, 0, 0
L 460.0000, -20.0000, 0.0000,  460.0000, -90.0000, 0.0000,  255, 0, 0
L 0.0000, -250.0000, 0.0000,  0.0000, 250.0000, 0.0000,  255, 0, 0
L -250.0000, 0.0000, 0.0000,  1000.0000, 0.0000, 0.0000,  255, 0, 0
L -120.0000, -80.0000, 0.0000,  -120.0000, -60.0000, 0.0000,  255, 0, 0
L -120.0000, -60.0000, 0.0000,  -120.0000, -40.0000, 0.0000,  255, 0, 0
L -100.0000, -60.0000, 0.0000,  -120.0000, -60.0000, 0.0000,  255, 0, 0
L -120.0000, -60.0000, 0.0000,  -140.0000, -60.0000, 0.0000,  255, 0, 0
L -90.0000, -50.0000, 0.0000,  -100.0000, -30.0000, 0.0000,  255, 0, 0
L -60.0000, -80.0000, 0.0000,  -60.0000, -60.0000, 0.0000,  255, 0, 0
L -60.0000, -60.0000, 0.0000,  -60.0000, -40.0000, 0.0000,  255, 0, 0
L -40.0000, -60.0000, 0.0000,  -60.0000, -60.0000, 0.0000,  255, 0, 0
L -60.0000, -60.0000, 0.0000,  -80.0000, -60.0000, 0.0000,  255, 0, 0
L 100.0000, 60.0000, 0.0000,  120.0000, 60.0000, 0.0000,  255, 0, 0
L 120.0000, 60.0000, 0.0000,  140.0000, 60.0000, 0.0000,  255, 0, 0
L 90.0000, 70.0000, 0.0000,  80.0000, 90.0000, 0.0000,  255, 0, 0
L 40.0000, 60.0000, 0.0000,  60.0000, 60.0000, 0.0000,  255, 0, 0
L 60.0000, 60.0000, 0.0000,  80.0000, 60.0000, 0.0000,  255, 0, 0
L -100.0000, 60.0000, 0.0000,  -120.0000, 60.0000, 0.0000,  255, 0, 0
L -120.0000, 60.0000, 0.0000,  -140.0000, 60.0000, 0.0000,  255, 0, 0
L -90.0000, 70.0000, 0.0000,  -100.0000, 90.0000, 0.0000,  255, 0, 0
L -60.0000, 80.0000, 0.0000,  -60.0000, 60.0000, 0.0000,  255, 0, 0
L -60.0000, 60.0000, 0.0000,  -60.0000, 40.0000, 0.0000,  255, 0, 0
L -40.0000, 60.0000, 0.0000,  -60.0000, 60.0000, 0.0000,  255, 0, 0
L -60.0000, 60.0000, 0.0000,  -80.0000, 60.0000, 0.0000,  255, 0, 0
L 100.0000, -60.0000, 0.0000,  120.0000, -60.0000, 0.0000,  255, 0, 0
L 120.0000, -60.0000, 0.0000,  140.0000, -60.0000, 0.0000,  255, 0, 0
L 90.0000, -50.0000, 0.0000,  80.0000, -30.0000, 0.0000,  255, 0, 0
L 60.0000, -80.0000, 0.0000,  60.0000, -60.0000, 0.0000,  255, 0, 0
L 60.0000, -60.0000, 0.0000,  60.0000, -40.0000, 0.0000,  255, 0, 0
L 40.0000, -60.0000, 0.0000,  60.0000, -60.0000, 0.0000,  255, 0, 0
L 60.0000, -60.0000, 0.0000,  80.0000, -60.0000, 0.0000,  255, 0, 0
L 599.0000, -90.0000, 0.0000,  637.3000, -90.0000, 0.0000,  255, 0, 0
L 599.0000, -20.0000, 0.0000,  637.3000, -20.0000, 0.0000,  255, 0, 0
L 599.0000, -90.0000, 0.0000,  599.0000, -20.0000, 0.0000,  255, 0, 0
L 637.3000, -90.0000, 0.0000,  637.3000, -20.0000, 0.0000,  255, 0, 0
L 1600.0000, 1000.0000, 0.0000,  1600.0000, 1060.0000, 0.0000,  0, 0, 0
L 1640.0000, 1060.0000, 0.0000,  1600.0000, 1060.0000, 0.0000,  0, 0, 0
L 1660.0000, 1030.0000, 0.0000,  1690.0000, 1030.0000, 0.0000,  0, 0, 0
L 1660.0000, 1060.0000, 0.0000,  1690.0000, 1060.0000, 0.0000,  0, 0, 0
L 1660.0000, 1000.0000, 0.0000,  1660.0000, 1060.0000, 0.0000,  0, 0, 0
L 1690.0000, 1000.0000, 0.0000,  1660.0000, 1000.0000, 0.0000,  0, 0, 0
L 1740.0000, 1060.0000, 0.0000,  1710.0000, 1060.0000, 0.0000,  0, 0, 0
L 1710.0000, 1000.0000, 0.0000,  1740.0000, 1000.0000, 0.0000,  0, 0, 0
L 1710.0000, 1060.0000, 0.0000,  1710.0000, 1000.0000, 0.0000,  0, 0, 0
L 1740.0000, 1060.0000, 0.0000,  1740.0000, 1030.0000, 0.0000,  0, 0, 0
L 1740.0000, 1030.0000, 0.0000,  1720.0000, 1030.0000, 0.0000,  0, 0, 0
L 1760.0000, 1030.0000, 0.0000,  1790.0000, 1030.0000, 0.0000,  0, 0, 0
L 1760.0000, 1060.0000, 0.0000,  1790.0000, 1060.0000, 0.0000,  0, 0, 0
L 1760.0000, 1000.0000, 0.0000,  1760.0000, 1060.0000, 0.0000,  0, 0, 0
L 1790.0000, 1000.0000, 0.0000,  1760.0000, 1000.0000, 0.0000,  0, 0, 0
L 1840.0000, 1060.0000, 0.0000,  1840.0000, 1000.0000, 0.0000,  0, 0, 0
L 1810.0000, 1000.0000, 0.0000,  1840.0000, 1060.0000, 0.0000,  0, 0, 0
L 1810.0000, 1060.0000, 0.0000,  1810.0000, 1000.0000, 0.0000,  0, 0, 0
L 1870.0000, 1060.0000, 0.0000,  1870.0000, 1000.0000, 0.0000,  0, 0, 0
L 1880.0000, 1060.0000, 0.0000,  1860.0000, 1060.0000, 0.0000,  0, 0, 0
L 1890.0000, 1030.0000, 0.0000,  1880.0000, 1060.0000, 0.0000,  0, 0, 0
L 1880.0000, 1000.0000, 0.0000,  1890.0000, 1030.0000, 0.0000,  0, 0, 0
L 1860.0000, 1000.0000, 0.0000,  1880.0000, 1000.0000, 0.0000,  0, 0, 0
L 1600.0000, 1170.0000, 0.0000,  1660.0000, 1170.0000, 0.0000,  0, 0, 0
L 1600.0000, 1090.0000, 0.0000,  1660.0000, 1090.0000, 0.0000,  0, 0, 0
L 1630.0000, 1143.0000, 0.0000,  1630.0000, 1117.0000, 0.0000,  205, 133, 63
L 1660.0000, 1170.0000, 0.0000,  1720.0000, 1170.0000, 0.0000,  0, 0, 0
L 1660.0000, 1170.0000, 0.0000,  1660.0000, 1143.0000, 0.0000,  205, 133, 63
L 1630.0000, 1143.0000, 0.0000,  1690.0000, 1143.0000, 0.0000,  205, 133, 63
L 1630.0000, 1117.0000, 0.0000,  1660.0000, 1117.0000, 0.0000,  205, 133, 63
L 1660.0000, 1117.0000, 0.0000,  1690.0000, 1117.0000, 0.0000,  205, 133, 63
L 1660.0000, 1090.0000, 0.0000,  1720.0000, 1090.0000, 0.0000,  0, 0, 0
L 1660.0000, 1117.0000, 0.0000,  1660.0000, 1090.0000, 0.0000,  205, 133, 63
L 1690.0000, 1143.0000, 0.0000,  1690.0000, 1117.0000, 0.0000,  205, 133, 63
L 1770.0000, 1160.0000, 0.0000,  1770.0000, 1100.0000, 0.0000,  0, 0, 0
L 1780.0000, 1160.0000, 0.0000,  1760.0000, 1160.0000, 0.0000,  0, 0, 0
L 1790.0000, 1130.0000, 0.0000,  1780.0000, 1160.0000, 0.0000,  0, 0, 0
L 1780.0000, 1100.0000, 0.0000,  1790.0000, 1130.0000, 0.0000,  0, 0, 0
L 1760.0000, 1100.0000, 0.0000,  1780.0000, 1100.0000, 0.0000,  0, 0, 0
L 1810.0000, 1100.0000, 0.0000,  1840.0000, 1100.0000, 0.0000,  0, 0, 0
L 1810.0000, 1160.0000, 0.0000,  1840.0000, 1160.0000, 0.0000,  0, 0, 0
L 1810.0000, 1100.0000, 0.0000,  1810.0000, 1160.0000, 0.0000,  0, 0, 0
L 1840.0000, 1100.0000, 0.0000,  1840.0000, 1160.0000, 0.0000,  0, 0, 0
L 1860.0000, 1100.0000, 0.0000,  1890.0000, 1100.0000, 0.0000,  0, 0, 0
L 1860.0000, 1160.0000, 0.0000,  1890.0000, 1160.0000, 0.0000,  0, 0, 0
L 1860.0000, 1100.0000, 0.0000,  1860.0000, 1160.0000, 0.0000,  0, 0, 0
L 1890.0000, 1100.0000, 0.0000,  1890.0000, 1160.0000, 0.0000,  0, 0, 0
L 1910.0000, 1100.0000, 0.0000,  1910.0000, 1130.0000, 0.0000,  0, 0, 0
L 1910.0000, 1130.0000, 0.0000,  1910.0000, 1160.0000, 0.0000,  0, 0, 0
L 1910.0000, 1130.0000, 0.0000,  1930.0000, 1130.0000, 0.0000,  0, 0, 0
L 1950.0000, 1130.0000, 0.0000,  1950.0000, 1100.0000, 0.0000,  0, 0, 0
L 1910.0000, 1100.0000, 0.0000,  1950.0000, 1100.0000, 0.0000,  0, 0, 0
L 1930.0000, 1130.0000, 0.0000,  1950.0000, 1130.0000, 0.0000,  0, 0, 0
L 1950.0000, 1160.0000, 0.0000,  1930.0000, 1130.0000, 0.0000,  0, 0, 0
L 1600.0000, 1210.0000, 0.0000,  1600.0000, 1240.0000, 0.0000,  255, 210, 0
L 1600.0000, 1210.0000, 0.0000,  1620.0000, 1210.0000, 0.0000,  255, 210, 0
L 1620.0000, 1270.0000, 0.0000,  1600.0000, 1270.0000, 0.0000,  255, 210, 0
L 1600.0000, 1240.0000, 0.0000,  1600.0000, 1270.0000, 0.0000,  255, 210, 0
L 1620.0000, 1240.0000, 0.0000,  1600.0000, 1240.0000, 0.0000,  255, 210, 0
L 1620.0000, 1240.0000, 0.0000,  1640.0000, 1225.0000, 0.0000,  255, 210, 0
L 1620.0000, 1210.0000, 0.0000,  1640.0000, 1225.0000, 0.0000,  255, 210, 0
L 1620.0000, 1240.0000, 0.0000,  1640.0000, 1255.0000, 0.0000,  255, 210, 0
L 1640.0000, 1255.0000, 0.0000,  1620.0000, 1270.0000, 0.0000,  255, 210, 0
L 1670.0000, 1240.0000, 0.0000,  1690.0000, 1240.0000, 0.0000,  255, 210, 0
L 1680.0000, 1210.0000, 0.0000,  1700.0000, 1270.0000, 0.0000,  255, 210, 0
L 1660.0000, 1270.0000, 0.0000,  1680.0000, 1210.0000, 0.0000,  255, 210, 0
L 1750.0000, 1270.0000, 0.0000,  1750.0000, 1210.0000, 0.0000,  255, 210, 0
L 1720.0000, 1210.0000, 0.0000,  1750.0000, 1270.0000, 0.0000,  255, 210, 0
L 1720.0000, 1270.0000, 0.0000,  1720.0000, 1210.0000, 0.0000,  255, 210, 0
L 1770.0000, 1210.0000, 0.0000,  1770.0000, 1240.0000, 0.0000,  255, 210, 0
L 1770.0000, 1240.0000, 0.0000,  1770.0000, 1270.0000, 0.0000,  255, 210, 0
L 1770.0000, 1240.0000, 0.0000,  1810.0000, 1270.0000, 0.0000,  255, 210, 0
L 1770.0000, 1240.0000, 0.0000,  1810.0000, 1210.0000, 0.0000,  255, 210, 0
L 1830.0000, 1240.0000, 0.0000,  1860.0000, 1240.0000, 0.0000,  255, 210, 0
L 1830.0000, 1270.0000, 0.0000,  1860.0000, 1270.0000, 0.0000,  255, 210, 0
L 1830.0000, 1210.0000, 0.0000,  1830.0000, 1270.0000, 0.0000,  255, 210, 0
L 1860.0000, 1210.0000, 0.0000,  1830.0000, 1210.0000, 0.0000,  255, 210, 0
L 1880.0000, 1210.0000, 0.0000,  1880.0000, 1240.0000, 0.0000,  255, 210, 0
L 1880.0000, 1240.0000, 0.0000,  1880.0000, 1270.0000, 0.0000,  255, 210, 0
L 1880.0000, 1240.0000, 0.0000,  1900.0000, 1240.0000, 0.0000,  255, 210, 0
L 1920.0000, 1240.0000, 0.0000,  1920.0000, 1210.0000, 0.0000,  255, 210, 0
L 1880.0000, 1210.0000, 0.0000,  1920.0000, 1210.0000, 0.0000,  255, 210, 0
L 1900.0000, 1240.0000, 0.0000,  1920.0000, 1240.0000, 0.0000,  255, 210, 0
L 1920.0000, 1270.0000, 0.0000,  1900.0000, 1240.0000, 0.0000,  255, 210, 0
L 1630.0000, 1360.0000, 0.0000,  1600.0000, 1360.0000, 0.0000,  255, 255, 255
L 1600.0000, 1300.0000, 0.0000,  1630.0000, 1300.0000, 0.0000,  255, 255, 255
L 1600.0000, 1360.0000, 0.0000,  1600.0000, 1300.0000, 0.0000,  255, 255, 255
L 1650.0000, 1300.0000, 0.0000,  1680.0000, 1300.0000, 0.0000,  255, 255, 255
L 1650.0000, 1360.0000, 0.0000,  1680.0000, 1360.0000, 0.0000,  255, 255, 255
L 1650.0000, 1300.0000, 0.0000,  1650.0000, 1360.0000, 0.0000,  255, 255, 255
L 1680.0000, 1300.0000, 0.0000,  1680.0000, 1360.0000, 0.0000,  255, 255, 255
L 1740.0000, 1300.0000, 0.0000,  1740.0000, 1360.0000, 0.0000,  255, 255, 255
L 1720.0000, 1330.0000, 0.0000,  1740.0000, 1300.0000, 0.0000,  255, 255, 255
L 1700.0000, 1300.0000, 0.0000,  1720.0000, 1330.0000, 0.0000,  255, 255, 255
L 1700.0000, 1360.0000, 0.0000,  1700.0000, 1300.0000, 0.0000,  255, 255, 255
L 1800.0000, 1300.0000, 0.0000,  1800.0000, 1360.0000, 0.0000,  255, 255, 255
L 1780.0000, 1330.0000, 0.0000,  1800.0000, 1300.0000, 0.0000,  255, 255, 255
L 1760.0000, 1300.0000, 0.0000,  1780.0000, 1330.0000, 0.0000,  255, 255, 255
L 1760.0000, 1360.0000, 0.0000,  1760.0000, 1300.0000, 0.0000,  255, 255, 255
L 1820.0000, 1330.0000, 0.0000,  1850.0000, 1330.0000, 0.0000,  255, 255, 255
L 1820.0000, 1360.0000, 0.0000,  1850.0000, 1360.0000, 0.0000,  255, 255, 255
L 1820.0000, 1300.0000, 0.0000,  1820.0000, 1360.0000, 0.0000,  255, 255, 255
L 1850.0000, 1300.0000, 0.0000,  1820.0000, 1300.0000, 0.0000,  255, 255, 255
L 1900.0000, 1360.0000, 0.0000,  1900.0000, 1300.0000, 0.0000,  255, 255, 255
L 1870.0000, 1300.0000, 0.0000,  1900.0000, 1360.0000, 0.0000,  255, 255, 255
L 1870.0000, 1360.0000, 0.0000,  1870.0000, 1300.0000, 0.0000,  255, 255, 255
L 1940.0000, 1300.0000, 0.0000,  1940.0000, 1360.0000, 0.0000,  255, 255, 255
L 1920.0000, 1300.0000, 0.0000,  1960.0000, 1300.0000, 0.0000,  255, 255, 255
L 1630.0000, 1450.0000, 0.0000,  1600.0000, 1450.0000, 0.0000,  0, 0, 0
L 1600.0000, 1390.0000, 0.0000,  1630.0000, 1390.0000, 0.0000,  0, 0, 0
L 1600.0000, 1450.0000, 0.0000,  1600.0000, 1390.0000, 0.0000,  0, 0, 0
L 1630.0000, 1450.0000, 0.0000,  1630.0000, 1420.0000, 0.0000,  0, 0, 0
L 1630.0000, 1420.0000, 0.0000,  1610.0000, 1420.0000, 0.0000,  0, 0, 0
L 1650.0000, 1420.0000, 0.0000,  1680.0000, 1420.0000, 0.0000,  0, 0, 0
L 1650.0000, 1450.0000, 0.0000,  1680.0000, 1450.0000, 0.0000,  0, 0, 0
L 1650.0000, 1390.0000, 0.0000,  1650.0000, 1450.0000, 0.0000,  0, 0, 0
L 1680.0000, 1390.0000, 0.0000,  1650.0000, 1390.0000, 0.0000,  0, 0, 0
L 1730.0000, 1450.0000, 0.0000,  1730.0000, 1390.0000, 0.0000,  0, 0, 0
L 1700.0000, 1390.0000, 0.0000,  1730.0000, 1450.0000, 0.0000,  0, 0, 0
L 1700.0000, 1450.0000, 0.0000,  1700.0000, 1390.0000, 0.0000,  0, 0, 0
L 1750.0000, 1420.0000, 0.0000,  1780.0000, 1420.0000, 0.0000,  0, 0, 0
L 1750.0000, 1450.0000, 0.0000,  1780.0000, 1450.0000, 0.0000,  0, 0, 0
L 1750.0000, 1390.0000, 0.0000,  1750.0000, 1450.0000, 0.0000,  0, 0, 0
L 1780.0000, 1390.0000, 0.0000,  1750.0000, 1390.0000, 0.0000,  0, 0, 0
L 1800.0000, 1390.0000, 0.0000,  1800.0000, 1420.0000, 0.0000,  0, 0, 0
L 1800.0000, 1420.0000, 0.0000,  1800.0000, 1450.0000, 0.0000,  0, 0, 0
L 1800.0000, 1420.0000, 0.0000,  1820.0000, 1420.0000, 0.0000,  0, 0, 0
L 1840.0000, 1420.0000, 0.0000,  1840.0000, 1390.0000, 0.0000,  0, 0, 0
L 1800.0000, 1390.0000, 0.0000,  1840.0000, 1390.0000, 0.0000,  0, 0, 0
L 1820.0000, 1420.0000, 0.0000,  1840.0000, 1420.0000, 0.0000,  0, 0, 0
L 1840.0000, 1450.0000, 0.0000,  1820.0000, 1420.0000, 0.0000,  0, 0, 0
L 1870.0000, 1420.0000, 0.0000,  1890.0000, 1420.0000, 0.0000,  0, 0, 0
L 1880.0000, 1390.0000, 0.0000,  1900.0000, 1450.0000, 0.0000,  0, 0, 0
L 1860.0000, 1450.0000, 0.0000,  1880.0000, 1390.0000, 0.0000,  0, 0, 0
L 1920.0000, 1390.0000, 0.0000,  1920.0000, 1450.0000, 0.0000,  0, 0, 0
L 1960.0000, 1450.0000, 0.0000,  1920.0000, 1450.0000, 0.0000,  0, 0, 0
L 1630.0000, 1540.0000, 0.0000,  1600.0000, 1540.0000, 0.0000,  0, 0, 255
L 1600.0000, 1480.0000, 0.0000,  1630.0000, 1480.0000, 0.0000,  0, 0, 255
L 1600.0000, 1540.0000, 0.0000,  1600.0000, 1480.0000, 0.0000,  0, 0, 255
L 1630.0000, 1540.0000, 0.0000,  1630.0000, 1510.0000, 0.0000,  0, 0, 255
L 1630.0000, 1510.0000, 0.0000,  1610.0000, 1510.0000, 0.0000,  0, 0, 255
L 1650.0000, 1480.0000, 0.0000,  1650.0000, 1510.0000, 0.0000,  0, 0, 255
L 1650.0000, 1510.0000, 0.0000,  1650.0000, 1540.0000, 0.0000,  0, 0, 255
L 1650.0000, 1510.0000, 0.0000,  1670.0000, 1510.0000, 0.0000,  0, 0, 255
L 1690.0000, 1510.0000, 0.0000,  1690.0000, 1480.0000, 0.0000,  0, 0, 255
L 1650.0000, 1480.0000, 0.0000,  1690.0000, 1480.0000, 0.0000,  0, 0, 255
L 1670.0000, 1510.0000, 0.0000,  1690.0000, 1510.0000, 0.0000,  0, 0, 255
L 1690.0000, 1540.0000, 0.0000,  1670.0000, 1510.0000, 0.0000,  0, 0, 255
L 1710.0000, 1480.0000, 0.0000,  1740.0000, 1480.0000, 0.0000,  0, 0, 255
L 1710.0000, 1540.0000, 0.0000,  1740.0000, 1540.0000, 0.0000,  0, 0, 255
L 1710.0000, 1480.0000, 0.0000,  1710.0000, 1540.0000, 0.0000,  0, 0, 255
L 1740.0000, 1480.0000, 0.0000,  1740.0000, 1540.0000, 0.0000,  0, 0, 255
L 1800.0000, 1480.0000, 0.0000,  1800.0000, 1540.0000, 0.0000,  0, 0, 255
L 1760.0000, 1480.0000, 0.0000,  1760.0000, 1540.0000, 0.0000,  0, 0, 255
L 1760.0000, 1540.0000, 0.0000,  1800.0000, 1540.0000, 0.0000,  0, 0, 255
L 1850.0000, 1540.0000, 0.0000,  1850.0000, 1480.0000, 0.0000,  0, 0, 255
L 1820.0000, 1480.0000, 0.0000,  1850.0000, 1540.0000, 0.0000,  0, 0, 255
L 1820.0000, 1540.0000, 0.0000,  1820.0000, 1480.0000, 0.0000,  0, 0, 255
L 1880.0000, 1540.0000, 0.0000,  1880.0000, 1480.0000, 0.0000,  0, 0, 255
L 1890.0000, 1540.0000, 0.0000,  1870.0000, 1540.0000, 0.0000,  0, 0, 255
L 1900.0000, 1510.0000, 0.0000,  1890.0000, 1540.0000, 0.0000,  0, 0, 255
L 1890.0000, 1480.0000, 0.0000,  1900.0000, 1510.0000, 0.0000,  0, 0, 255
L 1870.0000, 1480.0000, 0.0000,  1890.0000, 1480.0000, 0.0000,  0, 0, 255
L 1980.0000, 1480.0000, 0.0000,  1980.0000, 1510.0000, 0.0000,  0, 0, 255
L 1980.0000, 1540.0000, 0.0000,  2020.0000, 1540.0000, 0.0000,  0, 0, 255
L 2020.0000, 1510.0000, 0.0000,  1980.0000, 1510.0000, 0.0000,  0, 0, 255
L 1980.0000, 1480.0000, 0.0000,  2020.0000, 1480.0000, 0.0000,  0, 0, 255
L 2020.0000, 1510.0000, 0.0000,  2020.0000, 1540.0000, 0.0000,  0, 0, 255
L 2070.0000, 1510.0000, 0.0000,  2040.0000, 1510.0000, 0.0000,  0, 0, 255
L 2070.0000, 1480.0000, 0.0000,  2070.0000, 1510.0000, 0.0000,  0, 0, 255
L 2040.0000, 1480.0000, 0.0000,  2070.0000, 1480.0000, 0.0000,  0, 0, 255
L 2040.0000, 1540.0000, 0.0000,  2040.0000, 1480.0000, 0.0000,  0, 0, 255
L 2100.0000, 1510.0000, 0.0000,  2120.0000, 1510.0000, 0.0000,  0, 0, 255
L 2110.0000, 1480.0000, 0.0000,  2130.0000, 1540.0000, 0.0000,  0, 0, 255
L 2090.0000, 1540.0000, 0.0000,  2110.0000, 1480.0000, 0.0000,  0, 0, 255
L 2180.0000, 1540.0000, 0.0000,  2190.0000, 1480.0000, 0.0000,  0, 0, 255
L 2170.0000, 1510.0000, 0.0000,  2180.0000, 1540.0000, 0.0000,  0, 0, 255
L 2160.0000, 1540.0000, 0.0000,  2170.0000, 1510.0000, 0.0000,  0, 0, 255
L 2150.0000, 1480.0000, 0.0000,  2160.0000, 1540.0000, 0.0000,  0, 0, 255
L 2240.0000, 1540.0000, 0.0000,  2240.0000, 1480.0000, 0.0000,  0, 0, 255
L 2210.0000, 1480.0000, 0.0000,  2240.0000, 1540.0000, 0.0000,  0, 0, 255
L 2210.0000, 1540.0000, 0.0000,  2210.0000, 1480.0000, 0.0000,  0, 0, 255
L 1630.0000, 1630.0000, 0.0000,  1600.0000, 1630.0000, 0.0000,  128, 128, 128
L 1600.0000, 1570.0000, 0.0000,  1630.0000, 1570.0000, 0.0000,  128, 128, 128
L 1600.0000, 1630.0000, 0.0000,  1600.0000, 1570.0000, 0.0000,  128, 128, 128
L 1630.0000, 1630.0000, 0.0000,  1630.0000, 1600.0000, 0.0000,  128, 128, 128
L 1630.0000, 1600.0000, 0.0000,  1610.0000, 1600.0000, 0.0000,  128, 128, 128
L 1690.0000, 1570.0000, 0.0000,  1690.0000, 1630.0000, 0.0000,  128, 128, 128
L 1650.0000, 1570.0000, 0.0000,  1650.0000, 1630.0000, 0.0000,  128, 128, 128
L 1650.0000, 1630.0000, 0.0000,  1690.0000, 1630.0000, 0.0000,  128, 128, 128
L 1710.0000, 1570.0000, 0.0000,  1710.0000, 1630.0000, 0.0000,  128, 128, 128
L 1730.0000, 1570.0000, 0.0000,  1730.0000, 1630.0000, 0.0000,  128, 128, 128
L 1770.0000, 1630.0000, 0.0000,  1730.0000, 1630.0000, 0.0000,  128, 128, 128
L 1800.0000, 1630.0000, 0.0000,  1800.0000, 1570.0000, 0.0000,  128, 128, 128
L 1810.0000, 1630.0000, 0.0000,  1790.0000, 1630.0000, 0.0000,  128, 128, 128
L 1820.0000, 1600.0000, 0.0000,  1810.0000, 1630.0000, 0.0000,  128, 128, 128
L 1810.0000, 1570.0000, 0.0000,  1820.0000, 1600.0000, 0.0000,  128, 128, 128
L 1790.0000, 1570.0000, 0.0000,  1810.0000, 1570.0000, 0.0000,  128, 128, 128
L 1940.0000, 1570.0000, 0.0000,  1940.0000, 1630.0000, 0.0000,  128, 128, 128
L 1920.0000, 1600.0000, 0.0000,  1940.0000, 1570.0000, 0.0000,  128, 128, 128
L 1900.0000, 1570.0000, 0.0000,  1920.0000, 1600.0000, 0.0000,  128, 128, 128
L 1900.0000, 1630.0000, 0.0000,  1900.0000, 1570.0000, 0.0000,  128, 128, 128
L 1970.0000, 1600.0000, 0.0000,  1990.0000, 1600.0000, 0.0000,  128, 128, 128
L 1980.0000, 1570.0000, 0.0000,  2000.0000, 1630.0000, 0.0000,  128, 128, 128
L 1960.0000, 1630.0000, 0.0000,  1980.0000, 1570.0000, 0.0000,  128, 128, 128
L 2020.0000, 1570.0000, 0.0000,  2020.0000, 1600.0000, 0.0000,  128, 128, 128
L 2020.0000, 1630.0000, 0.0000,  2060.0000, 1630.0000, 0.0000,  128, 128, 128
L 2060.0000, 1600.0000, 0.0000,  2020.0000, 1600.0000, 0.0000,  128, 128, 128
L 2020.0000, 1570.0000, 0.0000,  2060.0000, 1570.0000, 0.0000,  128, 128, 128
L 2060.0000, 1600.0000, 0.0000,  2060.0000, 1630.0000, 0.0000,  128, 128, 128
L 2100.0000, 1570.0000, 0.0000,  2100.0000, 1630.0000, 0.0000,  128, 128, 128
L 2080.0000, 1570.0000, 0.0000,  2120.0000, 1570.0000, 0.0000,  128, 128, 128
L 2140.0000, 1600.0000, 0.0000,  2170.0000, 1600.0000, 0.0000,  128, 128, 128
L 2140.0000, 1630.0000, 0.0000,  2170.0000, 1630.0000, 0.0000,  128, 128, 128
L 2140.0000, 1570.0000, 0.0000,  2140.0000, 1630.0000, 0.0000,  128, 128, 128
L 2170.0000, 1570.0000, 0.0000,  2140.0000, 1570.0000, 0.0000,  128, 128, 128
L 2190.0000, 1570.0000, 0.0000,  2190.0000, 1600.0000, 0.0000,  128, 128, 128
L 2190.0000, 1600.0000, 0.0000,  2190.0000, 1630.0000, 0.0000,  128, 128, 128
L 2190.0000, 1600.0000, 0.0000,  2210.0000, 1600.0000, 0.0000,  128, 128, 128
L 2230.0000, 1600.0000, 0.0000,  2230.0000, 1570.0000, 0.0000,  128, 128, 128
L 2190.0000, 1570.0000, 0.0000,  2230.0000, 1570.0000, 0.0000,  128, 128, 128
L 2210.0000, 1600.0000, 0.0000,  2230.0000, 1600.0000, 0.0000,  128, 128, 128
L 2230.0000, 1630.0000, 0.0000,  2210.0000, 1600.0000, 0.0000,  128, 128, 128
L 1600.0000, 1660.0000, 0.0000,  1600.0000, 1690.0000, 0.0000,  127, 64, 0
L 1640.0000, 1720.0000, 0.0000,  1640.0000, 1690.0000, 0.0000,  127, 64, 0
L 1600.0000, 1690.0000, 0.0000,  1600.0000, 1720.0000, 0.0000,  127, 64, 0
L 1640.0000, 1690.0000, 0.0000,  1640.0000, 1660.0000, 0.0000,  127, 64, 0
L 1600.0000, 1690.0000, 0.0000,  1640.0000, 1690.0000, 0.0000,  127, 64, 0
L 1700.0000, 1660.0000, 0.0000,  1700.0000, 1720.0000, 0.0000,  127, 64, 0
L 1660.0000, 1660.0000, 0.0000,  1660.0000, 1720.0000, 0.0000,  127, 64, 0
L 1660.0000, 1720.0000, 0.0000,  1700.0000, 1720.0000, 0.0000,  127, 64, 0
L 1750.0000, 1720.0000, 0.0000,  1750.0000, 1660.0000, 0.0000,  127, 64, 0
L 1720.0000, 1660.0000, 0.0000,  1750.0000, 1720.0000, 0.0000,  127, 64, 0
L 1720.0000, 1720.0000, 0.0000,  1720.0000, 1660.0000, 0.0000,  127, 64, 0
L 1790.0000, 1660.0000, 0.0000,  1790.0000, 1720.0000, 0.0000,  127, 64, 0
L 1770.0000, 1660.0000, 0.0000,  1810.0000, 1660.0000, 0.0000,  127, 64, 0
L 1830.0000, 1690.0000, 0.0000,  1860.0000, 1690.0000, 0.0000,  127, 64, 0
L 1830.0000, 1720.0000, 0.0000,  1860.0000, 1720.0000, 0.0000,  127, 64, 0
L 1830.0000, 1660.0000, 0.0000,  1830.0000, 1720.0000, 0.0000,  127, 64, 0
L 1860.0000, 1660.0000, 0.0000,  1830.0000, 1660.0000, 0.0000,  127, 64, 0
L 1880.0000, 1660.0000, 0.0000,  1880.0000, 1690.0000, 0.0000,  127, 64, 0
L 1880.0000, 1690.0000, 0.0000,  1880.0000, 1720.0000, 0.0000,  127, 64, 0
L 1880.0000, 1690.0000, 0.0000,  1900.0000, 1690.0000, 0.0000,  127, 64, 0
L 1920.0000, 1690.0000, 0.0000,  1920.0000, 1660.0000, 0.0000,  127, 64, 0
L 1880.0000, 1660.0000, 0.0000,  1920.0000, 1660.0000, 0.0000,  127, 64, 0
L 1900.0000, 1690.0000, 0.0000,  1920.0000, 1690.0000, 0.0000,  127, 64, 0
L 1920.0000, 1720.0000, 0.0000,  1900.0000, 1690.0000, 0.0000,  127, 64, 0
L 1640.0000, 1750.0000, 0.0000,  1640.0000, 1810.0000, 0.0000,  0, 127, 0
L 1620.0000, 1780.0000, 0.0000,  1640.0000, 1750.0000, 0.0000,  0, 127, 0
L 1600.0000, 1750.0000, 0.0000,  1620.0000, 1780.0000, 0.0000,  0, 127, 0
L 1600.0000, 1810.0000, 0.0000,  1600.0000, 1750.0000, 0.0000,  0, 127, 0
L 1660.0000, 1780.0000, 0.0000,  1690.0000, 1780.0000, 0.0000,  0, 127, 0
L 1660.0000, 1810.0000, 0.0000,  1690.0000, 1810.0000, 0.0000,  0, 127, 0
L 1660.0000, 1750.0000, 0.0000,  1660.0000, 1810.0000, 0.0000,  0, 127, 0
L 1690.0000, 1750.0000, 0.0000,  1660.0000, 1750.0000, 0.0000,  0, 127, 0
L 1710.0000, 1750.0000, 0.0000,  1710.0000, 1780.0000, 0.0000,  0, 127, 0
L 1710.0000, 1780.0000, 0.0000,  1710.0000, 1810.0000, 0.0000,  0, 127, 0
L 1710.0000, 1780.0000, 0.0000,  1730.0000, 1780.0000, 0.0000,  0, 127, 0
L 1750.0000, 1780.0000, 0.0000,  1750.0000, 1750.0000, 0.0000,  0, 127, 0
L 1710.0000, 1750.0000, 0.0000,  1750.0000, 1750.0000, 0.0000,  0, 127, 0
L 1730.0000, 1780.0000, 0.0000,  1750.0000, 1780.0000, 0.0000,  0, 127, 0
L 1750.0000, 1810.0000, 0.0000,  1730.0000, 1780.0000, 0.0000,  0, 127, 0
L 1800.0000, 1810.0000, 0.0000,  1770.0000, 1810.0000, 0.0000,  0, 127, 0
L 1770.0000, 1750.0000, 0.0000,  1800.0000, 1750.0000, 0.0000,  0, 127, 0
L 1770.0000, 1810.0000, 0.0000,  1770.0000, 1750.0000, 0.0000,  0, 127, 0
L 1820.0000, 1750.0000, 0.0000,  1820.0000, 1780.0000, 0.0000,  0, 127, 0
L 1860.0000, 1810.0000, 0.0000,  1860.0000, 1780.0000, 0.0000,  0, 127, 0
L 1820.0000, 1780.0000, 0.0000,  1820.0000, 1810.0000, 0.0000,  0, 127, 0
L 1860.0000, 1780.0000, 0.0000,  1860.0000, 1750.0000, 0.0000,  0, 127, 0
L 1820.0000, 1780.0000, 0.0000,  1860.0000, 1780.0000, 0.0000,  0, 127, 0
L 1890.0000, 1780.0000, 0.0000,  1910.0000, 1780.0000, 0.0000,  0, 127, 0
L 1900.0000, 1750.0000, 0.0000,  1920.0000, 1810.0000, 0.0000,  0, 127, 0
L 1880.0000, 1810.0000, 0.0000,  1900.0000, 1750.0000, 0.0000,  0, 127, 0
L 1970.0000, 1810.0000, 0.0000,  1970.0000, 1750.0000, 0.0000,  0, 127, 0
L 1940.0000, 1750.0000, 0.0000,  1970.0000, 1810.0000, 0.0000,  0, 127, 0
L 1940.0000, 1810.0000, 0.0000,  1940.0000, 1750.0000, 0.0000,  0, 127, 0
L 2010.0000, 1750.0000, 0.0000,  2010.0000, 1810.0000, 0.0000,  0, 127, 0
L 1990.0000, 1750.0000, 0.0000,  2030.0000, 1750.0000, 0.0000,  0, 127, 0
L 1640.0000, 1840.0000, 0.0000,  1640.0000, 1900.0000, 0.0000,  0, 127, 127
L 1620.0000, 1870.0000, 0.0000,  1640.0000, 1840.0000, 0.0000,  0, 127, 127
L 1600.0000, 1840.0000, 0.0000,  1620.0000, 1870.0000, 0.0000,  0, 127, 127
L 1600.0000, 1900.0000, 0.0000,  1600.0000, 1840.0000, 0.0000,  0, 127, 127
L 1660.0000, 1840.0000, 0.0000,  1660.0000, 1900.0000, 0.0000,  0, 127, 127
L 1680.0000, 1840.0000, 0.0000,  1680.0000, 1870.0000, 0.0000,  0, 127, 127
L 1680.0000, 1900.0000, 0.0000,  1720.0000, 1900.0000, 0.0000,  0, 127, 127
L 1720.0000, 1870.0000, 0.0000,  1680.0000, 1870.0000, 0.0000,  0, 127, 127
L 1680.0000, 1840.0000, 0.0000,  1720.0000, 1840.0000, 0.0000,  0, 127, 127
L 1720.0000, 1870.0000, 0.0000,  1720.0000, 1900.0000, 0.0000,  0, 127, 127
L 1740.0000, 1840.0000, 0.0000,  1740.0000, 1870.0000, 0.0000,  0, 127, 127
L 1740.0000, 1900.0000, 0.0000,  1780.0000, 1900.0000, 0.0000,  0, 127, 127
L 1780.0000, 1870.0000, 0.0000,  1740.0000, 1870.0000, 0.0000,  0, 127, 127
L 1740.0000, 1840.0000, 0.0000,  1780.0000, 1840.0000, 0.0000,  0, 127, 127
L 1780.0000, 1870.0000, 0.0000,  1780.0000, 1900.0000, 0.0000,  0, 127, 127
L 1800.0000, 1840.0000, 0.0000,  1800.0000, 1900.0000, 0.0000,  0, 127, 127
L 1820.0000, 1840.0000, 0.0000,  1850.0000, 1840.0000, 0.0000,  0, 127, 127
L 1820.0000, 1900.0000, 0.0000,  1850.0000, 1900.0000, 0.0000,  0, 127, 127
L 1820.0000, 1840.0000, 0.0000,  1820.0000, 1900.0000, 0.0000,  0, 127, 127
L 1850.0000, 1840.0000, 0.0000,  1850.0000, 1900.0000, 0.0000,  0, 127, 127
L 1900.0000, 1900.0000, 0.0000,  1900.0000, 1840.0000, 0.0000,  0, 127, 127
L 1870.0000, 1840.0000, 0.0000,  1900.0000, 1900.0000, 0.0000,  0, 127, 127
L 1870.0000, 1900.0000, 0.0000,  1870.0000, 1840.0000, 0.0000,  0, 127, 127
L 1630.0000, 1990.0000, 0.0000,  1630.0000, 1930.0000, 0.0000,  127, 64, 0
L 1600.0000, 1930.0000, 0.0000,  1630.0000, 1990.0000, 0.0000,  127, 64, 0
L 1600.0000, 1990.0000, 0.0000,  1600.0000, 1930.0000, 0.0000,  127, 64, 0
L 1660.0000, 1960.0000, 0.0000,  1680.0000, 1960.0000, 0.0000,  127, 64, 0
L 1670.0000, 1930.0000, 0.0000,  1690.0000, 1990.0000, 0.0000,  127, 64, 0
L 1650.0000, 1990.0000, 0.0000,  1670.0000, 1930.0000, 0.0000,  127, 64, 0
L 1750.0000, 1930.0000, 0.0000,  1750.0000, 1990.0000, 0.0000,  127, 64, 0
L 1730.0000, 1960.0000, 0.0000,  1750.0000, 1930.0000, 0.0000,  127, 64, 0
L 1710.0000, 1930.0000, 0.0000,  1730.0000, 1960.0000, 0.0000,  127, 64, 0
L 1710.0000, 1990.0000, 0.0000,  1710.0000, 1930.0000, 0.0000,  127, 64, 0
L 1770.0000, 1960.0000, 0.0000,  1800.0000, 1960.0000, 0.0000,  127, 64, 0
L 1770.0000, 1990.0000, 0.0000,  1800.0000, 1990.0000, 0.0000,  127, 64, 0
L 1770.0000, 1930.0000, 0.0000,  1770.0000, 1990.0000, 0.0000,  127, 64, 0
L 1800.0000, 1930.0000, 0.0000,  1770.0000, 1930.0000, 0.0000,  127, 64, 0
L 1830.0000, 1990.0000, 0.0000,  1830.0000, 1930.0000, 0.0000,  127, 64, 0
L 1840.0000, 1990.0000, 0.0000,  1820.0000, 1990.0000, 0.0000,  127, 64, 0
L 1850.0000, 1960.0000, 0.0000,  1840.0000, 1990.0000, 0.0000,  127, 64, 0
L 1840.0000, 1930.0000, 0.0000,  1850.0000, 1960.0000, 0.0000,  127, 64, 0
L 1820.0000, 1930.0000, 0.0000,  1840.0000, 1930.0000, 0.0000,  127, 64, 0
L 1630.0000, 2050.0000, 0.0000,  1600.0000, 2050.0000, 0.0000,  0, 255, 0
L 1630.0000, 2020.0000, 0.0000,  1630.0000, 2050.0000, 0.0000,  0, 255, 0
L 1600.0000, 2020.0000, 0.0000,  1630.0000, 2020.0000, 0.0000,  0, 255, 0
L 1600.0000, 2080.0000, 0.0000,  1600.0000, 2020.0000, 0.0000,  0, 255, 0
L 1660.0000, 2050.0000, 0.0000,  1680.0000, 2050.0000, 0.0000,  0, 255, 0
L 1670.0000, 2020.0000, 0.0000,  1690.0000, 2080.0000, 0.0000,  0, 255, 0
L 1650.0000, 2080.0000, 0.0000,  1670.0000, 2020.0000, 0.0000,  0, 255, 0
L 1710.0000, 2020.0000, 0.0000,  1710.0000, 2050.0000, 0.0000,  0, 255, 0
L 1710.0000, 2050.0000, 0.0000,  1710.0000, 2080.0000, 0.0000,  0, 255, 0
L 1710.0000, 2050.0000, 0.0000,  1730.0000, 2050.0000, 0.0000,  0, 255, 0
L 1750.0000, 2050.0000, 0.0000,  1750.0000, 2020.0000, 0.0000,  0, 255, 0
L 1710.0000, 2020.0000, 0.0000,  1750.0000, 2020.0000, 0.0000,  0, 255, 0
L 1730.0000, 2050.0000, 0.0000,  1750.0000, 2050.0000, 0.0000,  0, 255, 0
L 1750.0000, 2080.0000, 0.0000,  1730.0000, 2050.0000, 0.0000,  0, 255, 0
L 1800.0000, 2080.0000, 0.0000,  1770.0000, 2080.0000, 0.0000,  0, 255, 0
L 1770.0000, 2020.0000, 0.0000,  1800.0000, 2020.0000, 0.0000,  0, 255, 0
L 1770.0000, 2080.0000, 0.0000,  1770.0000, 2020.0000, 0.0000,  0, 255, 0
L 1820.0000, 2050.0000, 0.0000,  1850.0000, 2050.0000, 0.0000,  0, 255, 0
L 1820.0000, 2080.0000, 0.0000,  1850.0000, 2080.0000, 0.0000,  0, 255, 0
L 1820.0000, 2020.0000, 0.0000,  1820.0000, 2080.0000, 0.0000,  0, 255, 0
L 1850.0000, 2020.0000, 0.0000,  1820.0000, 2020.0000, 0.0000,  0, 255, 0
L 1870.0000, 2020.0000, 0.0000,  1870.0000, 2080.0000, 0.0000,  0, 255, 0
L 1910.0000, 2080.0000, 0.0000,  1870.0000, 2080.0000, 0.0000,  0, 255, 0
L 1930.0000, 2020.0000, 0.0000,  1930.0000, 2050.0000, 0.0000,  0, 255, 0
L 1930.0000, 2080.0000, 0.0000,  1970.0000, 2080.0000, 0.0000,  0, 255, 0
L 1970.0000, 2050.0000, 0.0000,  1930.0000, 2050.0000, 0.0000,  0, 255, 0
L 1930.0000, 2020.0000, 0.0000,  1970.0000, 2020.0000, 0.0000,  0, 255, 0
L 1970.0000, 2050.0000, 0.0000,  1970.0000, 2080.0000, 0.0000,  0, 255, 0
L 1600.0000, 2110.0000, 0.0000,  1600.0000, 2140.0000, 0.0000,  0, 240, 240
L 1600.0000, 2140.0000, 0.0000,  1600.0000, 2170.0000, 0.0000,  0, 240, 240
L 1600.0000, 2140.0000, 0.0000,  1620.0000, 2140.0000, 0.0000,  0, 240, 240
L 1640.0000, 2140.0000, 0.0000,  1640.0000, 2110.0000, 0.0000,  0, 240, 240
L 1600.0000, 2110.0000, 0.0000,  1640.0000, 2110.0000, 0.0000,  0, 240, 240
L 1620.0000, 2140.0000, 0.0000,  1640.0000, 2140.0000, 0.0000,  0, 240, 240
L 1640.0000, 2170.0000, 0.0000,  1620.0000, 2140.0000, 0.0000,  0, 240, 240
L 1670.0000, 2140.0000, 0.0000,  1690.0000, 2140.0000, 0.0000,  0, 240, 240
L 1680.0000, 2110.0000, 0.0000,  1700.0000, 2170.0000, 0.0000,  0, 240, 240
L 1660.0000, 2170.0000, 0.0000,  1680.0000, 2110.0000, 0.0000,  0, 240, 240
L 1720.0000, 2110.0000, 0.0000,  1720.0000, 2170.0000, 0.0000,  0, 240, 240
L 1750.0000, 2170.0000, 0.0000,  1750.0000, 2110.0000, 0.0000,  0, 240, 240
L 1760.0000, 2170.0000, 0.0000,  1740.0000, 2170.0000, 0.0000,  0, 240, 240
L 1770.0000, 2140.0000, 0.0000,  1760.0000, 2170.0000, 0.0000,  0, 240, 240
L 1760.0000, 2110.0000, 0.0000,  1770.0000, 2140.0000, 0.0000,  0, 240, 240
L 1740.0000, 2110.0000, 0.0000,  1760.0000, 2110.0000, 0.0000,  0, 240, 240
L 1600.0000, 2200.0000, 0.0000,  1600.0000, 2230.0000, 0.0000,  0, 255, 0
L 1600.0000, 2260.0000, 0.0000,  1640.0000, 2260.0000, 0.0000,  0, 255, 0
L 1640.0000, 2230.0000, 0.0000,  1600.0000, 2230.0000, 0.0000,  0, 255, 0
L 1600.0000, 2200.0000, 0.0000,  1640.0000, 2200.0000, 0.0000,  0, 255, 0
L 1640.0000, 2230.0000, 0.0000,  1640.0000, 2260.0000, 0.0000,  0, 255, 0
L 1690.0000, 2230.0000, 0.0000,  1660.0000, 2230.0000, 0.0000,  0, 255, 0
L 1690.0000, 2200.0000, 0.0000,  1690.0000, 2230.0000, 0.0000,  0, 255, 0
L 1660.0000, 2200.0000, 0.0000,  1690.0000, 2200.0000, 0.0000,  0, 255, 0
L 1660.0000, 2260.0000, 0.0000,  1660.0000, 2200.0000, 0.0000,  0, 255, 0
L 1710.0000, 2230.0000, 0.0000,  1740.0000, 2230.0000, 0.0000,  0, 255, 0
L 1710.0000, 2260.0000, 0.0000,  1740.0000, 2260.0000, 0.0000,  0, 255, 0
L 1710.0000, 2200.0000, 0.0000,  1710.0000, 2260.0000, 0.0000,  0, 255, 0
L 1740.0000, 2200.0000, 0.0000,  1710.0000, 2200.0000, 0.0000,  0, 255, 0
L 1790.0000, 2260.0000, 0.0000,  1760.0000, 2260.0000, 0.0000,  0, 255, 0
L 1760.0000, 2200.0000, 0.0000,  1790.0000, 2200.0000, 0.0000,  0, 255, 0
L 1760.0000, 2260.0000, 0.0000,  1760.0000, 2200.0000, 0.0000,  0, 255, 0
L 1810.0000, 2200.0000, 0.0000,  1810.0000, 2260.0000, 0.0000,  0, 255, 0
L 1840.0000, 2230.0000, 0.0000,  1860.0000, 2230.0000, 0.0000,  0, 255, 0
L 1850.0000, 2200.0000, 0.0000,  1870.0000, 2260.0000, 0.0000,  0, 255, 0
L 1830.0000, 2260.0000, 0.0000,  1850.0000, 2200.0000, 0.0000,  0, 255, 0
L 1890.0000, 2200.0000, 0.0000,  1890.0000, 2260.0000, 0.0000,  0, 255, 0
L 1930.0000, 2260.0000, 0.0000,  1890.0000, 2260.0000, 0.0000,  0, 255, 0
L 2040.0000, 2260.0000, 0.0000,  2010.0000, 2260.0000, 0.0000,  0, 255, 0
L 2010.0000, 2200.0000, 0.0000,  2040.0000, 2200.0000, 0.0000,  0, 255, 0
L 2010.0000, 2260.0000, 0.0000,  2010.0000, 2200.0000, 0.0000,  0, 255, 0
L 2100.0000, 2200.0000, 0.0000,  2100.0000, 2260.0000, 0.0000,  0, 255, 0
L 2060.0000, 2200.0000, 0.0000,  2060.0000, 2260.0000, 0.0000,  0, 255, 0
L 2060.0000, 2260.0000, 0.0000,  2100.0000, 2260.0000, 0.0000,  0, 255, 0
L 2120.0000, 2200.0000, 0.0000,  2120.0000, 2230.0000, 0.0000,  0, 255, 0
L 2120.0000, 2230.0000, 0.0000,  2120.0000, 2260.0000, 0.0000,  0, 255, 0
L 2120.0000, 2230.0000, 0.0000,  2140.0000, 2230.0000, 0.0000,  0, 255, 0
L 2160.0000, 2230.0000, 0.0000,  2160.0000, 2200.0000, 0.0000,  0, 255, 0
L 2120.0000, 2200.0000, 0.0000,  2160.0000, 2200.0000, 0.0000,  0, 255, 0
L 2140.0000, 2230.0000, 0.0000,  2160.0000, 2230.0000, 0.0000,  0, 255, 0
L 2160.0000, 2260.0000, 0.0000,  2140.0000, 2230.0000, 0.0000,  0, 255, 0
L 2180.0000, 2200.0000, 0.0000,  2180.0000, 2230.0000, 0.0000,  0, 255, 0
L 2180.0000, 2230.0000, 0.0000,  2180.0000, 2260.0000, 0.0000,  0, 255, 0
L 2180.0000, 2230.0000, 0.0000,  2200.0000, 2230.0000, 0.0000,  0, 255, 0
L 2220.0000, 2230.0000, 0.0000,  2220.0000, 2200.0000, 0.0000,  0, 255, 0
L 2180.0000, 2200.0000, 0.0000,  2220.0000, 2200.0000, 0.0000,  0, 255, 0
L 2200.0000, 2230.0000, 0.0000,  2220.0000, 2230.0000, 0.0000,  0, 255, 0
L 2220.0000, 2260.0000, 0.0000,  2200.0000, 2230.0000, 0.0000,  0, 255, 0
L 2240.0000, 2230.0000, 0.0000,  2270.0000, 2230.0000, 0.0000,  0, 255, 0
L 2240.0000, 2260.0000, 0.0000,  2270.0000, 2260.0000, 0.0000,  0, 255, 0
L 2240.0000, 2200.0000, 0.0000,  2240.0000, 2260.0000, 0.0000,  0, 255, 0
L 2270.0000, 2200.0000, 0.0000,  2240.0000, 2200.0000, 0.0000,  0, 255, 0
L 2320.0000, 2260.0000, 0.0000,  2320.0000, 2200.0000, 0.0000,  0, 255, 0
L 2290.0000, 2200.0000, 0.0000,  2320.0000, 2260.0000, 0.0000,  0, 255, 0
L 2290.0000, 2260.0000, 0.0000,  2290.0000, 2200.0000, 0.0000,  0, 255, 0
L 2370.0000, 2260.0000, 0.0000,  2340.0000, 2260.0000, 0.0000,  0, 255, 0
L 2340.0000, 2200.0000, 0.0000,  2370.0000, 2200.0000, 0.0000,  0, 255, 0
L 2340.0000, 2260.0000, 0.0000,  2340.0000, 2200.0000, 0.0000,  0, 255, 0
L 2410.0000, 2230.0000, 0.0000,  2410.0000, 2260.0000, 0.0000,  0, 255, 0
L 2410.0000, 2230.0000, 0.0000,  2430.0000, 2200.0000, 0.0000,  0, 255, 0
L 2390.0000, 2200.0000, 0.0000,  2410.0000, 2230.0000, 0.0000,  0, 255, 0
L 1600.0000, 2290.0000, 0.0000,  1600.0000, 2320.0000, 0.0000,  255, 0, 0
L 1600.0000, 2350.0000, 0.0000,  1640.0000, 2350.0000, 0.0000,  255, 0, 0
L 1640.0000, 2320.0000, 0.0000,  1600.0000, 2320.0000, 0.0000,  255, 0, 0
L 1600.0000, 2290.0000, 0.0000,  1640.0000, 2290.0000, 0.0000,  255, 0, 0
L 1640.0000, 2320.0000, 0.0000,  1640.0000, 2350.0000, 0.0000,  255, 0, 0
L 1700.0000, 2290.0000, 0.0000,  1700.0000, 2350.0000, 0.0000,  255, 0, 0
L 1660.0000, 2290.0000, 0.0000,  1660.0000, 2350.0000, 0.0000,  255, 0, 0
L 1660.0000, 2350.0000, 0.0000,  1700.0000, 2350.0000, 0.0000,  255, 0, 0
L 1750.0000, 2350.0000, 0.0000,  1720.0000, 2350.0000, 0.0000,  255, 0, 0
L 1720.0000, 2290.0000, 0.0000,  1750.0000, 2290.0000, 0.0000,  255, 0, 0
L 1720.0000, 2350.0000, 0.0000,  1720.0000, 2290.0000, 0.0000,  255, 0, 0
L 1800.0000, 2350.0000, 0.0000,  1770.0000, 2350.0000, 0.0000,  255, 0, 0
L 1770.0000, 2290.0000, 0.0000,  1800.0000, 2290.0000, 0.0000,  255, 0, 0
L 1770.0000, 2350.0000, 0.0000,  1770.0000, 2290.0000, 0.0000,  255, 0, 0
L 1820.0000, 2290.0000, 0.0000,  1850.0000, 2290.0000, 0.0000,  255, 0, 0
L 1820.0000, 2350.0000, 0.0000,  1850.0000, 2350.0000, 0.0000,  255, 0, 0
L 1820.0000, 2290.0000, 0.0000,  1820.0000, 2350.0000, 0.0000,  255, 0, 0
L 1850.0000, 2290.0000, 0.0000,  1850.0000, 2350.0000, 0.0000,  255, 0, 0
L 1870.0000, 2290.0000, 0.0000,  1870.0000, 2320.0000, 0.0000,  255, 0, 0
L 1870.0000, 2320.0000, 0.0000,  1870.0000, 2350.0000, 0.0000,  255, 0, 0
L 1870.0000, 2320.0000, 0.0000,  1890.0000, 2320.0000, 0.0000,  255, 0, 0
L 1910.0000, 2320.0000, 0.0000,  1910.0000, 2290.0000, 0.0000,  255, 0, 0
L 1870.0000, 2290.0000, 0.0000,  1910.0000, 2290.0000, 0.0000,  255, 0, 0
L 1890.0000, 2320.0000, 0.0000,  1910.0000, 2320.0000, 0.0000,  255, 0, 0
L 1910.0000, 2350.0000, 0.0000,  1890.0000, 2320.0000, 0.0000,  255, 0, 0
L 1620.0000, 2380.0000, 0.0000,  1620.0000, 2440.0000, 0.0000,  255, 255, 0
L 1600.0000, 2380.0000, 0.0000,  1640.0000, 2380.0000, 0.0000,  255, 255, 0
L 1660.0000, 2410.0000, 0.0000,  1690.0000, 2410.0000, 0.0000,  255, 255, 0
L 1660.0000, 2440.0000, 0.0000,  1690.0000, 2440.0000, 0.0000,  255, 255, 0
L 1660.0000, 2380.0000, 0.0000,  1660.0000, 2440.0000, 0.0000,  255, 255, 0
L 1690.0000, 2380.0000, 0.0000,  1660.0000, 2380.0000, 0.0000,  255, 255, 0
L 1710.0000, 2380.0000, 0.0000,  1710.0000, 2440.0000, 0.0000,  255, 255, 0
L 1750.0000, 2440.0000, 0.0000,  1710.0000, 2440.0000, 0.0000,  255, 255, 0
L 1770.0000, 2410.0000, 0.0000,  1800.0000, 2410.0000, 0.0000,  255, 255, 0
L 1770.0000, 2440.0000, 0.0000,  1800.0000, 2440.0000, 0.0000,  255, 255, 0
L 1770.0000, 2380.0000, 0.0000,  1770.0000, 2440.0000, 0.0000,  255, 255, 0
L 1800.0000, 2380.0000, 0.0000,  1770.0000, 2380.0000, 0.0000,  255, 255, 0
L 1850.0000, 2410.0000, 0.0000,  1820.0000, 2410.0000, 0.0000,  255, 255, 0
L 1850.0000, 2380.0000, 0.0000,  1850.0000, 2410.0000, 0.0000,  255, 255, 0
L 1820.0000, 2380.0000, 0.0000,  1850.0000, 2380.0000, 0.0000,  255, 255, 0
L 1820.0000, 2440.0000, 0.0000,  1820.0000, 2380.0000, 0.0000,  255, 255, 0
L 1870.0000, 2380.0000, 0.0000,  1900.0000, 2380.0000, 0.0000,  255, 255, 0
L 1870.0000, 2440.0000, 0.0000,  1900.0000, 2440.0000, 0.0000,  255, 255, 0
L 1870.0000, 2380.0000, 0.0000,  1870.0000, 2440.0000, 0.0000,  255, 255, 0
L 1900.0000, 2380.0000, 0.0000,  1900.0000, 2440.0000, 0.0000,  255, 255, 0
L 1920.0000, 2380.0000, 0.0000,  1920.0000, 2410.0000, 0.0000,  255, 255, 0
L 1920.0000, 2410.0000, 0.0000,  1920.0000, 2440.0000, 0.0000,  255, 255, 0
L 1920.0000, 2410.0000, 0.0000,  1940.0000, 2410.0000, 0.0000,  255, 255, 0
L 1960.0000, 2410.0000, 0.0000,  1960.0000, 2380.0000, 0.0000,  255, 255, 0
L 1920.0000, 2380.0000, 0.0000,  1960.0000, 2380.0000, 0.0000,  255, 255, 0
L 1940.0000, 2410.0000, 0.0000,  1960.0000, 2410.0000, 0.0000,  255, 255, 0
L 1960.0000, 2440.0000, 0.0000,  1940.0000, 2410.0000, 0.0000,  255, 255, 0
L 2000.0000, 2380.0000, 0.0000,  2000.0000, 2440.0000, 0.0000,  255, 255, 0
L 1980.0000, 2380.0000, 0.0000,  2020.0000, 2380.0000, 0.0000,  255, 255, 0
L 1620.0000, 2470.0000, 0.0000,  1620.0000, 2530.0000, 0.0000,  128, 0, 128
L 1600.0000, 2470.0000, 0.0000,  1640.0000, 2470.0000, 0.0000,  128, 0, 128
L 1660.0000, 2470.0000, 0.0000,  1660.0000, 2500.0000, 0.0000,  128, 0, 128
L 1660.0000, 2500.0000, 0.0000,  1660.0000, 2530.0000, 0.0000,  128, 0, 128
L 1660.0000, 2500.0000, 0.0000,  1680.0000, 2500.0000, 0.0000,  128, 0, 128
L 1700.0000, 2500.0000, 0.0000,  1700.0000, 2470.0000, 0.0000,  128, 0, 128
L 1660.0000, 2470.0000, 0.0000,  1700.0000, 2470.0000, 0.0000,  128, 0, 128
L 1680.0000, 2500.0000, 0.0000,  1700.0000, 2500.0000, 0.0000,  128, 0, 128
L 1700.0000, 2530.0000, 0.0000,  1680.0000, 2500.0000, 0.0000,  128, 0, 128
L 1730.0000, 2500.0000, 0.0000,  1750.0000, 2500.0000, 0.0000,  128, 0, 128
L 1740.0000, 2470.0000, 0.0000,  1760.0000, 2530.0000, 0.0000,  128, 0, 128
L 1720.0000, 2530.0000, 0.0000,  1740.0000, 2470.0000, 0.0000,  128, 0, 128
L 1790.0000, 2530.0000, 0.0000,  1790.0000, 2470.0000, 0.0000,  128, 0, 128
L 1800.0000, 2530.0000, 0.0000,  1780.0000, 2530.0000, 0.0000,  128, 0, 128
L 1810.0000, 2500.0000, 0.0000,  1800.0000, 2530.0000, 0.0000,  128, 0, 128
L 1800.0000, 2470.0000, 0.0000,  1810.0000, 2500.0000, 0.0000,  128, 0, 128
L 1780.0000, 2470.0000, 0.0000,  1800.0000, 2470.0000, 0.0000,  128, 0, 128
L 1830.0000, 2500.0000, 0.0000,  1860.0000, 2500.0000, 0.0000,  128, 0, 128
L 1830.0000, 2530.0000, 0.0000,  1860.0000, 2530.0000, 0.0000,  128, 0, 128
L 1830.0000, 2470.0000, 0.0000,  1830.0000, 2530.0000, 0.0000,  128, 0, 128
L 1860.0000, 2470.0000, 0.0000,  1830.0000, 2470.0000, 0.0000,  128, 0, 128
L 1880.0000, 2470.0000, 0.0000,  1880.0000, 2500.0000, 0.0000,  128, 0, 128
L 1880.0000, 2530.0000, 0.0000,  1920.0000, 2530.0000, 0.0000,  128, 0, 128
L 1920.0000, 2500.0000, 0.0000,  1880.0000, 2500.0000, 0.0000,  128, 0, 128
L 1880.0000, 2470.0000, 0.0000,  1920.0000, 2470.0000, 0.0000,  128, 0, 128
L 1920.0000, 2500.0000, 0.0000,  1920.0000, 2530.0000, 0.0000,  128, 0, 128
L 1940.0000, 2470.0000, 0.0000,  1940.0000, 2500.0000, 0.0000,  128, 0, 128
L 1940.0000, 2500.0000, 0.0000,  1940.0000, 2530.0000, 0.0000,  128, 0, 128
L 1940.0000, 2500.0000, 0.0000,  1980.0000, 2530.0000, 0.0000,  128, 0, 128
L 1940.0000, 2500.0000, 0.0000,  1980.0000, 2470.0000, 0.0000,  128, 0, 128
L 2000.0000, 2470.0000, 0.0000,  2000.0000, 2530.0000, 0.0000,  128, 0, 128
L 2020.0000, 2470.0000, 0.0000,  2020.0000, 2530.0000, 0.0000,  128, 0, 128
L 2060.0000, 2530.0000, 0.0000,  2020.0000, 2530.0000, 0.0000,  128, 0, 128
L 2080.0000, 2470.0000, 0.0000,  2080.0000, 2530.0000, 0.0000,  128, 0, 128
L 2120.0000, 2530.0000, 0.0000,  2080.0000, 2530.0000, 0.0000,  128, 0, 128
L 2230.0000, 2530.0000, 0.0000,  2200.0000, 2530.0000, 0.0000,  128, 0, 128
L 2200.0000, 2470.0000, 0.0000,  2230.0000, 2470.0000, 0.0000,  128, 0, 128
L 2200.0000, 2530.0000, 0.0000,  2200.0000, 2470.0000, 0.0000,  128, 0, 128
L 2250.0000, 2470.0000, 0.0000,  2280.0000, 2470.0000, 0.0000,  128, 0, 128
L 2250.0000, 2530.0000, 0.0000,  2280.0000, 2530.0000, 0.0000,  128, 0, 128
L 2250.0000, 2470.0000, 0.0000,  2250.0000, 2530.0000, 0.0000,  128, 0, 128
L 2280.0000, 2470.0000, 0.0000,  2280.0000, 2530.0000, 0.0000,  128, 0, 128
L 2330.0000, 2530.0000, 0.0000,  2330.0000, 2470.0000, 0.0000,  128, 0, 128
L 2300.0000, 2470.0000, 0.0000,  2330.0000, 2530.0000, 0.0000,  128, 0, 128
L 2300.0000, 2530.0000, 0.0000,  2300.0000, 2470.0000, 0.0000,  128, 0, 128
L 2370.0000, 2470.0000, 0.0000,  2370.0000, 2530.0000, 0.0000,  128, 0, 128
L 2350.0000, 2470.0000, 0.0000,  2390.0000, 2470.0000, 0.0000,  128, 0, 128
L 2420.0000, 2500.0000, 0.0000,  2440.0000, 2500.0000, 0.0000,  128, 0, 128
L 2430.0000, 2470.0000, 0.0000,  2450.0000, 2530.0000, 0.0000,  128, 0, 128
L 2410.0000, 2530.0000, 0.0000,  2430.0000, 2470.0000, 0.0000,  128, 0, 128
L 2470.0000, 2470.0000, 0.0000,  2470.0000, 2530.0000, 0.0000,  128, 0, 128
L 2520.0000, 2530.0000, 0.0000,  2520.0000, 2470.0000, 0.0000,  128, 0, 128
L 2490.0000, 2470.0000, 0.0000,  2520.0000, 2530.0000, 0.0000,  128, 0, 128
L 2490.0000, 2530.0000, 0.0000,  2490.0000, 2470.0000, 0.0000,  128, 0, 128
L 2540.0000, 2500.0000, 0.0000,  2570.0000, 2500.0000, 0.0000,  128, 0, 128
L 2540.0000, 2530.0000, 0.0000,  2570.0000, 2530.0000, 0.0000,  128, 0, 128
L 2540.0000, 2470.0000, 0.0000,  2540.0000, 2530.0000, 0.0000,  128, 0, 128
L 2570.0000, 2470.0000, 0.0000,  2540.0000, 2470.0000, 0.0000,  128, 0, 128
L 2590.0000, 2470.0000, 0.0000,  2590.0000, 2500.0000, 0.0000,  128, 0, 128
L 2590.0000, 2500.0000, 0.0000,  2590.0000, 2530.0000, 0.0000,  128, 0, 128
L 2590.0000, 2500.0000, 0.0000,  2610.0000, 2500.0000, 0.0000,  128, 0, 128
L 2630.0000, 2500.0000, 0.0000,  2630.0000, 2470.0000, 0.0000,  128, 0, 128
L 2590.0000, 2470.0000, 0.0000,  2630.0000, 2470.0000, 0.0000,  128, 0, 128
L 2610.0000, 2500.0000, 0.0000,  2630.0000, 2500.0000, 0.0000,  128, 0, 128
L 2630.0000, 2530.0000, 0.0000,  2610.0000, 2500.0000, 0.0000,  128, 0, 128
L 1620.0000, 2560.0000, 0.0000,  1620.0000, 2620.0000, 0.0000,  255, 255, 0
L 1600.0000, 2560.0000, 0.0000,  1640.0000, 2560.0000, 0.0000,  255, 255, 0
L 1660.0000, 2560.0000, 0.0000,  1660.0000, 2590.0000, 0.0000,  255, 255, 0
L 1660.0000, 2590.0000, 0.0000,  1660.0000, 2620.0000, 0.0000,  255, 255, 0
L 1660.0000, 2590.0000, 0.0000,  1680.0000, 2590.0000, 0.0000,  255, 255, 0
L 1700.0000, 2590.0000, 0.0000,  1700.0000, 2560.0000, 0.0000,  255, 255, 0
L 1660.0000, 2560.0000, 0.0000,  1700.0000, 2560.0000, 0.0000,  255, 255, 0
L 1680.0000, 2590.0000, 0.0000,  1700.0000, 2590.0000, 0.0000,  255, 255, 0
L 1700.0000, 2620.0000, 0.0000,  1680.0000, 2590.0000, 0.0000,  255, 255, 0
L 1730.0000, 2590.0000, 0.0000,  1750.0000, 2590.0000, 0.0000,  255, 255, 0
L 1740.0000, 2560.0000, 0.0000,  1760.0000, 2620.0000, 0.0000,  255, 255, 0
L 1720.0000, 2620.0000, 0.0000,  1740.0000, 2560.0000, 0.0000,  255, 255, 0
L 1810.0000, 2590.0000, 0.0000,  1780.0000, 2590.0000, 0.0000,  255, 255, 0
L 1810.0000, 2560.0000, 0.0000,  1810.0000, 2590.0000, 0.0000,  255, 255, 0
L 1780.0000, 2560.0000, 0.0000,  1810.0000, 2560.0000, 0.0000,  255, 255, 0
L 1780.0000, 2620.0000, 0.0000,  1780.0000, 2560.0000, 0.0000,  255, 255, 0
L 1630.0000, 2650.0000, 0.0000,  1600.0000, 2650.0000, 0.0000,  255, 0, 0
L 1600.0000, 2710.0000, 0.0000,  1630.0000, 2650.0000, 0.0000,  255, 0, 0
L 1600.0000, 2710.0000, 0.0000,  1630.0000, 2710.0000, 0.0000,  255, 0, 0
L 1650.0000, 2650.0000, 0.0000,  1680.0000, 2650.0000, 0.0000,  255, 0, 0
L 1650.0000, 2710.0000, 0.0000,  1680.0000, 2710.0000, 0.0000,  255, 0, 0
L 1650.0000, 2650.0000, 0.0000,  1650.0000, 2710.0000, 0.0000,  255, 0, 0
L 1680.0000, 2650.0000, 0.0000,  1680.0000, 2710.0000, 0.0000,  255, 0, 0
L 1730.0000, 2710.0000, 0.0000,  1730.0000, 2650.0000, 0.0000,  255, 0, 0
L 1700.0000, 2650.0000, 0.0000,  1730.0000, 2710.0000, 0.0000,  255, 0, 0
L 1700.0000, 2710.0000, 0.0000,  1700.0000, 2650.0000, 0.0000,  255, 0, 0
L 1750.0000, 2680.0000, 0.0000,  1780.0000, 2680.0000, 0.0000,  255, 0, 0
L 1750.0000, 2710.0000, 0.0000,  1780.0000, 2710.0000, 0.0000,  255, 0, 0
L 1750.0000, 2650.0000, 0.0000,  1750.0000, 2710.0000, 0.0000,  255, 0, 0
L 1780.0000, 2650.0000, 0.0000,  1750.0000, 2650.0000, 0.0000,  255, 0, 0
P 600.0000, 1000.0000, 0.0000,  0, 0, 0,  2,  Original_Map:_Breganz_of_Crimson_Tempest
P 600.0000, 1200.0000, 0.0000,  0, 0, 0,  2,  Revised_Map:_Brewall_Rainsiger_(Cazic-Thule)
P 600.0000, 1400.0000, 0.0000,  0, 0, 0,  2,  http://www.eqmaps.info
P 600.0000, 1600.0000, 0.0000,  0, 0, 0,  2,  Return_of_the_Exiled_(www.roteguild.org)
P 600.0000, 1800.0000, 0.0000,  240, 240, 0,  2,  A._Cruelty_T'Vyl_ground_spawn
P 600.0000, 2000.0000, 0.0000,  240, 240, 240,  2,  B._Dredging_Drudgery_ground_spawn
P 600.0000, 2200.0000, 0.0000,  127, 0, 127,  2,  C._Twenty_Leagues_ground_spawn_(Kedge_Counterblow_HA)
P 600.0000, 2400.0000, 0.0000,  0, 0, 0,  2,  D._Armatalium_Odalia_mob_drop_(Doomscale_mobs)
P 600.0000, 2600.0000, 0.0000,  127, 64, 0,  2,  Frachessa_the_Feared_PH=_a_hateful_Doomscale_wrathforged
P 600.0000, 2800.0000, 0.0000,  127, 64, 0,  2,  Fractureshell_PH=_a_fractured_regrua
P 600.0000, 3000.0000, 0.0000,  127, 64, 0,  2,  High_Guard_Vnayyanye_(Kedge_Counterblow_HA)
P 600.0000, 3200.0000, 0.0000,  127, 64, 0,  2,  Indagator_Mortem_Livianus_PH=_a_timid_indagator_vocantem
P 600.0000, 3400.0000, 0.0000,  127, 64, 0,  2,  Necromaticus_Abominatio_PH=_an_aboninatio_elementaribus
P 600.0000, 3600.0000, 0.0000,  127, 64, 0,  2,  Praetor_Ledalus_Thaddaeus_PH=_a_supurbus_praetor_lucem
P 600.0000, 3800.0000, 0.0000,  127, 64, 0,  2,  Pria_the_Penitent_PH=_a_penitent_Doomscale_cultist
P 600.0000, 4000.0000, 0.0000,  127, 64, 0,  2,  Saevus_Lapis_Operarius_PH=_an_inconstans_lapis_operarius
P 600.0000, 4200.0000, 0.0000,  127, 64, 0,  2,  Vicarum_Spiritus_Psyche_PH=_an_inanimatum_vicarum_spiritus
P 600.0000, 4400.0000, 0.0000,  127, 64, 0,  2,  Warleader_Jocelyn_PH=_a_warleader_follower
