P -1327.0000, -1340.0000, -28.0000,  240, 0, 0,  3,  to_The_Plane_of_Smoke
P 583.0000, -134.0000, -43.0000,  240, 0, 0,  3,  to_Aalishai:_Palace_of_Embers
P -974.0000, -418.0000, 62.0000,  0, 240, 240,  2,  Horizon_Blighted_Sage_(Quest,Raid)
P 948.0000, -255.0000, -47.0000,  0, 127, 127,  2,  Star_Stealing_Sage_(Quests)
P 931.0000, -314.0000, -44.0000,  0, 0, 0,  2,  Unfettered_Monsoon
P 924.0000, -335.0000, -44.0000,  0, 0, 0,  2,  Bright_Flickering
P 964.0000, -330.0000, -44.0000,  0, 0, 0,  2,  Darkening_Sky_Temper
P 298.0000, -1315.0000, 16.0000,  240, 240, 240,  2,  Spiders
P -1368.0000, -395.0000, 50.0000,  240, 240, 240,  2,  Pheonix
P 770.4973, 858.4532, 19.9650,  0, 0, 0,  2,  Blazing_Battleworn_Eyes
P 1236.7477, -1224.0082, 3.2052,  240, 240, 240,  2,  Inactive_Teleport_Pad
P -1631.3007, 725.4615, 2.2105,  240, 240, 240,  2,  Inactive_Teleport_Pad_(Water)
P -821.0000, 698.0000, 15.0000,  240, 240, 240,  2,  Tower_7
P 797.0000, -516.0000, 11.0000,  240, 240, 240,  2,  Tower_4
P -1060.0000, -1145.0000, 40.0000,  240, 240, 240,  2,  Tower_1
P 141.0000, -1009.0000, 3.0000,  240, 240, 240,  2,  Tower_2
P 1055.0000, -1447.0000, 3.0000,  240, 240, 240,  2,  Tower_3
P 538.0000, 1296.0000, 12.0000,  240, 240, 240,  2,  Tower_6
P 804.0000, -45.0000, 13.0000,  240, 240, 240,  2,  Tower_5
P -1308.9761, -1502.7466, -47.5935,  0, 127, 127,  2,  Charred_Forest_(Quests)
P -1274.7688, -1334.5912, -27.7910,  0, 0, 0,  2,  Fever's_Enlightenment
