P 2.4180, 31.5930, -0.3990,  255, 0, 0,  3,  to_Valdeholm
P 720.0000, -999.0000, -97.0000,  0, 0, 0,  2,  Rallosian_Colyte_Aemon
P -1.0000, -1388.0000, -238.0000,  0, 0, 0,  2,  Lorekeeper_Thoren_Goldentongue
P -0.3790, -1387.5176, -237.0330,  0, 0, 0,  2,  Lorekeeper_Bentolf
P 408.0000, -827.0000, -149.0000,  0, 0, 0,  2,  Shangkai
P 190.3760, -1777.8185, -266.4965,  128, 64, 0,  2,  Haze
P 190.1714, -2139.5330, -266.4965,  128, 64, 0,  2,  Fallow
P -178.9609, -2098.2996, -266.4956,  128, 64, 0,  2,  Crusher
P -174.6811, -1765.0398, -266.4965,  128, 64, 0,  2,  The_Fleshless
P 28.8493, -1949.2986, -266.4965,  128, 64, 0,  2,  Grenrik_the_Addled
P -25.0000, -214.0000, -68.0000,  255, 255, 255,  2,  1_Entry_Hall
P -214.0000, -100.0000, -64.0000,  255, 255, 255,  2,  2_West_Wing
P 239.0000, -57.0000, -66.0000,  255, 255, 255,  2,  3_East_Wing
P 1.0000, -1547.0000, -230.0000,  255, 255, 255,  2,  4_Statue
P -1.9537, -1596.1569, -233.6164,  255, 255, 255,  2,  Maze_after_locked_statue
P -325.0000, -1985.0000, -145.0000,  255, 255, 255,  2,  Shade_Prison
P 330.0000, -1475.0000, -145.0000,  255, 255, 255,  2,  Shade_Temple
P -280.0000, -620.0000, -145.0000,  255, 255, 255,  2,  Shade_Meeting
P 270.0000, -1867.0000, -145.0000,  255, 255, 246,  2,  Shade_Treasure
P 0.0000, -225.0000, -77.0000,  255, 255, 255,  2,  Statue_(click)
P -32.0000, -1588.0000, -234.0000,  255, 255, 255,  2,  Torches_(click)
P 365.0000, -1470.0000, -129.0000,  0, 0, 240,  1,  GS:_Relic
P 42.0278, -1993.0486, -308.7622,  0, 0, 240,  1,  GS:_Gorod's_Medallion
P 141.5312, -1222.5348, -149.5688,  0, 0, 0,  2,  Icecrack
