L 38.0, -118.0, -10.0, 48.0, -118.0, -10.0, 0, 0, 0
L 38.0, -128.0, -10.0, 38.0, -118.0, -10.0, 0, 0, 0
L 48.0, -128.0, -10.0, 38.0, -128.0, -10.0, 0, 0, 0
L 48.0, -118.0, -10.0, 48.0, -128.0, -10.0, 0, 0, 0
L 98.0, -128.0, -10.0, 88.0, -128.0, -10.0, 0, 0, 0
L 98.0, -118.0, -10.0, 98.0, -128.0, -10.0, 0, 0, 0
L 88.0, -118.0, -10.0, 98.0, -118.0, -10.0, 0, 0, 0
L 88.0, -128.0, -10.0, 88.0, -118.0, -10.0, 0, 0, 0
L 98.0, 117.0, -10.0, 88.0, 117.0, -10.0, 0, 0, 0
L 98.0, 126.0, -10.0, 98.0, 117.0, -10.0, 0, 0, 0
L 88.0, 126.0, -10.0, 98.0, 126.0, -10.0, 0, 0, 0
L 88.0, 117.0, -10.0, 88.0, 126.0, -10.0, 0, 0, 0
L 48.0, 126.0, -10.0, 48.0, 117.0, -10.0, 0, 0, 0
L 38.0, 126.0, -10.0, 48.0, 126.0, -10.0, 0, 0, 0
L 38.0, 117.0, -10.0, 38.0, 126.0, -10.0, 0, 0, 0
L 48.0, 117.0, -10.0, 38.0, 117.0, -10.0, 0, 0, 0
L -38.0, 15.0, -1.0, -28.0, 15.0, -1.0, 0, 0, 0
L -38.0, 22.0, -1.0, -38.0, 15.0, -1.0, 0, 0, 0
L -50.0, 22.0, -1.0, -38.0, 22.0, -1.0, 0, 0, 0
L -50.0, 15.0, -1.0, -50.0, 22.0, -1.0, 0, 0, 0
L -60.0, 15.0, -1.0, -50.0, 15.0, -1.0, 0, 0, 0
L -60.0, 22.0, -1.0, -60.0, 15.0, -1.0, 0, 0, 0
L -72.0, 22.0, -1.0, -60.0, 22.0, -1.0, 0, 0, 0
L -72.0, 15.0, -1.0, -72.0, 22.0, -1.0, 0, 0, 0
L -82.0, 15.0, -1.0, -72.0, 15.0, -1.0, 0, 0, 0
L -82.0, 22.0, -1.0, -82.0, 15.0, -1.0, 0, 0, 0
L -87.0, 22.0, -1.0, -82.0, 22.0, -1.0, 0, 0, 0
L -82.0, -23.0, -1.0, -87.0, -23.0, -1.0, 0, 0, 0
L -82.0, -16.0, -1.0, -82.0, -23.0, -1.0, 0, 0, 0
L -72.0, -16.0, -1.0, -82.0, -16.0, -1.0, 0, 0, 0
L -72.0, -23.0, -1.0, -72.0, -16.0, -1.0, 0, 0, 0
L -60.0, -23.0, -1.0, -72.0, -23.0, -1.0, 0, 0, 0
L -60.0, -16.0, -1.0, -60.0, -23.0, -1.0, 0, 0, 0
L -50.0, -16.0, -1.0, -60.0, -16.0, -1.0, 0, 0, 0
L -50.0, -23.0, -1.0, -50.0, -16.0, -1.0, 0, 0, 0
L -38.0, -23.0, -1.0, -50.0, -23.0, -1.0, 0, 0, 0
L -38.0, -16.0, -1.0, -38.0, -23.0, -1.0, 0, 0, 0
L -28.0, -16.0, -1.0, -38.0, -16.0, -1.0, 0, 0, 0
L 4.0, -28.0, -1.0, -6.0, -37.0, -1.0, 150, 150, 150
L -2.0, -39.0, 0.0, 5.0, -30.0, 0.0, 150, 150, 150
L 7.0, -32.0, 0.0, 0.0, -40.0, 0.0, 150, 150, 150
L 2.0, -42.0, 2.0, 8.0, -32.0, 2.0, 150, 150, 150
L 10.0, -33.0, 3.0, 5.0, -44.0, 3.0, 150, 150, 150
L 8.0, -45.0, 5.0, 12.0, -33.0, 5.0, 150, 150, 150
L 14.0, -34.0, 6.0, 11.0, -47.0, 6.0, 150, 150, 150
L 14.0, -48.0, 7.0, 16.0, -34.0, 7.0, 150, 150, 150
L 18.0, -34.0, 9.0, 18.0, -48.0, 9.0, 150, 150, 150
L 21.0, -48.0, 10.0, 19.0, -34.0, 10.0, 150, 150, 150
L 25.0, -48.0, 12.0, 21.0, -34.0, 12.0, 150, 150, 150
L 25.0, 47.0, 12.0, 21.0, 32.0, 12.0, 150, 150, 150
L 21.0, 47.0, 10.0, 19.0, 33.0, 10.0, 150, 150, 150
L 18.0, 47.0, 9.0, 18.0, 33.0, 9.0, 150, 150, 150
L 14.0, 47.0, 7.0, 16.0, 33.0, 7.0, 150, 150, 150
L 11.0, 46.0, 6.0, 14.0, 33.0, 6.0, 150, 150, 150
L 8.0, 44.0, 5.0, 12.0, 32.0, 5.0, 150, 150, 150
L 5.0, 43.0, 3.0, 10.0, 32.0, 3.0, 150, 150, 150
L 2.0, 41.0, 2.0, 8.0, 31.0, 2.0, 150, 150, 150
L 0.0, 39.0, 0.0, 7.0, 30.0, 0.0, 150, 150, 150
L -2.0, 38.0, 0.0, 5.0, 28.0, 0.0, 150, 150, 150
L 4.0, 27.0, -1.0, -5.0, 36.0, -1.0, 150, 150, 150
L 26.0, 47.0, 16.0, 14.0, 47.0, 10.0, 0, 0, 0
L -28.0, 23.0, -1.0, 14.0, 47.0, 10.0, 0, 0, 0
L -28.0, 15.0, -1.0, -28.0, 23.0, -1.0, 0, 0, 0
L 37.0, -9.0, -1.0, 30.0, -10.0, -1.0, 0, 0, 0
L 28.0, 8.0, -1.0, 38.0, 8.0, -1.0, 0, 0, 0
L 30.0, 17.0, -1.0, 28.0, 8.0, -1.0, 0, 0, 0
L 27.0, 22.0, -1.0, 30.0, 17.0, -1.0, 0, 0, 0
L 22.0, 26.0, -1.0, 27.0, 22.0, -1.0, 0, 0, 0
L 16.0, 27.0, -1.0, 22.0, 26.0, -1.0, 0, 0, 0
L 10.0, 25.0, -1.0, 16.0, 27.0, -1.0, 0, 0, 0
L 5.0, 20.0, -1.0, 10.0, 25.0, -1.0, 0, 0, 0
L 0.0, 24.0, -1.0, 5.0, 20.0, -1.0, 0, 0, 0
L 30.0, -19.0, -1.0, 30.0, -10.0, -1.0, 0, 0, 0
L 27.0, -24.0, -1.0, 30.0, -19.0, -1.0, 0, 0, 0
L 22.0, -27.0, -1.0, 27.0, -24.0, -1.0, 0, 0, 0
L 16.0, -28.0, -1.0, 22.0, -27.0, -1.0, 0, 0, 0
L 10.0, -26.0, -1.0, 16.0, -28.0, -1.0, 0, 0, 0
L 5.0, -22.0, -1.0, 10.0, -26.0, -1.0, 0, 0, 0
L 0.0, -25.0, -1.0, 5.0, -22.0, -1.0, 0, 0, 0
L 7.0, -32.0, 5.0, 0.0, -25.0, -1.0, 0, 0, 0
L 15.0, -34.0, 10.0, 7.0, -32.0, 5.0, 0, 0, 0
L 24.0, -33.0, 16.0, 15.0, -34.0, 10.0, 0, 0, 0
L 15.0, 33.0, 9.0, 24.0, 32.0, 16.0, 0, 0, 0
L 8.0, 31.0, 5.0, 15.0, 33.0, 9.0, 0, 0, 0
L 0.0, 24.0, -1.0, 8.0, 31.0, 5.0, 0, 0, 0
L -28.0, -24.0, -1.0, 13.0, -48.0, 9.0, 0, 0, 0
L -28.0, -16.0, -1.0, -28.0, -24.0, -1.0, 0, 0, 0
L 13.0, -48.0, 9.0, 26.0, -48.0, 16.0, 0, 0, 0
L 151.0, -52.0, 11.0, 161.0, -52.0, 11.0, 0, 0, 0
L 134.0, -52.0, 11.0, 151.0, -52.0, 11.0, 0, 0, 0
L 124.0, -52.0, 11.0, 134.0, -52.0, 11.0, 0, 0, 0
L 107.0, -52.0, 11.0, 124.0, -52.0, 11.0, 0, 0, 0
L 97.0, -52.0, 11.0, 107.0, -52.0, 11.0, 0, 0, 0
L 86.0, -52.0, 11.0, 97.0, -52.0, 11.0, 0, 0, 0
L 86.0, -20.0, 11.0, 86.0, -52.0, 11.0, 0, 0, 0
L 97.0, -20.0, 11.0, 86.0, -20.0, 11.0, 0, 0, 0
L 97.0, -23.0, 11.0, 97.0, -20.0, 11.0, 0, 0, 0
L 107.0, -23.0, 11.0, 97.0, -23.0, 11.0, 0, 0, 0
L 107.0, -20.0, 11.0, 107.0, -23.0, 11.0, 0, 0, 0
L 123.0, -20.0, 11.0, 107.0, -20.0, 11.0, 0, 0, 0
L 123.0, -10.0, 11.0, 123.0, -20.0, 11.0, 0, 0, 0
L 119.0, -5.0, 11.0, 123.0, -10.0, 11.0, 0, 0, 0
L 120.0, 8.0, 11.0, 119.0, 4.0, 11.0, 0, 0, 0
L 123.0, 9.0, 11.0, 120.0, 8.0, 11.0, 0, 0, 0
L 123.0, 19.0, 11.0, 123.0, 9.0, 11.0, 0, 0, 0
L 107.0, 19.0, 11.0, 123.0, 19.0, 11.0, 0, 0, 0
L 107.0, 22.0, 11.0, 107.0, 19.0, 11.0, 0, 0, 0
L 97.0, 22.0, 11.0, 107.0, 22.0, 11.0, 0, 0, 0
L 97.0, 19.0, 11.0, 97.0, 22.0, 11.0, 0, 0, 0
L 86.0, 19.0, 11.0, 97.0, 19.0, 11.0, 0, 0, 0
L 86.0, 51.0, 11.0, 86.0, 19.0, 11.0, 0, 0, 0
L 97.0, 51.0, 11.0, 86.0, 51.0, 11.0, 0, 0, 0
L 107.0, 51.0, 11.0, 97.0, 51.0, 11.0, 0, 0, 0
L 124.0, 51.0, 11.0, 107.0, 51.0, 11.0, 0, 0, 0
L 134.0, 51.0, 11.0, 124.0, 51.0, 11.0, 0, 0, 0
L 151.0, 51.0, 11.0, 134.0, 51.0, 11.0, 0, 0, 0
L 161.0, 51.0, 11.0, 151.0, 51.0, 11.0, 0, 0, 0
L 161.0, -52.0, 11.0, 179.0, -52.0, 14.0, 0, 0, 0
L 179.0, -52.0, 14.0, 179.0, -50.0, 14.0, 0, 0, 0
L 208.0, -36.0, 36.0, 180.0, -36.0, 26.0, 0, 0, 0
L 235.0, -36.0, 40.0, 208.0, -36.0, 36.0, 0, 0, 0
L 188.0, -50.0, 18.0, 179.0, -50.0, 14.0, 0, 0, 0
L 188.0, -53.0, 18.0, 188.0, -50.0, 18.0, 0, 0, 0
L 207.0, -53.0, 27.0, 188.0, -53.0, 18.0, 0, 0, 0
L 208.0, -50.0, 28.0, 207.0, -50.0, 27.0, 0, 0, 0
L 207.0, -53.0, 27.0, 207.0, -50.0, 27.0, 0, 0, 0
L 161.0, 51.0, 11.0, 179.0, 51.0, 11.0, 0, 0, 0
L 179.0, 49.0, 14.0, 179.0, 51.0, 14.0, 0, 0, 0
L 208.0, 35.0, 26.0, 180.0, 35.0, 24.0, 0, 0, 0
L 188.0, 49.0, 18.0, 179.0, 49.0, 14.0, 0, 0, 0
L 188.0, 52.0, 18.0, 188.0, 49.0, 18.0, 0, 0, 0
L 207.0, 52.0, 27.0, 188.0, 52.0, 18.0, 0, 0, 0
L 207.0, 49.0, 27.0, 207.0, 52.0, 27.0, 0, 0, 0
L 208.0, 35.0, 26.0, 235.0, 35.0, 40.0, 0, 0, 0
L 37.0, -9.0, -1.0, 43.0, -10.0, -1.0, 0, 0, 0
L 43.0, -10.0, -1.0, 43.0, -15.0, -1.0, 0, 0, 0
L 43.0, -15.0, -1.0, 43.0, -28.0, -9.0, 0, 0, 0
L 43.0, -28.0, -9.0, 49.0, -31.0, -9.0, 0, 0, 0
L 43.0, -56.0, -9.0, 35.0, -56.0, -9.0, 0, 0, 0
L 35.0, -56.0, -9.0, 35.0, -77.0, -9.0, 0, 0, 0
L 35.0, -77.0, -9.0, 43.0, -77.0, -9.0, 0, 0, 0
L 44.0, -90.0, -9.0, 43.0, -94.0, -9.0, 0, 0, 0
L 43.0, -94.0, -9.0, 20.0, -94.0, -9.0, 0, 0, 0
L 20.0, -94.0, -9.0, 9.0, -105.0, -9.0, 0, 0, 0
L 9.0, -105.0, -9.0, 9.0, -144.0, -9.0, 0, 0, 0
L 9.0, -144.0, -9.0, 20.0, -154.0, -9.0, 0, 0, 0
L 20.0, -154.0, -9.0, 118.0, -154.0, -9.0, 0, 0, 0
L 118.0, -154.0, -9.0, 129.0, -144.0, -9.0, 0, 0, 0
L 129.0, -144.0, -9.0, 129.0, -105.0, -9.0, 0, 0, 0
L 129.0, -105.0, -9.0, 118.0, -94.0, -9.0, 0, 0, 0
L 64.4, -77.7, -9.8, 90.0, -77.0, -17.0, 0, 0, 0
L 89.0, -56.0, -16.0, 64.4, -57.0, -9.8, 0, 0, 0
L 64.4, -28.5, -9.1, 64.0, -15.0, -1.0, 0, 0, 0
L 64.0, -15.0, -1.0, 64.0, -10.0, -1.0, 0, 0, 0
L 64.0, -10.0, -1.0, 71.0, -10.0, -1.0, 0, 0, 0
L 71.0, -10.0, -1.0, 107.0, -10.0, 11.0, 0, 0, 0
L 107.0, -10.0, 11.0, 112.0, -5.0, 11.0, 0, 0, 0
L 111.0, 4.0, 11.0, 110.0, 8.0, 11.0, 0, 0, 0
L 110.0, 8.0, 11.0, 107.0, 9.0, 11.0, 0, 0, 0
L 107.0, 9.0, 11.0, 71.0, 9.0, -1.0, 0, 0, 0
L 71.0, 9.0, -1.0, 64.0, 9.0, -1.0, 0, 0, 0
L 64.4, 54.7, -9.8, 89.0, 55.0, -17.0, 0, 0, 0
L 118.0, 93.0, -9.0, 129.0, 104.0, -9.0, 0, 0, 0
L 129.0, 104.0, -9.0, 129.0, 143.0, -9.0, 0, 0, 0
L 129.0, 143.0, -9.0, 118.0, 153.0, -9.0, 0, 0, 0
L 118.0, 153.0, -9.0, 20.0, 153.0, -9.0, 0, 0, 0
L 20.0, 153.0, -9.0, 9.0, 143.0, -9.0, 0, 0, 0
L 9.0, 143.0, -9.0, 9.0, 104.0, -9.0, 0, 0, 0
L 9.0, 104.0, -9.0, 20.0, 93.0, -9.0, 0, 0, 0
L 20.0, 93.0, -9.0, 43.0, 93.0, -9.0, 0, 0, 0
L 43.0, 93.0, -9.0, 44.0, 89.0, -9.0, 0, 0, 0
L 44.0, 79.0, -9.0, 43.0, 76.0, -9.0, 0, 0, 0
L 35.0, 76.0, -9.0, 35.0, 55.0, -9.0, 0, 0, 0
L 35.0, 55.0, -9.0, 43.0, 55.0, -9.0, 0, 0, 0
L 43.8, 31.2, -8.2, 43.0, 14.0, -1.0, 0, 0, 0
L 43.0, 14.0, -1.0, 43.0, 9.0, -1.0, 0, 0, 0
L 43.0, 9.0, -1.0, 38.0, 8.0, -1.0, 0, 0, 0
L 174.0, 17.0, 11.0, 174.0, 20.0, 11.0, 0, 0, 0
L 174.0, 20.0, 11.0, 207.0, 20.0, 11.0, 0, 0, 0
L 207.0, 20.0, 11.0, 207.0, -20.0, 11.0, 0, 0, 0
L 207.0, -20.0, 11.0, 174.0, -20.0, 11.0, 0, 0, 0
L 174.0, -20.0, 11.0, 174.0, -17.0, 11.0, 0, 0, 0
L 174.0, -3.0, 11.0, 174.0, 3.0, 11.0, 0, 0, 0
L 286.0, 9.0, 4.0, 279.0, 9.0, 4.0, 0, 0, 0
L 279.0, 9.0, 4.0, 250.0, 9.0, 11.0, 0, 0, 0
L 250.0, 9.0, 11.0, 246.0, 4.0, 11.0, 0, 0, 0
L 286.0, -10.0, 4.0, 279.0, -10.0, 4.0, 0, 0, 0
L 279.0, -10.0, 4.0, 250.0, -10.0, 11.0, 0, 0, 0
L 250.0, -10.0, 11.0, 246.0, -5.0, 11.0, 0, 0, 0
L 237.0, -9.0, 11.0, 238.0, -5.0, 11.0, 0, 0, 0
L 238.0, 4.0, 11.0, 237.0, 8.0, 11.0, 0, 0, 0
L 237.0, 8.0, 11.0, 234.0, 9.0, 11.0, 0, 0, 0
L 234.0, 9.0, 11.0, 234.0, 35.0, 11.0, 0, 0, 0
L 234.0, -36.0, 11.0, 234.0, -10.0, 11.0, 0, 0, 0
L 234.0, -10.0, 11.0, 237.0, -9.0, 11.0, 0, 0, 0
L 274.0, 4.0, 40.0, 269.0, 9.0, 40.0, 0, 255, 0
L 269.0, -10.0, 40.0, 274.0, -5.0, 40.0, 0, 255, 0
L 213.0, -83.0, 40.0, 213.0, -77.0, 40.0, 0, 255, 0
L 70.0, -82.0, 28.0, 76.0, -83.0, 28.0, 0, 255, 0
L 76.0, -83.0, 28.0, 76.0, -77.0, 28.0, 0, 255, 0
L 76.0, -77.0, 28.0, 85.0, -77.0, 28.0, 0, 255, 0
L 118.0, -77.0, 40.0, 85.0, -77.0, 28.0, 0, 255, 0
L 208.0, -50.0, 28.0, 216.0, -50.0, 32.0, 0, 255, 0
L 244.0, -49.0, 40.0, 244.0, -59.0, 40.0, 0, 255, 0
L 118.0, -57.0, 40.0, 85.0, -57.0, 28.0, 0, 255, 0
L 85.0, -57.0, 28.0, 76.0, -57.0, 28.0, 0, 255, 0
L 76.0, -57.0, 28.0, 76.0, -38.0, 28.0, 0, 255, 0
L 76.0, -38.0, 28.0, 70.0, -38.0, 28.0, 0, 255, 0
L 70.0, -38.0, 28.0, 70.0, -31.0, 28.0, 0, 255, 0
L 70.0, -31.0, 28.0, 74.0, -30.0, 28.0, 0, 255, 0
L 74.0, -30.0, 28.0, 74.0, 29.0, 28.0, 0, 255, 0
L 74.0, 29.0, 28.0, 70.0, 30.0, 28.0, 0, 255, 0
L 70.0, 30.0, 28.0, 70.0, 37.0, 28.0, 0, 255, 0
L 70.0, 37.0, 28.0, 74.0, 38.0, 28.0, 0, 255, 0
L 74.0, 38.0, 28.0, 76.0, 56.0, 28.0, 0, 255, 0
L 76.0, 56.0, 28.0, 85.0, 56.0, 29.0, 0, 255, 0
L 85.0, 56.0, 29.0, 118.0, 56.0, 40.0, 0, 255, 0
L 118.0, 56.0, 40.0, 124.0, 58.0, 40.0, 0, 255, 0
L 124.0, 58.0, 40.0, 134.0, 56.0, 40.0, 0, 255, 0
L 234.0, 48.0, 40.0, 234.0, 51.0, 40.0, 0, 255, 0
L 216.0, 49.0, 32.0, 207.0, 49.0, 27.0, 0, 255, 0
L 216.0, 51.0, 32.0, 216.0, 49.0, 32.0, 0, 255, 0
L 234.0, 51.0, 35.0, 216.0, 51.0, 32.0, 0, 255, 0
L 216.0, -52.0, 32.0, 216.0, -50.0, 32.0, 0, 255, 0
L 216.0, -52.0, 32.0, 234.0, -52.0, 40.0, 0, 255, 0
L 269.0, 9.0, 40.0, 269.0, 26.0, 40.0, 0, 255, 0
L 269.0, 26.0, 40.0, 261.0, 26.0, 40.0, 0, 255, 0
L 261.0, 26.0, 40.0, 261.0, 36.0, 40.0, 0, 255, 0
L 261.0, 36.0, 40.0, 269.0, 36.0, 40.0, 0, 255, 0
L 269.0, 36.0, 40.0, 269.0, 48.0, 40.0, 0, 255, 0
L 269.0, 48.0, 40.0, 261.0, 48.0, 40.0, 0, 255, 0
L 261.0, 48.0, 40.0, 261.0, 58.0, 40.0, 0, 255, 0
L 261.0, 58.0, 40.0, 269.0, 58.0, 40.0, 0, 255, 0
L 269.0, 58.0, 40.0, 269.0, 74.0, 40.0, 0, 255, 0
L 118.0, 76.0, 38.0, 85.0, 76.0, 28.0, 0, 255, 0
L 85.0, 76.0, 28.0, 76.0, 76.0, 28.0, 0, 255, 0
L 76.0, 76.0, 28.0, 76.0, 82.0, 28.0, 0, 255, 0
L 76.0, 82.0, 28.0, 70.0, 81.0, 28.0, 0, 255, 0
L 60.0, 81.0, 28.0, 56.0, 80.0, 28.0, 0, 255, 0
L 56.0, 80.0, 28.0, 55.0, 76.0, 28.0, 0, 255, 0
L 55.0, 76.0, 28.0, 47.0, 76.0, 28.0, 0, 255, 0
L 47.0, 76.0, 28.0, 47.0, 56.0, 28.0, 0, 255, 0
L 47.0, 56.0, 28.0, 55.0, 56.0, 28.0, 0, 255, 0
L 55.0, 56.0, 28.0, 60.0, 37.0, 28.0, 0, 255, 0
L 60.0, 37.0, 28.0, 60.0, 30.0, 28.0, 0, 255, 0
L 60.0, 30.0, 28.0, 56.0, 4.0, 28.0, 0, 255, 0
L 56.0, -6.0, 28.0, 56.0, -5.0, 28.0, 0, 255, 0
L 56.0, -6.0, 28.0, 60.0, -31.0, 28.0, 0, 255, 0
L 60.0, -31.0, 28.0, 60.0, -38.0, 28.0, 0, 255, 0
L 60.0, -38.0, 28.0, 55.0, -57.0, 28.0, 0, 255, 0
L 55.0, -57.0, 28.0, 47.0, -57.0, 28.0, 0, 255, 0
L 47.0, -77.0, 28.0, 55.0, -77.0, 28.0, 0, 255, 0
L 55.0, -77.0, 28.0, 60.0, -82.0, 28.0, 0, 255, 0
L 60.0, -82.0, 28.0, 60.0, -85.5, 28.0, 0, 255, 0
L 70.0, -89.0, 28.0, 70.0, -85.5, 28.0, 0, 255, 0
L 56.0, 4.0, 28.0, 49.0, 4.0, 28.0, 0, 255, 0
L 49.0, -5.0, 28.0, 56.0, -5.0, 28.0, 0, 255, 0
L 70.0, 81.0, 28.0, 70.0, 84.5, 28.0, 0, 255, 0
L 60.0, 88.0, 28.0, 60.0, 84.5, 28.0, 0, 255, 0
L 47.0, -57.0, 28.0, 47.0, -77.0, 28.0, 0, 255, 0
L 49.0, -5.0, 28.0, 49.0, -19.0, 28.0, 0, 255, 0
L 49.0, -19.0, 28.0, 46.0, -32.0, 23.0, 0, 255, 0
L 46.0, -32.0, 23.0, 42.0, -37.0, 20.0, 0, 255, 0
L 26.0, -48.0, 16.0, 38.0, -42.0, 17.0, 0, 255, 0
L 24.0, 32.0, 16.0, 31.0, 27.0, 23.0, 0, 255, 0
L 31.0, 27.0, 23.0, 36.0, 19.0, 28.0, 0, 255, 0
L 36.0, -14.0, 28.0, 36.0, -20.0, 27.0, 0, 255, 0
L 36.0, -20.0, 27.0, 31.0, -28.0, 23.0, 0, 255, 0
L 31.0, -28.0, 23.0, 24.0, -33.0, 16.0, 0, 255, 0
L 49.0, 4.0, 28.0, 49.0, 18.0, 28.0, 0, 255, 0
L 49.0, 18.0, 28.0, 46.0, 30.0, 23.0, 0, 255, 0
L 46.0, 30.0, 23.0, 37.0, 41.0, 17.0, 0, 255, 0
L 37.0, 41.0, 17.0, 26.0, 47.0, 16.0, 0, 255, 0
L 28.0, 46.0, 13.0, 23.0, 32.0, 13.0, 150, 150, 150
L 31.0, 44.0, 14.0, 25.0, 32.0, 14.0, 150, 150, 150
L 26.0, 30.0, 16.0, 34.0, 43.0, 16.0, 150, 150, 150
L 37.0, 41.0, 17.0, 28.0, 29.0, 17.0, 150, 150, 150
L 29.0, 28.0, 18.0, 39.0, 38.0, 18.0, 150, 150, 150
L 42.0, 35.0, 20.0, 31.0, 27.0, 20.0, 150, 150, 150
L 44.0, 33.0, 21.0, 32.0, 26.0, 21.0, 150, 150, 150
L 33.0, 24.0, 23.0, 46.0, 30.0, 23.0, 150, 150, 150
L 47.0, 27.0, 24.0, 34.0, 22.0, 24.0, 150, 150, 150
L 35.0, 21.0, 25.0, 48.0, 23.0, 25.0, 150, 150, 150
L 48.0, 20.0, 27.0, 36.0, 19.0, 27.0, 150, 150, 150
L 36.0, 19.0, 28.0, 36.0, 12.0, 28.0, 0, 255, 0
L 36.0, 12.0, 28.0, 36.0, -14.0, 28.0, 0, 255, 0
L 36.0, -20.0, 27.0, 48.0, -21.0, 27.0, 150, 150, 150
L 48.0, -25.0, 25.0, 35.0, -22.0, 25.0, 150, 150, 150
L 34.0, -24.0, 24.0, 47.0, -28.0, 24.0, 150, 150, 150
L 46.0, -31.0, 23.0, 33.0, -25.0, 23.0, 150, 150, 150
L 32.0, -27.0, 21.0, 44.0, -34.0, 21.0, 150, 150, 150
L 42.0, -37.0, 20.0, 38.0, -42.0, 17.0, 0, 255, 0
L 42.0, -37.0, 20.0, 31.0, -28.0, 20.0, 150, 150, 150
L 29.0, -30.0, 18.0, 40.0, -40.0, 18.0, 150, 150, 150
L 37.0, -42.0, 17.0, 28.0, -31.0, 17.0, 150, 150, 150
L 26.0, -32.0, 16.0, 34.0, -44.0, 16.0, 150, 150, 150
L 31.0, -45.0, 14.0, 25.0, -33.0, 14.0, 150, 150, 150
L 23.0, -33.0, 13.0, 28.0, -47.0, 13.0, 150, 150, 150
L 60.0, -89.0, 28.0, 55.0, -94.0, 28.0, 0, 255, 0
L 55.0, -94.0, 28.0, 32.0, -94.0, 28.0, 0, 255, 0
L 32.0, -94.0, 28.0, 35.0, -101.0, 28.0, 0, 255, 0
L 35.0, -101.0, 28.0, 28.0, -108.0, 28.0, 0, 255, 0
L 28.0, -108.0, 28.0, 21.0, -105.0, 28.0, 0, 255, 0
L 21.0, -105.0, 28.0, 21.0, -144.0, 28.0, 0, 255, 0
L 21.0, -144.0, 28.0, 28.0, -141.0, 28.0, 0, 255, 0
L 28.0, -141.0, 28.0, 35.0, -147.0, 28.0, 0, 255, 0
L 35.0, -147.0, 28.0, 32.0, -154.0, 28.0, 0, 255, 0
L 32.0, -154.0, 28.0, 130.0, -154.0, 28.0, 0, 255, 0
L 130.0, -154.0, 28.0, 127.0, -147.0, 28.0, 0, 255, 0
L 127.0, -147.0, 28.0, 134.0, -141.0, 28.0, 0, 255, 0
L 134.0, -141.0, 28.0, 141.0, -144.0, 28.0, 0, 255, 0
L 141.0, -144.0, 28.0, 141.0, -105.0, 28.0, 0, 255, 0
L 141.0, -105.0, 28.0, 134.0, -108.0, 28.0, 0, 255, 0
L 134.0, -108.0, 28.0, 127.0, -101.0, 28.0, 0, 255, 0
L 127.0, -101.0, 28.0, 130.0, -94.0, 28.0, 0, 255, 0
L 130.0, -94.0, 28.0, 76.0, -94.0, 28.0, 0, 255, 0
L 76.0, -94.0, 28.0, 76.0, -88.0, 28.0, 0, 255, 0
L 76.0, -88.0, 28.0, 75.0, -91.0, 28.0, 0, 255, 0
L 75.0, -91.0, 28.0, 70.0, -89.0, 28.0, 0, 255, 0
L 70.0, 88.0, 28.0, 75.0, 90.0, 28.0, 0, 255, 0
L 75.0, 90.0, 28.0, 76.0, 87.0, 28.0, 0, 255, 0
L 76.0, 87.0, 28.0, 76.0, 93.0, 28.0, 0, 255, 0
L 76.0, 93.0, 28.0, 130.0, 93.0, 28.0, 0, 255, 0
L 130.0, 93.0, 28.0, 127.0, 100.0, 28.0, 0, 255, 0
L 127.0, 100.0, 28.0, 134.0, 107.0, 28.0, 0, 255, 0
L 134.0, 107.0, 28.0, 141.0, 104.0, 28.0, 0, 255, 0
L 141.0, 104.0, 28.0, 141.0, 143.0, 28.0, 0, 255, 0
L 141.0, 143.0, 28.0, 134.0, 139.0, 28.0, 0, 255, 0
L 134.0, 139.0, 28.0, 127.0, 146.0, 28.0, 0, 255, 0
L 127.0, 146.0, 28.0, 130.0, 153.0, 28.0, 0, 255, 0
L 130.0, 153.0, 28.0, 32.0, 153.0, 28.0, 0, 255, 0
L 32.0, 153.0, 28.0, 35.0, 146.0, 28.0, 0, 255, 0
L 35.0, 146.0, 28.0, 28.0, 139.0, 28.0, 0, 255, 0
L 28.0, 139.0, 28.0, 21.0, 143.0, 28.0, 0, 255, 0
L 21.0, 143.0, 28.0, 21.0, 104.0, 28.0, 0, 255, 0
L 21.0, 104.0, 28.0, 28.0, 107.0, 28.0, 0, 255, 0
L 28.0, 107.0, 28.0, 35.0, 100.0, 28.0, 0, 255, 0
L 35.0, 100.0, 28.0, 32.0, 93.0, 28.0, 0, 255, 0
L 32.0, 93.0, 28.0, 55.0, 93.0, 28.0, 0, 255, 0
L 55.0, 93.0, 28.0, 60.0, 88.0, 28.0, 0, 255, 0
L 163.0, 153.0, 41.0, 166.0, 146.0, 41.0, 0, 255, 0
L 166.0, 146.0, 40.0, 159.0, 139.0, 40.0, 0, 255, 0
L 159.0, 139.0, 41.0, 152.0, 142.0, 41.0, 0, 255, 0
L 152.0, 142.0, 41.0, 152.0, 100.0, 41.0, 0, 255, 0
L 521.0, 35.0, -17.0, 521.0, 42.0, -17.0, 0, 0, 0
L 521.0, -53.0, -24.0, 521.0, -42.0, -17.0, 0, 0, 0
L 521.0, -42.0, -17.0, 521.0, -36.0, -17.0, 0, 0, 0
L 515.0, -37.0, -17.0, 521.0, -42.0, -17.0, 150, 150, 150
L 521.0, -36.0, -17.0, 515.0, -33.0, -15.0, 0, 0, 0
L 511.0, 9.0, -15.0, 511.0, -10.0, -15.0, 0, 0, 0
L 521.0, 35.0, -17.0, 514.0, 34.0, -15.0, 0, 0, 0
L 521.0, 42.0, -17.0, 521.0, 52.0, -24.0, 0, 0, 0
L 515.0, 36.0, -17.0, 521.0, 42.0, -17.0, 150, 150, 150
L 508.0, 20.0, -17.0, 515.0, 36.0, -17.0, 150, 150, 150
L 505.0, 4.0, -17.0, 508.0, 20.0, -17.0, 150, 150, 150
L 505.0, -5.0, -17.0, 505.0, 4.0, -17.0, 150, 150, 150
L 508.0, -21.0, -17.0, 505.0, -5.0, -17.0, 150, 150, 150
L 515.0, -37.0, -17.0, 508.0, -21.0, -17.0, 150, 150, 150
L 288.0, 61.0, -24.0, 286.0, 46.0, -24.0, 0, 0, 0
L 294.0, 58.0, -24.0, 288.0, 61.0, -24.0, 0, 0, 0
L 299.0, 66.0, -24.0, 294.0, 58.0, -24.0, 0, 0, 0
L 293.0, 69.0, -24.0, 299.0, 66.0, -24.0, 0, 0, 0
L 319.0, 95.0, -24.0, 293.0, 69.0, -24.0, 0, 0, 0
L 323.0, 90.0, -24.0, 319.0, 95.0, -24.0, 0, 0, 0
L 331.0, 94.0, -24.0, 323.0, 90.0, -24.0, 0, 0, 0
L 328.0, 100.0, -24.0, 331.0, 94.0, -24.0, 0, 0, 0
L 363.0, 110.0, -24.0, 328.0, 100.0, -24.0, 0, 0, 0
L 363.0, 103.0, -24.0, 363.0, 110.0, -24.0, 0, 0, 0
L 373.0, 103.0, -24.0, 363.0, 103.0, -24.0, 0, 0, 0
L 373.0, 110.0, -24.0, 373.0, 103.0, -24.0, 0, 0, 0
L 391.0, 110.0, -24.0, 373.0, 110.0, -24.0, 0, 0, 0
L 391.0, 103.0, -24.0, 391.0, 110.0, -24.0, 0, 0, 0
L 401.0, 103.0, -24.0, 391.0, 103.0, -24.0, 0, 0, 0
L 401.0, 110.0, -24.0, 401.0, 103.0, -24.0, 0, 0, 0
L 418.0, 110.0, -24.0, 401.0, 110.0, -24.0, 0, 0, 0
L 418.0, 103.0, -24.0, 418.0, 110.0, -24.0, 0, 0, 0
L 428.0, 103.0, -24.0, 418.0, 103.0, -24.0, 0, 0, 0
L 428.0, 110.0, -24.0, 428.0, 103.0, -24.0, 0, 0, 0
L 446.0, 110.0, -24.0, 428.0, 110.0, -24.0, 0, 0, 0
L 463.0, 101.0, -24.0, 446.0, 110.0, -24.0, 0, 0, 0
L 471.0, 96.0, -24.0, 463.0, 101.0, -24.0, 0, 0, 0
L 487.0, 87.0, -24.0, 471.0, 96.0, -24.0, 0, 0, 0
L 501.0, 73.0, -24.0, 487.0, 87.0, -24.0, 0, 0, 0
L 507.0, 67.0, -24.0, 501.0, 73.0, -24.0, 0, 0, 0
L 521.0, 52.0, -24.0, 507.0, 67.0, -24.0, 0, 0, 0
L 508.0, 47.0, -24.0, 521.0, 52.0, -24.0, 150, 150, 150
L 503.0, 57.0, -24.0, 508.0, 47.0, -24.0, 150, 150, 150
L 488.0, 39.0, -24.0, 484.0, 49.0, -24.0, 150, 150, 150
L 481.0, 32.0, -24.0, 488.0, 39.0, -24.0, 150, 150, 150
L 476.0, 22.0, -24.0, 481.0, 32.0, -24.0, 150, 150, 150
L 472.0, 12.0, -24.0, 476.0, 22.0, -24.0, 150, 150, 150
L 467.0, 9.0, -24.0, 472.0, 12.0, -24.0, 150, 150, 150
L 457.0, 7.0, -24.0, 467.0, 9.0, -24.0, 150, 150, 150
L 426.0, 7.0, -24.0, 457.0, 7.0, -24.0, 150, 150, 150
L 457.0, -8.0, -24.0, 426.0, -8.0, -24.0, 150, 150, 150
L 467.0, -10.0, -24.0, 457.0, -8.0, -24.0, 150, 150, 150
L 472.0, -13.0, -24.0, 467.0, -10.0, -24.0, 150, 150, 150
L 476.0, -23.0, -24.0, 472.0, -13.0, -24.0, 150, 150, 150
L 480.0, -31.0, -24.0, 478.0, -27.0, -24.0, 150, 150, 150
L 481.0, -33.0, -24.0, 476.0, -23.0, -24.0, 150, 150, 150
L 489.0, -40.0, -24.0, 481.0, -33.0, -24.0, 150, 150, 150
L 484.0, -50.0, -24.0, 489.0, -40.0, -24.0, 150, 150, 150
L 508.0, -48.0, -24.0, 503.0, -58.0, -24.0, 150, 150, 150
L 521.0, -53.0, -24.0, 508.0, -48.0, -24.0, 150, 150, 150
L 507.0, -68.0, -24.0, 521.0, -53.0, -24.0, 0, 0, 0
L 501.0, -74.0, -24.0, 507.0, -68.0, -24.0, 0, 0, 0
L 487.0, -88.0, -24.0, 501.0, -74.0, -24.0, 0, 0, 0
L 471.0, -97.0, -24.0, 487.0, -88.0, -24.0, 0, 0, 0
L 463.0, -102.0, -24.0, 471.0, -97.0, -24.0, 0, 0, 0
L 446.0, -111.0, -24.0, 463.0, -102.0, -24.0, 0, 0, 0
L 428.0, -111.0, -24.0, 446.0, -111.0, -24.0, 0, 0, 0
L 428.0, -104.0, -24.0, 428.0, -111.0, -24.0, 0, 0, 0
L 418.0, -104.0, -24.0, 428.0, -104.0, -24.0, 0, 0, 0
L 418.0, -111.0, -24.0, 418.0, -104.0, -24.0, 0, 0, 0
L 401.0, -111.0, -24.0, 418.0, -111.0, -24.0, 0, 0, 0
L 401.0, -104.0, -24.0, 401.0, -111.0, -24.0, 0, 0, 0
L 391.0, -104.0, -24.0, 401.0, -104.0, -24.0, 0, 0, 0
L 391.0, -111.0, -24.0, 391.0, -104.0, -24.0, 0, 0, 0
L 373.0, -111.0, -24.0, 391.0, -111.0, -24.0, 0, 0, 0
L 373.0, -104.0, -24.0, 373.0, -111.0, -24.0, 0, 0, 0
L 363.0, -104.0, -24.0, 373.0, -104.0, -24.0, 0, 0, 0
L 363.0, -111.0, -24.0, 363.0, -104.0, -24.0, 0, 0, 0
L 328.0, -101.0, -24.0, 363.0, -111.0, -24.0, 0, 0, 0
L 331.0, -95.0, -24.0, 328.0, -101.0, -24.0, 0, 0, 0
L 323.0, -91.0, -24.0, 331.0, -95.0, -24.0, 0, 0, 0
L 319.0, -96.0, -24.0, 323.0, -91.0, -24.0, 0, 0, 0
L 293.0, -70.0, -24.0, 319.0, -96.0, -24.0, 0, 0, 0
L 299.0, -67.0, -24.0, 293.0, -70.0, -24.0, 0, 0, 0
L 294.0, -59.0, -24.0, 299.0, -67.0, -24.0, 0, 0, 0
L 288.0, -62.0, -24.0, 294.0, -59.0, -24.0, 0, 0, 0
L 286.0, -47.0, -24.0, 288.0, -62.0, -24.0, 0, 0, 0
L 339.0, 11.0, -24.0, 286.0, 11.0, -24.0, 0, 0, 0
L 339.0, -12.0, -24.0, 286.0, -12.0, -24.0, 0, 0, 0
L 343.0, -4.0, -22.0, 339.0, -11.0, -22.0, 150, 150, 150
L 345.0, -4.0, -23.0, 339.0, -10.0, -23.0, 150, 150, 150
L 343.0, 2.0, -22.0, 339.0, 10.0, -22.0, 150, 150, 150
L 339.0, 10.0, -23.0, 345.0, 3.0, -23.0, 150, 150, 150
L 347.0, -5.0, -23.0, 339.0, -11.0, -23.0, 150, 150, 150
L 347.0, 4.0, -23.0, 339.0, 10.0, -23.0, 150, 150, 150
L 347.0, -5.0, -23.0, 347.0, 4.0, -23.0, 150, 150, 150
L 345.0, 3.0, -23.0, 345.0, -4.0, -23.0, 150, 150, 150
L 343.0, -4.0, -22.0, 343.0, 2.0, -22.0, 150, 150, 150
L 286.0, -12.0, -24.0, 286.0, -27.0, -24.0, 0, 0, 0
L 286.0, 26.0, -24.0, 286.0, 11.0, -24.0, 0, 0, 0
L 339.0, 11.0, -21.0, 286.0, 9.0, 4.0, 0, 0, 0
L 286.0, -10.0, 4.0, 339.0, -11.0, -22.0, 0, 0, 0
L 217.0, 98.0, -18.0, 217.0, 88.0, -18.0, 0, 240, 240
L 207.0, 98.0, -18.0, 217.0, 98.0, -18.0, 0, 240, 240
L 207.0, 88.0, -18.0, 207.0, 98.0, -18.0, 0, 240, 240
L 217.0, 88.0, -18.0, 207.0, 88.0, -18.0, 0, 240, 240
L 200.0, 63.0, -17.0, 203.0, 60.0, -17.0, 0, 240, 240
L 191.0, 71.0, -17.0, 200.0, 63.0, -17.0, 0, 240, 240
L 191.0, 113.0, -17.0, 191.0, 71.0, -17.0, 0, 240, 240
L 202.0, 124.0, -17.0, 191.0, 113.0, -17.0, 0, 240, 240
L 222.0, 124.0, -17.0, 202.0, 124.0, -17.0, 0, 240, 240
L 232.0, 113.0, -17.0, 222.0, 124.0, -17.0, 0, 240, 240
L 232.0, 71.0, -17.0, 232.0, 113.0, -17.0, 0, 240, 240
L 224.0, 63.0, -17.0, 232.0, 71.0, -17.0, 0, 240, 240
L 203.0, 60.0, -17.0, 207.0, 59.0, -17.0, 0, 240, 240
L 201.0, 46.0, -17.0, 203.0, 50.0, -17.0, 0, 240, 240
L 207.0, 51.0, -17.0, 203.0, 50.0, -17.0, 0, 240, 240
L 221.0, 50.0, -17.0, 217.0, 51.0, -17.0, 0, 240, 240
L 222.0, 46.0, -17.0, 221.0, 50.0, -17.0, 0, 240, 240
L 152.0, 50.0, -17.0, 150.0, 46.0, -17.0, 0, 240, 240
L 181.0, 71.0, -17.0, 173.0, 63.0, -17.0, 0, 240, 240
L 181.0, 113.0, -17.0, 181.0, 71.0, -17.0, 0, 240, 240
L 171.0, 124.0, -17.0, 181.0, 113.0, -17.0, 0, 240, 240
L 151.0, 124.0, -17.0, 171.0, 124.0, -17.0, 0, 240, 240
L 140.0, 113.0, -17.0, 151.0, 124.0, -17.0, 0, 240, 240
L 140.0, 71.0, -17.0, 140.0, 113.0, -17.0, 0, 240, 240
L 166.0, 98.0, -18.0, 166.0, 88.0, -18.0, 0, 240, 240
L 156.0, 98.0, -18.0, 166.0, 98.0, -18.0, 0, 240, 240
L 156.0, 88.0, -18.0, 156.0, 98.0, -18.0, 0, 240, 240
L 166.0, 88.0, -18.0, 156.0, 88.0, -18.0, 0, 240, 240
L 156.0, 51.0, -17.0, 152.0, 50.0, -17.0, 0, 240, 240
L 171.0, 46.0, -17.0, 166.0, 51.0, -17.0, 0, 240, 240
L 142.0, 26.0, -17.0, 106.0, 55.0, -17.0, 0, 240, 240
L 171.0, 46.0, -17.0, 201.0, 46.0, -17.0, 0, 240, 240
L 150.0, 46.0, -17.0, 142.0, 46.0, -17.0, 0, 240, 240
L 142.0, 46.0, -17.0, 105.0, 76.0, -17.0, 0, 240, 240
L 106.0, 55.0, -17.0, 89.0, 55.0, -17.0, 0, 240, 240
L 240.0, 26.0, -17.0, 142.0, 26.0, -17.0, 0, 240, 240
L 266.0, 26.0, -24.0, 240.0, 26.0, -17.0, 0, 240, 240
L 273.0, 31.0, -24.0, 266.0, 26.0, -24.0, 0, 240, 240
L 286.0, 26.0, -24.0, 280.0, 31.0, -24.0, 0, 0, 0
L 280.0, 41.0, -24.0, 286.0, 46.0, -24.0, 0, 0, 0
L 272.0, 45.0, -24.0, 273.0, 41.0, -24.0, 0, 240, 240
L 266.0, 46.0, -24.0, 272.0, 45.0, -24.0, 0, 240, 240
L 240.0, 46.0, -17.0, 266.0, 46.0, -24.0, 0, 240, 240
L 222.0, 46.0, -17.0, 240.0, 46.0, -17.0, 0, 240, 240
L 91.0, 76.0, -17.0, 105.0, 76.0, -17.0, 0, 240, 240
L 105.0, -77.0, -17.0, 90.0, -77.0, -17.0, 0, 240, 240
L 142.0, -47.0, -17.0, 105.0, -77.0, -17.0, 0, 240, 240
L 150.0, -47.0, -17.0, 142.0, -47.0, -17.0, 0, 240, 240
L 156.0, -98.0, -18.0, 156.0, -88.0, -18.0, 0, 240, 240
L 166.0, -98.0, -18.0, 156.0, -98.0, -18.0, 0, 240, 240
L 166.0, -88.0, -18.0, 166.0, -98.0, -18.0, 0, 240, 240
L 156.0, -88.0, -18.0, 166.0, -88.0, -18.0, 0, 240, 240
L 140.0, -72.0, -17.0, 149.0, -64.0, -17.0, 0, 240, 240
L 140.0, -114.0, -17.0, 140.0, -72.0, -17.0, 0, 240, 240
L 151.0, -125.0, -17.0, 140.0, -114.0, -17.0, 0, 240, 240
L 171.0, -125.0, -17.0, 151.0, -125.0, -17.0, 0, 240, 240
L 181.0, -114.0, -17.0, 171.0, -125.0, -17.0, 0, 240, 240
L 181.0, -72.0, -17.0, 181.0, -114.0, -17.0, 0, 240, 240
L 173.0, -64.0, -17.0, 181.0, -72.0, -17.0, 0, 240, 240
L 170.0, -61.0, -17.0, 173.0, -64.0, -17.0, 0, 240, 240
L 152.0, -51.0, -17.0, 156.0, -52.0, -17.0, 0, 240, 240
L 150.0, -47.0, -17.0, 152.0, -51.0, -17.0, 0, 240, 240
L 171.0, -47.0, -17.0, 166.0, -52.0, -17.0, 0, 240, 240
L 171.0, -47.0, -17.0, 201.0, -47.0, -17.0, 0, 240, 240
L 286.0, -27.0, -24.0, 280.0, -32.0, -24.0, 0, 0, 0
L 272.0, -28.0, -24.0, 273.0, -32.0, -24.0, 0, 240, 240
L 272.0, -46.0, -24.0, 273.0, -42.0, -24.0, 0, 240, 240
L 266.0, -47.0, -24.0, 272.0, -46.0, -24.0, 0, 240, 240
L 240.0, -47.0, -17.0, 266.0, -47.0, -24.0, 0, 240, 240
L 222.0, -47.0, -17.0, 240.0, -47.0, -17.0, 0, 240, 240
L 266.0, -27.0, -24.0, 272.0, -28.0, -24.0, 0, 240, 240
L 241.0, -27.0, -17.0, 266.0, -27.0, -24.0, 0, 240, 240
L 142.0, -27.0, -17.0, 241.0, -27.0, -17.0, 0, 240, 240
L 106.0, -56.0, -17.0, 142.0, -27.0, -17.0, 0, 240, 240
L 89.0, -56.0, -16.0, 106.0, -56.0, -17.0, 0, 240, 240
L 207.0, -98.0, -18.0, 207.0, -88.0, -18.0, 0, 240, 240
L 217.0, -98.0, -18.0, 207.0, -98.0, -18.0, 0, 240, 240
L 217.0, -88.0, -18.0, 217.0, -98.0, -18.0, 0, 240, 240
L 207.0, -88.0, -18.0, 217.0, -88.0, -18.0, 0, 240, 240
L 232.0, -114.0, -17.0, 232.0, -72.0, -17.0, 0, 240, 240
L 221.0, -125.0, -17.0, 232.0, -114.0, -17.0, 0, 240, 240
L 202.0, -125.0, -17.0, 221.0, -125.0, -17.0, 0, 240, 240
L 191.0, -114.0, -17.0, 202.0, -125.0, -17.0, 0, 240, 240
L 191.0, -72.0, -17.0, 191.0, -114.0, -17.0, 0, 240, 240
L 123.0, -34.0, -17.0, 138.0, -21.0, -17.0, 0, 240, 240
L 121.0, -31.0, -17.0, 123.0, -34.0, -17.0, 0, 240, 240
L 116.0, -40.0, -17.0, 121.0, -31.0, -17.0, 0, 240, 240
L 101.0, -52.0, -17.0, 116.0, -40.0, -17.0, 0, 240, 240
L 90.0, -52.0, -17.0, 101.0, -52.0, -17.0, 0, 240, 240
L 90.0, -49.0, -17.0, 90.0, -52.0, -17.0, 0, 240, 240
L 80.0, -49.0, -17.0, 90.0, -49.0, -17.0, 0, 240, 240
L 69.0, -52.0, -17.0, 69.0, -15.0, -17.0, 0, 240, 240
L 80.0, -52.0, -17.0, 80.0, -49.0, -17.0, 0, 240, 240
L 69.0, -52.0, -17.0, 80.0, -52.0, -17.0, 0, 240, 240
L 80.0, -15.0, -17.0, 69.0, -15.0, -17.0, 0, 240, 240
L 80.0, -18.0, -17.0, 80.0, -15.0, -17.0, 0, 240, 240
L 90.0, -18.0, -17.0, 80.0, -18.0, -17.0, 0, 240, 240
L 90.0, -15.0, -17.0, 90.0, -18.0, -17.0, 0, 240, 240
L 103.0, -15.0, -17.0, 90.0, -15.0, -17.0, 0, 240, 240
L 103.0, -5.0, -17.0, 103.0, -15.0, -17.0, 0, 240, 240
L 106.0, -5.0, -17.0, 103.0, -5.0, -17.0, 0, 240, 240
L 106.0, 4.0, -17.0, 106.0, -5.0, -17.0, 0, 240, 240
L 103.0, 4.0, -17.0, 106.0, 4.0, -17.0, 0, 240, 240
L 103.0, 14.0, -17.0, 103.0, 4.0, -17.0, 0, 240, 240
L 90.0, 14.0, -17.0, 103.0, 14.0, -17.0, 0, 240, 240
L 90.0, 17.0, -17.0, 90.0, 14.0, -17.0, 0, 240, 240
L 80.0, 17.0, -17.0, 90.0, 17.0, -17.0, 0, 240, 240
L 80.0, 14.0, -17.0, 80.0, 17.0, -17.0, 0, 240, 240
L 69.0, 14.0, -17.0, 80.0, 14.0, -17.0, 0, 240, 240
L 69.0, 51.0, -17.0, 69.0, 14.0, -17.0, 0, 240, 240
L 80.0, 51.0, -17.0, 69.0, 51.0, -17.0, 0, 240, 240
L 80.0, 48.0, -17.0, 80.0, 51.0, -17.0, 0, 240, 240
L 90.0, 48.0, -17.0, 80.0, 48.0, -17.0, 0, 240, 240
L 90.0, 51.0, -17.0, 90.0, 48.0, -17.0, 0, 240, 240
L 101.0, 51.0, -17.0, 90.0, 51.0, -17.0, 0, 240, 240
L 121.0, 37.0, -17.0, 101.0, 51.0, -17.0, 0, 240, 240
L 120.0, 34.0, -17.0, 121.0, 37.0, -17.0, 0, 240, 240
L 129.0, 31.0, -17.0, 120.0, 34.0, -17.0, 0, 240, 240
L 151.0, 16.0, -17.0, 129.0, 31.0, -17.0, 0, 240, 240
L 159.0, 16.0, -17.0, 151.0, 16.0, -17.0, 0, 240, 240
L 174.0, -17.0, 11.0, 185.0, -17.0, 3.0, 0, 240, 240
L 174.0, -5.0, -14.0, 174.0, 3.0, -6.0, 0, 240, 240
L 174.0, 3.0, -6.0, 190.0, 3.0, -3.0, 0, 240, 240
L 174.0, -3.0, 11.0, 190.0, -3.0, 5.0, 0, 240, 240
L 190.0, 3.0, -3.0, 190.0, -3.0, 5.0, 0, 240, 240
L 174.0, -21.0, -14.0, 174.0, -5.0, -14.0, 0, 240, 240
L 160.0, -21.0, -14.0, 174.0, -21.0, -14.0, 0, 240, 240
L 155.0, -21.0, -17.0, 160.0, -21.0, -14.0, 0, 240, 240
L 138.0, -21.0, -17.0, 155.0, -21.0, -17.0, 0, 240, 240
L 159.0, -7.0, -17.0, 155.0, -7.0, -17.0, 0, 240, 240
L 159.0, 16.0, -17.0, 159.0, -7.0, -17.0, 0, 240, 240
L 174.0, 17.0, -8.0, 159.0, 17.0, -8.0, 0, 240, 240
L 190.0, 17.0, 0.0, 174.0, 17.0, -8.0, 0, 240, 240
L 203.0, 17.0, 0.0, 190.0, 17.0, 0.0, 0, 240, 240
L 203.0, 2.0, 0.0, 203.0, 17.0, 0.0, 0, 240, 240
L 203.0, -3.0, 3.0, 203.0, 2.0, 0.0, 0, 240, 240
L 203.0, -17.0, 3.0, 203.0, -3.0, 3.0, 0, 240, 240
L 185.0, -17.0, 3.0, 203.0, -17.0, 3.0, 0, 240, 240
L 321.0, 26.0, -24.0, 321.0, 16.0, -24.0, 0, 0, 0
L 321.0, 16.0, -24.0, 311.0, 16.0, -24.0, 0, 0, 0
L 311.0, 16.0, -24.0, 311.0, 26.0, -24.0, 0, 0, 0
L 311.0, 26.0, -24.0, 321.0, 26.0, -24.0, 0, 0, 0
L 325.0, 40.0, -24.0, 317.0, 45.0, -24.0, 0, 0, 0
L 317.0, 45.0, -24.0, 321.0, 53.0, -24.0, 0, 0, 0
L 321.0, 53.0, -24.0, 330.0, 48.0, -24.0, 0, 0, 0
L 330.0, 48.0, -24.0, 325.0, 40.0, -24.0, 0, 0, 0
L 340.0, 59.0, -24.0, 335.0, 67.0, -24.0, 0, 0, 0
L 335.0, 67.0, -24.0, 344.0, 72.0, -24.0, 0, 0, 0
L 344.0, 72.0, -24.0, 349.0, 64.0, -24.0, 0, 0, 0
L 349.0, 64.0, -24.0, 340.0, 59.0, -24.0, 0, 0, 0
L 373.0, 68.0, -24.0, 373.0, 77.0, -24.0, 0, 0, 0
L 373.0, 77.0, -24.0, 363.0, 77.0, -24.0, 0, 0, 0
L 363.0, 77.0, -24.0, 363.0, 68.0, -24.0, 0, 0, 0
L 363.0, 68.0, -24.0, 373.0, 68.0, -24.0, 0, 0, 0
L 401.0, 68.0, -24.0, 391.0, 68.0, -24.0, 0, 0, 0
L 391.0, 68.0, -24.0, 391.0, 77.0, -24.0, 0, 0, 0
L 391.0, 77.0, -24.0, 401.0, 77.0, -24.0, 0, 0, 0
L 418.0, 68.0, -24.0, 418.0, 77.0, -24.0, 0, 0, 0
L 418.0, 77.0, -24.0, 428.0, 77.0, -24.0, 0, 0, 0
L 428.0, 77.0, -24.0, 428.0, 68.0, -24.0, 0, 0, 0
L 428.0, 68.0, -24.0, 418.0, 68.0, -24.0, 0, 0, 0
L 401.0, 77.0, -24.0, 401.0, 68.0, -24.0, 0, 0, 0
L 311.0, -27.0, -24.0, 311.0, -17.0, -24.0, 0, 0, 0
L 311.0, -17.0, -24.0, 321.0, -17.0, -24.0, 0, 0, 0
L 321.0, -17.0, -24.0, 321.0, -27.0, -24.0, 0, 0, 0
L 321.0, -27.0, -24.0, 311.0, -27.0, -24.0, 0, 0, 0
L 317.0, -46.0, -24.0, 325.0, -41.0, -24.0, 0, 0, 0
L 325.0, -41.0, -24.0, 330.0, -49.0, -24.0, 0, 0, 0
L 330.0, -49.0, -24.0, 321.0, -54.0, -24.0, 0, 0, 0
L 321.0, -54.0, -24.0, 317.0, -46.0, -24.0, 0, 0, 0
L 335.0, -68.0, -24.0, 340.0, -60.0, -24.0, 0, 0, 0
L 340.0, -60.0, -24.0, 349.0, -65.0, -24.0, 0, 0, 0
L 349.0, -65.0, -24.0, 344.0, -73.0, -24.0, 0, 0, 0
L 344.0, -73.0, -24.0, 335.0, -68.0, -24.0, 0, 0, 0
L 363.0, -78.0, -24.0, 363.0, -68.0, -24.0, 0, 0, 0
L 363.0, -68.0, -24.0, 373.0, -68.0, -24.0, 0, 0, 0
L 373.0, -68.0, -24.0, 373.0, -78.0, -24.0, 0, 0, 0
L 373.0, -78.0, -24.0, 363.0, -78.0, -24.0, 0, 0, 0
L 391.0, -78.0, -24.0, 391.0, -68.0, -24.0, 0, 0, 0
L 391.0, -68.0, -24.0, 401.0, -68.0, -24.0, 0, 0, 0
L 401.0, -68.0, -24.0, 401.0, -78.0, -24.0, 0, 0, 0
L 401.0, -78.0, -24.0, 391.0, -78.0, -24.0, 0, 0, 0
L 418.0, -78.0, -24.0, 418.0, -68.0, -24.0, 0, 0, 0
L 418.0, -68.0, -24.0, 428.0, -68.0, -24.0, 0, 0, 0
L 428.0, -68.0, -24.0, 428.0, -78.0, -24.0, 0, 0, 0
L 428.0, -78.0, -24.0, 418.0, -78.0, -24.0, 0, 0, 0
L -87.0, -23.0, -1.0, -87.0, 22.0, -1.0, 0, 0, 0
L 91.0, 76.0, -17.0, 64.0, 76.0, -9.0, 0, 0, 0
L 43.0, 76.0, -9.0, 35.0, 76.0, -9.0, 0, 0, 0
L 44.0, -81.0, -9.0, 49.0, -82.0, -9.0, 0, 0, 0
L 43.0, -77.0, -9.0, 44.0, -81.0, -9.0, 0, 0, 0
L 49.0, -82.0, -9.0, 49.0, -85.3, -9.0, 0, 0, 0
L 49.0, -89.0, -9.0, 44.0, -90.0, -9.0, 0, 0, 0
L 59.0, 88.0, -9.0, 63.0, 89.0, -9.0, 0, 0, 0
L 44.0, 89.0, -9.0, 49.0, 88.0, -9.0, 0, 0, 0
L 49.0, 88.0, -9.0, 49.0, 84.5, -9.0, 0, 0, 0
L 64.0, 93.0, -9.0, 118.0, 93.0, -9.0, 0, 0, 0
L 64.0, 76.0, -9.0, 59.0, 81.0, -9.0, 0, 0, 0
L 59.0, 81.0, -9.0, 59.0, 84.5, -9.0, 0, 0, 0
L 49.0, 81.0, -9.0, 44.0, 79.0, -9.0, 0, 0, 0
L 63.0, 89.0, -9.0, 64.0, 93.0, -9.0, 0, 0, 0
L 43.0, 55.0, -9.0, 43.0, 36.0, -9.0, 0, 0, 0
L 43.0, -56.0, -9.0, 43.0, -37.0, -9.0, 0, 0, 0
L 49.0, -38.0, -9.0, 43.0, -37.0, -9.0, 0, 0, 0
L 49.0, -31.0, -9.0, 49.0, -38.0, -9.0, 0, 0, 0
L 273.0, -32.0, -24.0, 280.0, -32.0, -24.0, 0, 240, 240
L 273.0, -42.0, -24.0, 280.0, -42.0, -24.0, 0, 240, 240
L 280.0, -42.0, -24.0, 286.0, -47.0, -24.0, 0, 0, 0
L 280.0, 31.0, -24.0, 273.0, 31.0, -24.0, 0, 240, 240
L 273.0, 41.0, -24.0, 280.0, 41.0, -24.0, 0, 240, 240
L 112.0, -5.0, 11.0, 119.0, -5.0, 11.0, 0, 0, 0
L 119.0, 4.0, 11.0, 111.0, 4.0, 11.0, 0, 0, 0
L 234.0, -52.0, 40.0, 234.0, -49.0, 40.0, 0, 255, 0
L 234.0, -49.0, 40.0, 244.0, -49.0, 40.0, 0, 255, 0
L 261.0, -37.0, 40.0, 269.0, -37.0, 36.0, 0, 255, 0
L 261.0, -27.0, 40.0, 261.0, -37.0, 40.0, 0, 255, 0
L 228.0, -89.0, 40.0, 228.0, -83.8, 40.0, 0, 255, 0
L 219.0, -89.0, 40.0, 219.0, -83.8, 40.0, 0, 255, 0
L 183.0, -77.0, 40.0, 182.0, -81.0, 40.0, 0, 255, 0
L 234.0, -83.0, 40.0, 234.0, -77.0, 36.0, 0, 255, 0
L 261.0, -49.0, 36.0, 261.0, -59.0, 36.0, 0, 255, 0
L 234.0, -83.0, 40.0, 228.0, -82.0, 40.0, 0, 255, 0
L 177.0, -82.0, 40.0, 182.0, -81.0, 40.0, 0, 255, 0
L 269.0, -27.0, 40.0, 261.0, -27.0, 40.0, 0, 255, 0
L 213.0, -83.0, 40.0, 219.0, -82.0, 40.0, 0, 255, 0
L 269.0, -10.0, 40.0, 269.0, -27.0, 40.0, 0, 255, 0
L 162.0, -77.0, 40.0, 163.0, -81.0, 40.0, 0, 255, 0
L 163.0, -81.0, 40.0, 168.0, -82.0, 40.0, 0, 255, 0
L 162.0, -77.0, 40.0, 118.0, -77.0, 40.0, 0, 255, 0
L 213.0, -77.0, 40.0, 183.0, -77.0, 40.0, 0, 255, 0
L 168.0, -82.0, 40.0, 168.0, -83.8, 40.0, 0, 255, 0
L 177.0, -89.0, 40.0, 177.0, -83.8, 40.0, 0, 255, 0
L 219.0, 81.0, 40.0, 213.0, 82.0, 40.0, 0, 255, 0
L 241.0, 10.0, 40.0, 241.0, -11.0, 40.0, 0, 255, 0
L 213.0, 82.0, 40.0, 213.0, 76.0, 40.0, 0, 255, 0
L 213.0, 76.0, 40.0, 183.0, 76.0, 40.0, 0, 255, 0
L 151.0, -57.0, 40.0, 134.0, -57.0, 40.0, 0, 255, 0
L 151.0, 56.0, 40.0, 161.0, 56.0, 40.0, 0, 255, 0
L 179.0, 56.0, 40.0, 189.0, 56.0, 40.0, 0, 255, 0
L 244.0, 58.0, 40.0, 244.0, 48.0, 40.0, 0, 255, 0
L 241.0, -11.0, 40.0, 235.0, -11.0, 40.0, 0, 255, 0
L 235.0, -11.0, 40.0, 235.0, -36.0, 40.0, 0, 255, 0
L 183.0, 76.0, 40.0, 182.0, 80.0, 40.0, 0, 255, 0
L 234.0, 76.0, 40.0, 233.0, 80.0, 40.0, 0, 255, 0
L 216.0, -57.0, 40.0, 206.0, -57.0, 40.0, 0, 255, 0
L 206.0, 56.0, 40.0, 216.0, 56.0, 40.0, 0, 255, 0
L 235.0, 35.0, 40.0, 235.0, 10.0, 40.0, 0, 255, 0
L 161.0, 56.0, 40.0, 179.0, 56.0, 40.0, 0, 255, 0
L 244.0, 48.0, 40.0, 234.0, 48.0, 40.0, 0, 255, 0
L 189.0, -57.0, 40.0, 179.0, -57.0, 40.0, 0, 255, 0
L 134.0, 56.0, 40.0, 151.0, 56.0, 40.0, 0, 255, 0
L 234.0, 56.0, 40.0, 244.0, 58.0, 40.0, 0, 255, 0
L 216.0, 56.0, 40.0, 234.0, 56.0, 40.0, 0, 255, 0
L 134.0, -57.0, 40.0, 124.0, -59.0, 40.0, 0, 255, 0
L 244.0, -59.0, 40.0, 234.0, -57.0, 40.0, 0, 255, 0
L 182.0, 80.0, 40.0, 177.0, 81.0, 40.0, 0, 255, 0
L 189.0, 56.0, 40.0, 206.0, 56.0, 40.0, 0, 255, 0
L 235.0, 10.0, 40.0, 241.0, 10.0, 40.0, 0, 255, 0
L 206.0, -57.0, 40.0, 189.0, -57.0, 40.0, 0, 255, 0
L 179.0, -57.0, 40.0, 161.0, -57.0, 40.0, 0, 255, 0
L 234.0, 76.0, 40.0, 267.0, 76.0, 40.0, 0, 255, 0
L 161.0, -57.0, 40.0, 151.0, -57.0, 40.0, 0, 255, 0
L 234.0, -57.0, 40.0, 216.0, -57.0, 40.0, 0, 255, 0
L 233.0, 80.0, 40.0, 228.0, 81.0, 40.0, 0, 255, 0
L 124.0, -59.0, 40.0, 118.0, -57.0, 40.0, 0, 255, 0
L 168.0, 81.0, 40.0, 162.0, 82.0, 40.0, 0, 255, 0
L 162.0, 76.0, 40.0, 118.0, 76.0, 40.0, 0, 255, 0
L 168.0, 81.0, 40.0, 168.0, 84.5, 40.0, 0, 255, 0
L 177.0, 88.0, 40.0, 177.0, 84.5, 40.0, 0, 255, 0
L 219.0, 88.0, 40.0, 219.0, 84.5, 40.0, 0, 255, 0
L 162.0, 82.0, 40.0, 162.0, 76.0, 40.0, 0, 255, 0
L 228.0, 81.0, 40.0, 228.0, 84.5, 40.0, 0, 255, 0
L 160.0, -92.0, 40.0, 166.0, -98.0, 40.0, 0, 255, 0
L 166.0, -147.0, 40.0, 163.0, -154.0, 40.0, 0, 255, 0
L 185.0, -92.0, 40.0, 183.0, -88.0, 40.0, 0, 255, 0
L 244.0, -101.0, 40.0, 237.0, -105.0, 40.0, 0, 255, 0
L 219.0, -89.0, 40.0, 214.0, -91.0, 40.0, 0, 255, 0
L 214.0, -91.0, 40.0, 211.0, -88.0, 40.0, 0, 255, 0
L 211.0, -88.0, 40.0, 211.0, -92.0, 40.0, 0, 255, 0
L 179.0, -98.0, 40.0, 185.0, -92.0, 40.0, 0, 255, 0
L 182.0, -91.0, 40.0, 177.0, -89.0, 40.0, 0, 255, 0
L 210.0, -105.0, 40.0, 203.0, -101.0, 40.0, 0, 255, 0
L 233.0, -154.0, 40.0, 230.0, -147.0, 40.0, 0, 255, 0
L 168.0, -89.0, 40.0, 163.0, -91.0, 40.0, 0, 255, 0
L 230.0, -147.0, 40.0, 237.0, -140.0, 40.0, 0, 255, 0
L 234.0, -88.0, 40.0, 233.0, -91.0, 40.0, 0, 255, 0
L 159.0, -140.0, 40.0, 166.0, -147.0, 40.0, 0, 255, 0
L 237.0, -140.0, 40.0, 244.0, -144.0, 40.0, 0, 255, 0
L 203.0, -101.0, 40.0, 203.0, -144.0, 40.0, 0, 255, 0
L 210.0, -140.0, 40.0, 217.0, -147.0, 40.0, 0, 255, 0
L 217.0, -147.0, 40.0, 214.0, -154.0, 40.0, 0, 255, 0
L 233.0, -91.0, 40.0, 228.0, -89.0, 40.0, 0, 255, 0
L 211.0, -92.0, 40.0, 217.0, -98.0, 40.0, 0, 255, 0
L 236.0, -92.0, 40.0, 234.0, -88.0, 40.0, 0, 255, 0
L 179.0, -147.0, 40.0, 186.0, -140.0, 40.0, 0, 255, 0
L 186.0, -140.0, 40.0, 193.0, -144.0, 40.0, 0, 255, 0
L 183.0, -88.0, 40.0, 182.0, -91.0, 40.0, 0, 255, 0
L 214.0, -154.0, 40.0, 233.0, -154.0, 40.0, 0, 255, 0
L 163.0, -154.0, 40.0, 182.0, -154.0, 40.0, 0, 255, 0
L 217.0, -98.0, 40.0, 210.0, -105.0, 40.0, 0, 255, 0
L 237.0, -105.0, 40.0, 230.0, -98.0, 40.0, 0, 255, 0
L 193.0, -144.0, 40.0, 193.0, -101.0, 40.0, 0, 255, 0
L 163.0, -91.0, 40.0, 160.0, -88.0, 40.0, 0, 255, 0
L 160.0, -88.0, 40.0, 160.0, -92.0, 40.0, 0, 255, 0
L 166.0, -98.0, 40.0, 159.0, -105.0, 40.0, 0, 255, 0
L 159.0, -105.0, 40.0, 152.0, -101.0, 40.0, 0, 255, 0
L 152.0, -101.0, 40.0, 152.0, -144.0, 40.0, 0, 255, 0
L 152.0, -144.0, 40.0, 159.0, -140.0, 40.0, 0, 255, 0
L 230.0, -98.0, 40.0, 236.0, -92.0, 40.0, 0, 255, 0
L 203.0, -144.0, 40.0, 210.0, -140.0, 40.0, 0, 255, 0
L 244.0, -144.0, 40.0, 244.0, -101.0, 40.0, 0, 255, 0
L 182.0, -154.0, 40.0, 179.0, -147.0, 40.0, 0, 255, 0
L 193.0, -101.0, 40.0, 186.0, -105.0, 40.0, 0, 255, 0
L 186.0, -105.0, 40.0, 179.0, -98.0, 40.0, 0, 255, 0
L 228.0, 88.0, 40.0, 233.0, 90.0, 40.0, 0, 255, 0
L 217.0, 146.0, 40.0, 210.0, 139.0, 40.0, 0, 255, 0
L 185.0, 87.0, 40.0, 185.0, 91.0, 40.0, 0, 255, 0
L 236.0, 91.0, 40.0, 230.0, 97.0, 40.0, 0, 255, 0
L 210.0, 139.0, 40.0, 203.0, 142.0, 40.0, 0, 255, 0
L 214.0, 153.0, 40.0, 217.0, 146.0, 40.0, 0, 255, 0
L 203.0, 142.0, 40.0, 203.0, 100.0, 40.0, 0, 255, 0
L 233.0, 90.0, 40.0, 236.0, 87.0, 40.0, 0, 255, 0
L 179.0, 97.0, 40.0, 186.0, 104.0, 40.0, 0, 255, 0
L 182.0, 90.0, 40.0, 185.0, 87.0, 40.0, 0, 255, 0
L 152.0, 100.0, 40.0, 159.0, 104.0, 40.0, 0, 255, 0
L 210.0, 104.0, 40.0, 217.0, 97.0, 40.0, 0, 255, 0
L 185.0, 91.0, 40.0, 179.0, 97.0, 40.0, 0, 255, 0
L 186.0, 104.0, 40.0, 193.0, 100.0, 40.0, 0, 255, 0
L 193.0, 100.0, 40.0, 193.0, 142.0, 40.0, 0, 255, 0
L 193.0, 142.0, 40.0, 186.0, 139.0, 40.0, 0, 255, 0
L 159.0, 104.0, 40.0, 166.0, 97.0, 40.0, 0, 255, 0
L 160.0, 91.0, 40.0, 162.0, 87.0, 40.0, 0, 255, 0
L 182.0, 153.0, 40.0, 163.0, 153.0, 40.0, 0, 255, 0
L 166.0, 97.0, 40.0, 160.0, 91.0, 40.0, 0, 255, 0
L 162.0, 87.0, 40.0, 163.0, 90.0, 40.0, 0, 255, 0
L 236.0, 87.0, 40.0, 236.0, 91.0, 40.0, 0, 255, 0
L 230.0, 97.0, 40.0, 237.0, 104.0, 40.0, 0, 255, 0
L 163.0, 90.0, 40.0, 168.0, 88.0, 40.0, 0, 255, 0
L 237.0, 104.0, 40.0, 244.0, 100.0, 40.0, 0, 255, 0
L 203.0, 100.0, 40.0, 210.0, 104.0, 40.0, 0, 255, 0
L 177.0, 88.0, 40.0, 182.0, 90.0, 40.0, 0, 255, 0
L 186.0, 139.0, 40.0, 179.0, 146.0, 40.0, 0, 255, 0
L 179.0, 146.0, 40.0, 182.0, 153.0, 40.0, 0, 255, 0
L 214.0, 90.0, 40.0, 219.0, 88.0, 40.0, 0, 255, 0
L 211.0, 91.0, 40.0, 213.0, 87.0, 40.0, 0, 255, 0
L 217.0, 97.0, 40.0, 211.0, 91.0, 40.0, 0, 255, 0
L 213.0, 87.0, 40.0, 214.0, 90.0, 40.0, 0, 255, 0
L 237.0, 139.0, 40.0, 230.0, 146.0, 40.0, 0, 255, 0
L 233.0, 153.0, 40.0, 214.0, 153.0, 40.0, 0, 255, 0
L 230.0, 146.0, 40.0, 233.0, 153.0, 40.0, 0, 255, 0
L 244.0, 100.0, 40.0, 244.0, 142.0, 40.0, 0, 255, 0
L 269.0, 74.0, 40.0, 267.0, 76.0, 40.0, 0, 255, 0
L 244.0, 142.0, 40.0, 237.0, 139.0, 40.0, 0, 255, 0
L 246.0, 4.0, 11.0, 238.0, 4.0, 11.0, 0, 0, 0
L 238.0, -5.0, 11.0, 246.0, -5.0, 11.0, 0, 0, 0
L 217.0, 51.0, -17.0, 217.0, 53.0, -17.0, 0, 240, 240
L 217.0, 59.0, -17.0, 224.0, 63.0, -17.0, 0, 240, 240
L 207.0, 59.0, -17.0, 207.0, 53.0, -17.0, 0, 240, 240
L 149.0, 63.0, -17.0, 140.0, 71.0, -17.0, 0, 240, 240
L 152.0, 60.0, -17.0, 156.0, 59.0, -17.0, 0, 240, 240
L 149.0, 63.0, -17.0, 152.0, 60.0, -17.0, 0, 240, 240
L 166.0, 59.0, -17.0, 173.0, 63.0, -17.0, 0, 240, 240
L 166.0, 51.0, -17.0, 166.0, 53.0, -17.0, 0, 240, 240
L 156.0, 59.0, -17.0, 156.0, 53.0, -17.0, 0, 240, 240
L 151.0, -58.0, -17.0, 149.0, -64.0, -17.0, 0, 240, 240
L 151.0, -58.0, -17.0, 156.0, -60.0, -17.0, 0, 240, 240
L 166.0, -60.0, -17.0, 170.0, -61.0, -17.0, 0, 240, 240
L 222.0, -58.0, -17.0, 221.0, -61.0, -17.0, 0, 240, 240
L 232.0, -72.0, -17.0, 224.0, -64.0, -17.0, 0, 240, 240
L 207.0, -52.0, -17.0, 203.0, -51.0, -17.0, 0, 240, 240
L 203.0, -51.0, -17.0, 201.0, -47.0, -17.0, 0, 240, 240
L 217.0, -52.0, -17.0, 222.0, -47.0, -17.0, 0, 240, 240
L 207.0, -52.0, -17.0, 207.0, -56.0, -17.0, 0, 240, 240
L 217.0, -60.0, -17.0, 217.0, -56.0, -17.0, 0, 240, 240
L 203.0, -61.0, -17.0, 207.0, -60.0, -17.0, 0, 240, 240
L 199.0, -64.0, -17.0, 191.0, -72.0, -17.0, 0, 240, 240
L 201.0, -58.0, -17.0, 199.0, -64.0, -17.0, 0, 240, 240
L 224.0, -64.0, -17.0, 222.0, -58.0, -17.0, 0, 240, 240
L 221.0, -61.0, -17.0, 217.0, -60.0, -17.0, 0, 240, 240
L 201.0, -58.0, -17.0, 203.0, -61.0, -17.0, 0, 240, 240
L 156.0, -52.0, -17.0, 156.0, -56.0, -17.0, 0, 240, 240
L 166.0, -52.0, -17.0, 166.0, -56.0, -17.0, 0, 240, 240
L 503.0, 57.0, -24.0, 499.0, 55.0, -24.0, 150, 150, 150
L 487.0, 50.0, -24.0, 484.0, 49.0, -24.0, 150, 150, 150
L 499.0, 55.0, -24.0, 487.0, 50.0, -24.0, 150, 150, 150
L 503.0, 45.0, -17.0, 491.0, 40.0, -17.0, 150, 150, 150
L 491.0, 40.0, -17.0, 490.0, 42.0, -18.0, 150, 150, 150
L 503.0, 45.0, -17.0, 502.0, 47.0, -18.0, 150, 150, 150
L 501.0, 50.0, -20.0, 500.0, 52.0, -22.0, 150, 150, 150
L 489.0, 45.0, -20.0, 488.0, 47.0, -22.0, 150, 150, 150
L 501.0, 50.0, -20.0, 489.0, 45.0, -20.0, 150, 150, 150
L 502.0, 47.0, -18.0, 501.0, 50.0, -20.0, 150, 150, 150
L 490.0, 42.0, -18.0, 489.0, 45.0, -20.0, 150, 150, 150
L 502.0, 47.0, -18.0, 490.0, 42.0, -18.0, 150, 150, 150
L 500.0, 52.0, -22.0, 499.0, 55.0, -24.0, 150, 150, 150
L 488.0, 47.0, -22.0, 487.0, 50.0, -24.0, 150, 150, 150
L 500.0, 52.0, -22.0, 488.0, 47.0, -22.0, 150, 150, 150
L 503.0, -58.0, -24.0, 499.0, -56.0, -23.0, 150, 150, 150
L 487.0, -51.0, -24.0, 484.0, -50.0, -24.0, 150, 150, 150
L 499.0, -56.0, -23.0, 487.0, -51.0, -24.0, 150, 150, 150
L 491.0, -40.0, -17.0, 503.0, -46.0, -17.0, 150, 150, 150
L 491.0, -40.0, -17.0, 490.0, -43.0, -18.0, 150, 150, 150
L 503.0, -46.0, -17.0, 502.0, -48.0, -18.0, 150, 150, 150
L 489.0, -46.0, -20.0, 488.0, -48.0, -22.0, 150, 150, 150
L 501.0, -51.0, -20.0, 500.0, -53.0, -22.0, 150, 150, 150
L 489.0, -46.0, -20.0, 501.0, -51.0, -20.0, 150, 150, 150
L 490.0, -43.0, -18.0, 489.0, -46.0, -20.0, 150, 150, 150
L 502.0, -48.0, -18.0, 501.0, -51.0, -20.0, 150, 150, 150
L 490.0, -43.0, -18.0, 502.0, -48.0, -18.0, 150, 150, 150
L 488.0, -48.0, -22.0, 487.0, -51.0, -24.0, 150, 150, 150
L 500.0, -53.0, -22.0, 499.0, -56.0, -23.0, 150, 150, 150
L 488.0, -48.0, -22.0, 500.0, -53.0, -22.0, 150, 150, 150
L 43.8, 31.2, -8.2, 49.2, 31.4, -9.0, 0, 0, 0
L 49.2, 31.4, -9.0, 49.2, 36.7, -9.0, 0, 0, 0
L 49.2, 36.7, -9.0, 43.0, 36.0, -9.0, 0, 0, 0
L 64.4, 54.7, -9.8, 64.4, 37.2, -9.8, 0, 0, 0
L 64.4, 37.2, -9.8, 59.1, 37.1, -9.0, 0, 0, 0
L 59.1, 37.1, -9.0, 58.9, 31.5, -9.0, 0, 0, 0
L 58.9, 31.5, -9.0, 64.4, 31.1, -9.8, 0, 0, 0
L 64.4, 31.1, -9.8, 64.4, 14.6, -2.0, 0, 0, 0
L 64.4, 14.6, -2.0, 64.6, 8.4, -1.9, 0, 0, 0
L 64.4, -32.1, -9.8, 64.4, -28.5, -9.1, 0, 0, 0
L 64.4, -32.1, -9.8, 59.1, -32.4, -9.0, 0, 0, 0
L 59.1, -32.4, -9.0, 59.1, -37.6, -9.0, 0, 0, 0
L 59.1, -37.6, -9.0, 64.4, -38.2, -9.8, 0, 0, 0
L 64.4, -38.2, -9.8, 64.4, -57.0, -9.8, 0, 0, 0
L 64.4, -77.7, -9.8, 64.4, -82.8, -9.8, 0, 0, 0
L 64.4, -82.8, -9.8, 59.1, -82.9, -9.0, 0, 0, 0
L 64.4, -89.1, -9.8, 64.4, -94.1, -9.8, 0, 0, 0
L 393.8, -21.5, -24.7, 381.1, -28.4, -24.7, 0, 0, 255
L 381.1, -28.4, -24.7, 379.2, -28.5, -24.7, 0, 0, 255
L 379.2, -28.5, -24.7, 369.2, -28.4, -24.7, 0, 0, 255
L 369.2, -28.4, -24.7, 365.2, -28.4, -24.7, 0, 0, 255
L 353.0, -20.6, -24.7, 345.7, -7.6, -24.7, 0, 0, 255
L 345.7, -7.6, -24.7, 345.8, -5.8, -24.0, 0, 0, 255
L 345.8, -5.8, -24.0, 346.6, -1.0, -22.6, 0, 0, 255
L 346.6, -1.0, -22.6, 347.1, 3.6, -22.6, 0, 0, 255
L 347.1, 3.6, -22.6, 347.3, 5.5, -22.6, 0, 0, 255
L 347.3, 5.5, -22.6, 347.7, 10.4, -23.3, 0, 0, 255
L 347.7, 10.4, -23.3, 354.1, 21.0, -24.7, 0, 0, 255
L 354.1, 21.0, -24.7, 366.9, 27.6, -24.7, 0, 0, 255
L 366.9, 27.6, -24.7, 381.7, 27.3, -24.7, 0, 0, 255
L 381.7, 27.3, -24.7, 394.9, 19.4, -24.7, 0, 0, 255
L 394.9, 19.4, -24.7, 402.1, 6.1, -24.7, 0, 0, 255
L 402.1, 6.1, -24.7, 401.3, -8.8, -24.7, 0, 0, 255
L 401.3, -8.8, -24.7, 400.4, -10.3, -24.7, 0, 0, 255
L 400.4, -10.3, -24.7, 393.8, -21.5, -24.7, 0, 0, 255
L 56.5, 88.0, -9.0, 51.5, 88.0, -9.0, 205, 133, 63
L 51.5, 81.0, -9.0, 56.5, 81.0, -9.0, 205, 133, 63
L 49.0, 84.5, -9.0, 49.0, 81.0, -9.0, 0, 0, 0
L 59.0, 84.5, -9.0, 59.0, 88.0, -9.0, 0, 0, 0
L 49.0, 84.5, -9.0, 51.5, 84.5, -9.0, 205, 133, 63
L 56.5, 88.0, -9.0, 56.5, 84.5, -9.0, 205, 133, 63
L 56.5, 84.5, -9.0, 59.0, 84.5, -9.0, 205, 133, 63
L 56.5, 84.5, -9.0, 56.5, 81.0, -9.0, 205, 133, 63
L 51.5, 81.0, -9.0, 51.5, 84.5, -9.0, 205, 133, 63
L 51.5, 84.5, -9.0, 51.5, 88.0, -9.0, 205, 133, 63
L 514.0, 34.0, -15.0, 514.0, 14.0, -15.0, 0, 0, 0
L 521.0, 14.0, -15.0, 514.0, 14.0, -15.0, 0, 0, 0
L 511.0, 9.0, -15.0, 521.0, 9.0, -15.0, 0, 0, 0
L 521.0, 14.0, -15.0, 521.0, 9.0, -15.0, 0, 0, 0
L 511.0, -10.0, -15.0, 521.0, -10.0, -15.0, 0, 0, 0
L 521.0, -15.0, -15.0, 521.0, -10.0, -15.0, 0, 0, 0
L 521.0, -15.0, -15.0, 514.0, -15.0, -15.0, 0, 0, 0
L 515.0, -33.0, -15.0, 514.1, -17.0, -15.0, 0, 0, 0
L 514.1, -17.0, -15.0, 514.0, -17.0, -15.0, 0, 0, 0
L 514.1, -17.0, -15.0, 514.0, -15.0, -15.0, 0, 0, 0
L 353.0, -20.6, -24.7, 365.2, -28.4, -24.7, 0, 0, 255
L 269.0, -75.0, 36.0, 269.0, -59.0, 36.0, 0, 255, 0
L 269.0, -37.0, 36.0, 269.0, -49.0, 36.0, 0, 255, 0
L 269.0, -75.0, 36.0, 267.0, -77.0, 36.0, 0, 255, 0
L 269.0, -49.0, 36.0, 261.0, -49.0, 36.0, 0, 255, 0
L 267.0, -77.0, 36.0, 234.0, -77.0, 36.0, 0, 255, 0
L 261.0, -59.0, 36.0, 269.0, -59.0, 36.0, 0, 255, 0
L 368.0, -96.0, 36.0, 368.0, -93.0, 36.0, 0, 255, 0
L 338.0, -78.0, 36.0, 347.0, -87.0, 36.0, 0, 255, 0
L 368.0, -93.0, 36.0, 377.0, -93.0, 36.0, 0, 255, 0
L 347.0, -87.0, 36.0, 350.0, -96.0, 36.0, 0, 255, 0
L 397.0, -87.0, 36.0, 407.0, -77.0, 36.0, 0, 255, 0
L 377.0, -96.0, 36.0, 395.0, -96.0, 36.0, 0, 255, 0
L 358.0, -58.0, 36.0, 341.0, -48.0, 36.0, 0, 255, 0
L 433.0, -58.0, 36.0, 450.0, -60.0, 36.0, 0, 255, 0
L 426.0, -70.0, 36.0, 436.0, -73.0, 36.0, 0, 255, 0
L 414.0, -73.0, 36.0, 426.0, -70.0, 36.0, 0, 255, 0
L 395.0, -96.0, 36.0, 397.0, -87.0, 36.0, 0, 255, 0
L 436.0, -73.0, 36.0, 452.0, -64.0, 36.0, 0, 255, 0
L 350.0, -96.0, 36.0, 368.0, -96.0, 36.0, 0, 255, 0
L 433.0, -58.0, 36.0, 358.0, -58.0, 36.0, 0, 255, 0
L 452.0, -64.0, 36.0, 450.0, -60.0, 36.0, 0, 255, 0
L 407.0, -77.0, 36.0, 414.0, -73.0, 36.0, 0, 255, 0
L 377.0, -93.0, 36.0, 377.0, -96.0, 36.0, 0, 255, 0
L 331.0, -74.0, 36.0, 338.0, -78.0, 36.0, 0, 255, 0
L 286.0, -16.0, 36.0, 286.0, -33.0, 36.0, 0, 255, 0
L 303.0, 55.0, 36.0, 298.0, 46.0, 36.0, 0, 255, 0
L 300.0, 56.0, 36.0, 303.0, 55.0, 36.0, 0, 255, 0
L 319.0, -71.0, 36.0, 331.0, -74.0, 36.0, 0, 255, 0
L 309.0, -73.0, 36.0, 319.0, -71.0, 36.0, 0, 255, 0
L 295.0, -49.0, 36.0, 298.0, -47.0, 36.0, 0, 255, 0
L 300.0, -57.0, 36.0, 309.0, -73.0, 36.0, 0, 255, 0
L 303.0, -56.0, 36.0, 300.0, -57.0, 36.0, 0, 255, 0
L 298.0, -47.0, 36.0, 303.0, -56.0, 36.0, 0, 255, 0
L 286.0, 32.0, 36.0, 286.0, 15.0, 36.0, 0, 255, 0
L 298.0, 46.0, 36.0, 295.0, 48.0, 36.0, 0, 255, 0
L 309.0, 72.0, 36.0, 300.0, 56.0, 36.0, 0, 255, 0
L 319.0, 70.0, 36.0, 309.0, 72.0, 36.0, 0, 255, 0
L 295.0, 48.0, 36.0, 286.0, 32.0, 36.0, 0, 255, 0
L 331.0, 73.0, 36.0, 319.0, 70.0, 36.0, 0, 255, 0
L 286.0, -33.0, 36.0, 295.0, -49.0, 36.0, 0, 255, 0
L 414.0, 72.0, 36.0, 407.0, 76.0, 36.0, 0, 255, 0
L 368.0, 92.0, 36.0, 368.0, 95.0, 36.0, 0, 255, 0
L 358.0, 57.0, 36.0, 433.0, 57.0, 36.0, 0, 255, 0
L 368.0, 95.0, 36.0, 350.0, 95.0, 36.0, 0, 255, 0
L 377.0, 92.0, 36.0, 368.0, 92.0, 36.0, 0, 255, 0
L 332.0, 31.0, 36.0, 332.0, 9.0, 36.0, 0, 255, 0
L 377.0, 95.0, 36.0, 377.0, 92.0, 36.0, 0, 255, 0
L 290.0, -16.0, 36.0, 286.0, -16.0, 36.0, 0, 255, 0
L 395.0, 95.0, 36.0, 377.0, 95.0, 36.0, 0, 255, 0
L 407.0, 76.0, 36.0, 397.0, 86.0, 36.0, 0, 255, 0
L 397.0, 86.0, 36.0, 395.0, 95.0, 36.0, 0, 255, 0
L 332.0, -31.0, 36.0, 332.0, -10.0, 36.0, 0, 255, 0
L 436.0, 72.0, 36.0, 426.0, 69.0, 36.0, 0, 255, 0
L 450.0, 59.0, 36.0, 452.0, 63.0, 36.0, 0, 255, 0
L 326.0, 9.0, 36.0, 326.0, -10.0, 36.0, 0, 255, 0
L 332.0, -10.0, 36.0, 326.0, -10.0, 36.0, 0, 255, 0
L 290.0, 15.0, 36.0, 291.0, 11.0, 36.0, 0, 255, 0
L 292.0, -10.0, 36.0, 290.0, -16.0, 36.0, 0, 255, 0
L 426.0, 69.0, 36.0, 414.0, 72.0, 36.0, 0, 255, 0
L 341.0, 47.0, 36.0, 332.0, 31.0, 36.0, 0, 255, 0
L 332.0, 9.0, 36.0, 326.0, 9.0, 36.0, 0, 255, 0
L 450.0, 59.0, 36.0, 433.0, 57.0, 36.0, 0, 255, 0
L 341.0, 47.0, 36.0, 358.0, 57.0, 36.0, 0, 255, 0
L 291.0, 11.0, 36.0, 294.0, 8.0, 36.0, 0, 255, 0
L 338.0, 77.0, 36.0, 331.0, 73.0, 36.0, 0, 255, 0
L 350.0, 95.0, 36.0, 347.0, 86.0, 36.0, 0, 255, 0
L 452.0, 63.0, 36.0, 436.0, 72.0, 36.0, 0, 255, 0
L 341.0, -48.0, 36.0, 332.0, -31.0, 36.0, 0, 255, 0
L 347.0, 86.0, 36.0, 338.0, 77.0, 36.0, 0, 255, 0
L 286.0, 15.0, 36.0, 290.0, 15.0, 36.0, 0, 255, 0
L 294.0, 8.0, 36.0, 274.0, 4.0, 40.0, 0, 255, 0
L 274.0, -5.0, 40.0, 292.0, -10.0, 36.0, 0, 255, 0
L 207.0, 53.0, -17.0, 207.0, 51.0, -17.0, 0, 240, 240
L 207.0, 53.0, -17.0, 210.3, 53.0, -17.0, 205, 133, 63
L 210.3, 51.0, -17.0, 210.3, 55.0, -17.0, 205, 133, 63
L 210.3, 51.0, -17.0, 213.7, 51.0, -17.0, 205, 133, 63
L 210.3, 55.0, -17.0, 213.7, 55.0, -17.0, 205, 133, 63
L 213.7, 51.0, -17.0, 213.7, 53.0, -17.0, 205, 133, 63
L 213.7, 53.0, -17.0, 213.7, 55.0, -17.0, 205, 133, 63
L 217.0, 53.0, -17.0, 217.0, 59.0, -17.0, 0, 240, 240
L 213.7, 53.0, -17.0, 217.0, 53.0, -17.0, 205, 133, 63
L 156.0, 53.0, -17.0, 156.0, 51.0, -17.0, 0, 240, 240
L 156.0, 53.0, -17.0, 159.3, 53.0, -17.0, 205, 133, 63
L 159.3, 51.0, -17.0, 159.3, 55.0, -17.0, 205, 133, 63
L 159.3, 51.0, -17.0, 162.7, 51.0, -17.0, 205, 133, 63
L 159.3, 55.0, -17.0, 162.7, 55.0, -17.0, 205, 133, 63
L 162.7, 51.0, -17.0, 162.7, 53.0, -17.0, 205, 133, 63
L 162.7, 53.0, -17.0, 162.7, 55.0, -17.0, 205, 133, 63
L 166.0, 53.0, -17.0, 166.0, 59.0, -17.0, 0, 240, 240
L 162.7, 53.0, -17.0, 166.0, 53.0, -17.0, 205, 133, 63
L 219.0, -83.8, 40.0, 219.0, -82.0, 40.0, 0, 255, 0
L 219.0, -83.8, 40.0, 222.0, -83.8, 40.0, 205, 133, 63
L 222.0, -85.5, 40.0, 222.0, -82.0, 40.0, 205, 133, 63
L 222.0, -85.5, 40.0, 225.0, -85.5, 40.0, 205, 133, 63
L 222.0, -82.0, 40.0, 225.0, -82.0, 40.0, 205, 133, 63
L 225.0, -85.5, 40.0, 225.0, -83.8, 40.0, 205, 133, 63
L 225.0, -83.8, 40.0, 225.0, -82.0, 40.0, 205, 133, 63
L 228.0, -83.8, 40.0, 228.0, -82.0, 40.0, 0, 255, 0
L 225.0, -83.8, 40.0, 228.0, -83.8, 40.0, 205, 133, 63
L 118.0, -94.0, -9.0, 64.4, -94.1, -9.8, 0, 0, 0
L 59.1, -82.9, -9.0, 58.0, -88.7, -9.0, 0, 0, 0
L 58.0, -88.7, -9.0, 64.4, -89.1, -9.8, 0, 0, 0
L 168.0, -83.8, 40.0, 168.0, -89.0, 40.0, 0, 255, 0
L 168.0, -83.8, 40.0, 171.0, -83.8, 40.0, 205, 133, 63
L 171.0, -85.5, 40.0, 171.0, -82.0, 40.0, 205, 133, 63
L 171.0, -85.5, 40.0, 174.0, -85.5, 40.0, 205, 133, 63
L 171.0, -82.0, 40.0, 174.0, -82.0, 40.0, 205, 133, 63
L 174.0, -85.5, 40.0, 174.0, -83.8, 40.0, 205, 133, 63
L 174.0, -83.8, 40.0, 174.0, -82.0, 40.0, 205, 133, 63
L 177.0, -83.8, 40.0, 177.0, -82.0, 40.0, 0, 255, 0
L 174.0, -83.8, 40.0, 177.0, -83.8, 40.0, 205, 133, 63
L 179.0, 51.0, 11.0, 179.0, 51.0, 14.0, 0, 0, 0
L 219.0, 84.5, 40.0, 219.0, 81.0, 40.0, 0, 255, 0
L 219.0, 84.5, 40.0, 222.0, 84.5, 40.0, 205, 133, 63
L 222.0, 81.0, 40.0, 222.0, 88.0, 40.0, 205, 133, 63
L 222.0, 81.0, 40.0, 225.0, 81.0, 40.0, 205, 133, 63
L 222.0, 88.0, 40.0, 225.0, 88.0, 40.0, 205, 133, 63
L 225.0, 81.0, 40.0, 225.0, 84.5, 40.0, 205, 133, 63
L 225.0, 84.5, 40.0, 225.0, 88.0, 40.0, 205, 133, 63
L 228.0, 84.5, 40.0, 228.0, 88.0, 40.0, 0, 255, 0
L 225.0, 84.5, 40.0, 228.0, 84.5, 40.0, 205, 133, 63
L 168.0, 84.5, 40.0, 168.0, 88.0, 40.0, 0, 255, 0
L 168.0, 84.5, 40.0, 171.0, 84.5, 40.0, 205, 133, 63
L 171.0, 81.0, 40.0, 171.0, 88.0, 40.0, 205, 133, 63
L 171.0, 81.0, 40.0, 174.0, 81.0, 40.0, 205, 133, 63
L 171.0, 88.0, 40.0, 174.0, 88.0, 40.0, 205, 133, 63
L 174.0, 81.0, 40.0, 174.0, 84.5, 40.0, 205, 133, 63
L 174.0, 84.5, 40.0, 174.0, 88.0, 40.0, 205, 133, 63
L 177.0, 84.5, 40.0, 177.0, 81.0, 40.0, 0, 255, 0
L 174.0, 84.5, 40.0, 177.0, 84.5, 40.0, 205, 133, 63
L 60.0, -85.5, 28.0, 60.0, -89.0, 28.0, 0, 255, 0
L 60.0, -85.5, 28.0, 63.3, -85.5, 28.0, 205, 133, 63
L 63.3, -89.0, 28.0, 63.3, -82.0, 28.0, 205, 133, 63
L 63.3, -89.0, 28.0, 66.7, -89.0, 28.0, 205, 133, 63
L 63.3, -82.0, 28.0, 66.7, -82.0, 28.0, 205, 133, 63
L 66.7, -89.0, 28.0, 66.7, -85.5, 28.0, 205, 133, 63
L 66.7, -85.5, 28.0, 66.7, -82.0, 28.0, 205, 133, 63
L 70.0, -85.5, 28.0, 70.0, -82.0, 28.0, 0, 255, 0
L 66.7, -85.5, 28.0, 70.0, -85.5, 28.0, 205, 133, 63
L 60.0, 84.5, 28.0, 60.0, 81.0, 28.0, 0, 255, 0
L 60.0, 84.5, 28.0, 63.3, 84.5, 28.0, 205, 133, 63
L 63.3, 81.0, 28.0, 63.3, 88.0, 28.0, 205, 133, 63
L 63.3, 81.0, 28.0, 66.7, 81.0, 28.0, 205, 133, 63
L 63.3, 88.0, 28.0, 66.7, 88.0, 28.0, 205, 133, 63
L 66.7, 81.0, 28.0, 66.7, 84.5, 28.0, 205, 133, 63
L 66.7, 84.5, 28.0, 66.7, 88.0, 28.0, 205, 133, 63
L 70.0, 84.5, 28.0, 70.0, 88.0, 28.0, 0, 255, 0
L 66.7, 84.5, 28.0, 70.0, 84.5, 28.0, 205, 133, 63
L 207.0, -56.0, -17.0, 207.0, -60.0, -17.0, 0, 240, 240
L 207.0, -56.0, -17.0, 210.3, -56.0, -17.0, 205, 133, 63
L 210.3, -60.0, -17.0, 210.3, -52.0, -17.0, 205, 133, 63
L 210.3, -60.0, -17.0, 213.7, -60.0, -17.0, 205, 133, 63
L 210.3, -52.0, -17.0, 213.7, -52.0, -17.0, 205, 133, 63
L 213.7, -60.0, -17.0, 213.7, -56.0, -17.0, 205, 133, 63
L 213.7, -56.0, -17.0, 213.7, -52.0, -17.0, 205, 133, 63
L 217.0, -56.0, -17.0, 217.0, -52.0, -17.0, 0, 240, 240
L 213.7, -56.0, -17.0, 217.0, -56.0, -17.0, 205, 133, 63
L 156.0, -56.0, -17.0, 156.0, -60.0, -17.0, 0, 240, 240
L 156.0, -56.0, -17.0, 159.3, -56.0, -17.0, 205, 133, 63
L 159.3, -60.0, -17.0, 159.3, -52.0, -17.0, 205, 133, 63
L 159.3, -60.0, -17.0, 162.7, -60.0, -17.0, 205, 133, 63
L 159.3, -52.0, -17.0, 162.7, -52.0, -17.0, 205, 133, 63
L 162.7, -60.0, -17.0, 162.7, -56.0, -17.0, 205, 133, 63
L 162.7, -56.0, -17.0, 162.7, -52.0, -17.0, 205, 133, 63
L 166.0, -56.0, -17.0, 166.0, -60.0, -17.0, 0, 240, 240
L 162.7, -56.0, -17.0, 166.0, -56.0, -17.0, 205, 133, 63
L 49.0, -85.3, -9.0, 49.0, -89.0, -9.0, 0, 0, 0
L 49.0, -85.3, -9.0, 52.0, -85.3, -9.0, 205, 133, 63
L 52.0, -88.7, -9.0, 52.0, -82.0, -9.0, 205, 133, 63
L 52.0, -88.7, -9.0, 55.0, -88.7, -9.0, 205, 133, 63
L 52.0, -82.0, -9.0, 55.0, -82.0, -9.0, 205, 133, 63
L 55.0, -88.7, -9.0, 55.0, -85.3, -9.0, 205, 133, 63
L 55.0, -85.3, -9.0, 55.0, -82.0, -9.0, 205, 133, 63
L 55.0, -85.3, -9.0, 58.0, -85.3, -9.0, 205, 133, 63
