L -341.0000, 404.0000, -31.0000,  -326.0000, 375.0000, -46.0000,  0, 0, 0
L -326.0000, 375.0000, -46.0000,  -338.0000, 287.0000, -46.0000,  0, 0, 0
L -338.0000, 287.0000, -46.0000,  -316.0000, 249.0000, -51.0000,  0, 0, 0
L -316.0000, 249.0000, -51.0000,  -349.0000, 210.0000, -60.0000,  0, 0, 0
L -349.0000, 210.0000, -60.0000,  -355.0000, 191.0000, -61.0000,  0, 0, 0
L -355.0000, 191.0000, -61.0000,  -345.0000, 179.0000, -61.0000,  0, 0, 0
L -308.0000, 169.0000, -60.0000,  -345.0000, 179.0000, -61.0000,  0, 0, 0
L -308.0000, 169.0000, -60.0000,  -273.0000, 172.0000, -39.0000,  0, 0, 0
L -273.0000, 172.0000, -39.0000,  -233.0000, 164.0000, -40.0000,  0, 0, 0
L -233.0000, 164.0000, -40.0000,  -196.0000, 171.0000, -39.0000,  0, 0, 0
L -49.0000, 150.0000, 2.0000,  -49.0000, 171.0000, 0.0000,  0, 0, 0
L -49.0000, 171.0000, 0.0000,  -24.0000, 171.0000, 1.0000,  0, 0, 0
L -24.0000, 170.0000, 2.0000,  -19.0000, 170.0000, 1.0000,  0, 0, 0
L -19.0000, 170.0000, 1.0000,  -19.0000, 176.0000, 1.0000,  0, 0, 0
L -19.0000, 176.0000, 1.0000,  -21.0000, 176.0000, 1.0000,  0, 0, 0
L -21.0000, 176.0000, 1.0000,  -21.0000, 202.0000, 24.0000,  0, 0, 0
L -21.0000, 202.0000, 24.0000,  0.0000, 184.0000, 3.0000,  0, 0, 0
L 0.0000, 176.0000, 2.0000,  0.0000, 184.0000, 3.0000,  0, 0, 0
L -1.0000, 176.0000, 1.0000,  -1.0000, 170.0000, 1.0000,  0, 0, 0
L -1.0000, 170.0000, 1.0000,  3.0000, 171.0000, 0.0000,  0, 0, 0
L 3.0000, 171.0000, 0.0000,  9.0000, 171.0000, 0.0000,  0, 0, 0
L 9.0000, 171.0000, 0.0000,  9.0000, 162.0000, 0.0000,  0, 0, 0
L 8.0000, 162.0000, 0.0000,  8.0000, 157.0000, 0.0000,  0, 0, 0
L 8.0000, 157.0000, 0.0000,  14.0000, 157.0000, 1.0000,  0, 0, 0
L 14.0000, 157.0000, 1.0000,  14.0000, 159.0000, 1.0000,  0, 0, 0
L 14.0000, 159.0000, 1.0000,  40.0000, 157.0000, 11.0000,  0, 0, 0
L 40.0000, 157.0000, 12.0000,  46.0000, 159.0000, 12.0000,  0, 0, 0
L 46.0000, 159.0000, 12.0000,  71.0000, 159.0000, 22.0000,  0, 0, 0
L 71.0000, 159.0000, 22.0000,  82.0000, 157.0000, 22.0000,  0, 0, 0
L 82.0000, 157.0000, 21.0000,  82.0000, 160.0000, 21.0000,  0, 0, 0
L 82.0000, 160.0000, 21.0000,  85.0000, 160.0000, 21.0000,  0, 0, 0
L 85.0000, 163.0000, 22.0000,  85.0000, 160.0000, 22.0000,  0, 0, 0
L 85.0000, 163.0000, 22.0000,  104.0000, 163.0000, 22.0000,  0, 0, 0
L 104.0000, 163.0000, 22.0000,  104.0000, 160.0000, 21.0000,  0, 0, 0
L 104.0000, 160.0000, 21.0000,  107.0000, 160.0000, 21.0000,  0, 0, 0
L 107.0000, 160.0000, 21.0000,  107.0000, 157.0000, 21.0000,  0, 0, 0
L 110.0000, 157.0000, 22.0000,  107.0000, 157.0000, 21.0000,  0, 0, 0
L 110.0000, 157.0000, 22.0000,  110.0000, 138.0000, 22.0000,  0, 0, 0
L 110.0000, 138.0000, 22.0000,  107.0000, 138.0000, 22.0000,  0, 0, 0
L 107.0000, 138.0000, 21.0000,  107.0000, 135.0000, 21.0000,  0, 0, 0
L 107.0000, 135.0000, 21.0000,  104.0000, 135.0000, 21.0000,  0, 0, 0
L 104.0000, 135.0000, 22.0000,  104.0000, 124.0000, 22.0000,  0, 0, 0
L 104.0000, 124.0000, 21.0000,  107.0000, 124.0000, 21.0000,  0, 0, 0
L 107.0000, 124.0000, 21.0000,  107.0000, 121.0000, 21.0000,  0, 0, 0
L 107.0000, 121.0000, 21.0000,  110.0000, 121.0000, 22.0000,  0, 0, 0
L 110.0000, 121.0000, 22.0000,  110.0000, 102.0000, 22.0000,  0, 0, 0
L 110.0000, 102.0000, 22.0000,  107.0000, 102.0000, 22.0000,  0, 0, 0
L 107.0000, 102.0000, 21.0000,  107.0000, 99.0000, 21.0000,  0, 0, 0
L 107.0000, 99.0000, 21.0000,  104.0000, 99.0000, 21.0000,  0, 0, 0
L 104.0000, 99.0000, 21.0000,  104.0000, 96.0000, 22.0000,  0, 0, 0
L 104.0000, 96.0000, 21.0000,  85.0000, 96.0000, 22.0000,  0, 0, 0
L 85.0000, 96.0000, 22.0000,  85.0000, 99.0000, 22.0000,  0, 0, 0
L 85.0000, 99.0000, 21.0000,  82.0000, 99.0000, 21.0000,  0, 0, 0
L 82.0000, 99.0000, 21.0000,  82.0000, 102.0000, 21.0000,  0, 0, 0
L 79.0000, 102.0000, 22.0000,  82.0000, 102.0000, 21.0000,  0, 0, 0
L 79.0000, 121.0000, 22.0000,  79.0000, 102.0000, 21.0000,  0, 0, 0
L 79.0000, 121.0000, 22.0000,  82.0000, 121.0000, 22.0000,  0, 0, 0
L 82.0000, 121.0000, 21.0000,  82.0000, 124.0000, 21.0000,  0, 0, 0
L 82.0000, 124.0000, 21.0000,  85.0000, 124.0000, 21.0000,  0, 0, 0
L 85.0000, 124.0000, 22.0000,  85.0000, 135.0000, 22.0000,  0, 0, 0
L 85.0000, 135.0000, 21.0000,  82.0000, 135.0000, 21.0000,  0, 0, 0
L 82.0000, 135.0000, 21.0000,  82.0000, 139.0000, 21.0000,  0, 0, 0
L 82.0000, 139.0000, 22.0000,  71.0000, 139.0000, 22.0000,  0, 0, 0
L 71.0000, 139.0000, 21.0000,  46.0000, 139.0000, 13.0000,  0, 0, 0
L 46.0000, 139.0000, 12.0000,  40.0000, 139.0000, 12.0000,  0, 0, 0
L 40.0000, 139.0000, 10.0000,  14.0000, 138.0000, 2.0000,  0, 0, 0
L 14.0000, 139.0000, 2.0000,  8.0000, 139.0000, 0.0000,  0, 0, 0
L 8.0000, 139.0000, 0.0000,  8.0000, 134.0000, 0.0000,  0, 0, 0
L 9.0000, 134.0000, 0.0000,  8.0000, 134.0000, 0.0000,  0, 0, 0
L 9.0000, 134.0000, 0.0000,  9.0000, 115.0000, 0.0000,  0, 0, 0
L 9.0000, 115.0000, 0.0000,  -11.0000, 115.0000, -1.0000,  0, 0, 0
L -11.0000, 115.0000, -1.0000,  -11.0000, 94.0000, 0.0000,  0, 0, 0
L -11.0000, 94.0000, 0.0000,  -14.0000, 94.0000, 0.0000,  0, 0, 0
L -14.0000, 84.0000, 0.0000,  -14.0000, 85.0000, 0.0000,  0, 0, 0
L -14.0000, 95.0000, 0.0000,  -19.0000, 95.0000, 0.0000,  0, 0, 0
L -19.0000, 95.0000, 0.0000,  -19.0000, 84.0000, 0.0000,  0, 0, 0
L -19.0000, 84.0000, 0.0000,  -14.0000, 84.0000, 0.0000,  0, 0, 0
L -14.0000, 85.0000, 0.0000,  -9.0000, 85.0000, 0.0000,  0, 0, 0
L -9.0000, 85.0000, 0.0000,  -9.0000, 82.0000, 0.0000,  0, 0, 0
L -9.0000, 82.0000, 0.0000,  -6.0000, 82.0000, 0.0000,  0, 0, 0
L -6.0000, 82.0000, 0.0000,  -6.0000, 66.0000, 4.0000,  0, 0, 0
L -6.0000, 66.0000, 4.0000,  -27.0000, 39.0000, 0.0000,  0, 0, 0
L -27.0000, 39.0000, 0.0000,  -27.0000, 11.0000, 0.0000,  0, 0, 0
L -27.0000, 11.0000, 0.0000,  -5.0000, 11.0000, 0.0000,  0, 0, 0
L -5.0000, 11.0000, 0.0000,  -5.0000, 8.0000, 0.0000,  0, 0, 0
L -5.0000, 8.0000, 0.0000,  5.0000, 8.0000, 1.0000,  0, 0, 0
L 5.0000, 8.0000, 0.0000,  31.0000, 10.0000, 23.0000,  0, 0, 0
L 31.0000, 10.0000, 23.0000,  31.0000, 9.0000, 26.0000,  0, 0, 0
L 31.0000, 9.0000, 26.0000,  13.0000, -10.0000, 20.0000,  0, 0, 0
L 13.0000, -10.0000, 20.0000,  5.0000, -10.0000, 0.0000,  0, 0, 0
L 5.0000, -10.0000, 0.0000,  -5.0000, -9.0000, 0.0000,  0, 0, 0
L -5.0000, -9.0000, 0.0000,  -27.0000, -11.0000, 0.0000,  0, 0, 0
L -27.0000, -11.0000, 0.0000,  -27.0000, -32.0000, 0.0000,  0, 0, 0
L -27.0000, -32.0000, 0.0000,  -6.0000, -59.0000, 0.0000,  0, 0, 0
L -6.0000, -59.0000, 0.0000,  -6.0000, -74.0000, 0.0000,  0, 0, 0
L 255.0000, -143.0000, 24.0000,  255.0000, -134.0000, 25.0000,  0, 0, 0
L 255.0000, -134.0000, 25.0000,  254.0000, -89.0000, 25.0000,  0, 0, 0
L 257.0000, -86.0000, 25.0000,  271.0000, -25.0000, 25.0000,  0, 0, 0
L 271.0000, -25.0000, 25.0000,  284.0000, -25.0000, 25.0000,  0, 0, 0
L 284.0000, -25.0000, 25.0000,  284.0000, -20.0000, 25.0000,  0, 0, 0
L 272.0000, -20.0000, 25.0000,  283.0000, 28.0000, 25.0000,  0, 0, 0
L 284.0000, -20.0000, 25.0000,  272.0000, -20.0000, 25.0000,  0, 0, 0
L 348.0000, 51.0000, 25.0000,  350.0000, 76.0000, 25.0000,  0, 0, 0
L 350.0000, 76.0000, 25.0000,  350.0000, 86.0000, 25.0000,  0, 0, 0
L 350.0000, 86.0000, 25.0000,  236.0000, 86.0000, 25.0000,  0, 0, 0
L 236.0000, 86.0000, 25.0000,  236.0000, 136.0000, 25.0000,  0, 0, 0
L 236.0000, 136.0000, 25.0000,  263.0000, 154.0000, 25.0000,  0, 0, 0
L 263.0000, 154.0000, 25.0000,  263.0000, 184.0000, 29.0000,  0, 0, 0
L 263.0000, 184.0000, 29.0000,  275.0000, 194.0000, 25.0000,  0, 0, 0
L 275.0000, 194.0000, 25.0000,  321.0000, 194.0000, 25.0000,  0, 0, 0
L 321.0000, 194.0000, 25.0000,  321.0000, 204.0000, 26.0000,  0, 0, 0
L 318.0000, 204.0000, 26.0000,  321.0000, 204.0000, 26.0000,  0, 0, 0
L 206.0000, 333.0000, 46.0000,  187.0000, 308.0000, 46.0000,  0, 0, 0
L 187.0000, 308.0000, 46.0000,  187.0000, 287.0000, 46.0000,  0, 0, 0
L 187.0000, 287.0000, 46.0000,  176.0000, 277.0000, 47.0000,  0, 0, 0
L 176.0000, 277.0000, 47.0000,  90.0000, 277.0000, 46.0000,  0, 0, 0
L 90.0000, 277.0000, 46.0000,  90.0000, 305.0000, 46.0000,  0, 0, 0
L 90.0000, 305.0000, 46.0000,  94.0000, 305.0000, 46.0000,  0, 0, 0
L 94.0000, 305.0000, 46.0000,  94.0000, 310.0000, 46.0000,  0, 0, 0
L 94.0000, 310.0000, 46.0000,  86.0000, 310.0000, 46.0000,  0, 0, 0
L 86.0000, 310.0000, 46.0000,  47.0000, 333.0000, 46.0000,  0, 0, 0
L 47.0000, 333.0000, 46.0000,  47.0000, 339.0000, 46.0000,  0, 0, 0
L 47.0000, 339.0000, 46.0000,  43.0000, 339.0000, 46.0000,  0, 0, 0
L 34.0000, 349.0000, 46.0000,  34.0000, 342.0000, 46.0000,  0, 0, 0
L -5.0000, 401.0000, 46.0000,  15.0000, 401.0000, 46.0000,  0, 0, 0
L 15.0000, 401.0000, 46.0000,  34.0000, 380.0000, 46.0000,  0, 0, 0
L 44.0000, 385.0000, 46.0000,  203.0000, 385.0000, 45.0000,  0, 0, 0
L 203.0000, 385.0000, 45.0000,  203.0000, 381.0000, 44.0000,  0, 0, 0
L 203.0000, 381.0000, 44.0000,  207.0000, 381.0000, 46.0000,  0, 0, 0
L 241.0000, 374.0000, 46.0000,  241.0000, 401.0000, 46.0000,  0, 0, 0
L 398.0000, 368.0000, 46.0000,  398.0000, 364.0000, 46.0000,  0, 0, 0
L 398.0000, 364.0000, 46.0000,  405.0000, 364.0000, 46.0000,  0, 0, 0
L 424.0000, 338.0000, 46.0000,  424.0000, 365.0000, 46.0000,  0, 0, 0
L 424.0000, 338.0000, 46.0000,  449.0000, 337.0000, 46.0000,  0, 0, 0
L 354.0000, 284.0000, 46.0000,  357.0000, 284.0000, 45.0000,  0, 0, 0
L 357.0000, 284.0000, 45.0000,  357.0000, 281.0000, 45.0000,  0, 0, 0
L 398.0000, 281.0000, 46.0000,  398.0000, 284.0000, 46.0000,  0, 0, 0
L 398.0000, 284.0000, 46.0000,  401.0000, 284.0000, 46.0000,  0, 0, 0
L 405.0000, 341.0000, 46.0000,  404.0000, 341.0000, 46.0000,  0, 0, 0
L 400.0000, 341.0000, 46.0000,  400.0000, 345.0000, 46.0000,  0, 0, 0
L 400.0000, 345.0000, 46.0000,  405.0000, 345.0000, 46.0000,  0, 0, 0
L 404.0000, 341.0000, 46.0000,  404.0000, 317.0000, 46.0000,  0, 0, 0
L 405.0000, 365.0000, 46.0000,  405.0000, 364.0000, 46.0000,  0, 0, 0
L 405.0000, 365.0000, 46.0000,  424.0000, 365.0000, 46.0000,  0, 0, 0
L 405.0000, 341.0000, 46.0000,  405.0000, 345.0000, 46.0000,  0, 0, 0
L 404.0000, 317.0000, 46.0000,  449.0000, 318.0000, 46.0000,  0, 0, 0
L 449.0000, 318.0000, 46.0000,  458.0000, 318.0000, 46.0000,  0, 0, 0
L 458.0000, 318.0000, 46.0000,  514.0000, 316.0000, 46.0000,  0, 0, 0
L 514.0000, 316.0000, 46.0000,  542.0000, 282.0000, 46.0000,  0, 0, 0
L 542.0000, 282.0000, 46.0000,  544.0000, 220.0000, 46.0000,  0, 0, 0
L 511.0000, 101.0000, 48.0000,  517.0000, 101.0000, 46.0000,  0, 0, 0
L 511.0000, 102.0000, 48.0000,  511.0000, 101.0000, 48.0000,  0, 0, 0
L 511.0000, 102.0000, 48.0000,  493.0000, 102.0000, 71.0000,  0, 0, 0
L 493.0000, 102.0000, 71.0000,  488.0000, 81.0000, 73.0000,  0, 0, 0
L 488.0000, 81.0000, 73.0000,  511.0000, 81.0000, 47.0000,  0, 0, 0
L 511.0000, 83.0000, 47.0000,  517.0000, 83.0000, 46.0000,  0, 0, 0
L 527.0000, 70.0000, 46.0000,  527.0000, 64.0000, 48.0000,  0, 0, 0
L 526.0000, 64.0000, 48.0000,  527.0000, 64.0000, 48.0000,  0, 0, 0
L 526.0000, 64.0000, 48.0000,  526.0000, 56.0000, 67.0000,  0, 0, 0
L 526.0000, 56.0000, 67.0000,  546.0000, 38.0000, 73.0000,  0, 0, 0
L 546.0000, 38.0000, 73.0000,  547.0000, 38.0000, 70.0000,  0, 0, 0
L 547.0000, 38.0000, 70.0000,  547.0000, 64.0000, 46.0000,  0, 0, 0
L 633.0000, 62.0000, 46.0000,  635.0000, 62.0000, 46.0000,  0, 0, 0
L 633.0000, 62.0000, 46.0000,  633.0000, 6.0000, 48.0000,  0, 0, 0
L -341.0000, 404.0000, -31.0000,  -385.0000, 404.0000, -31.0000,  0, 0, 0
L -385.0000, 404.0000, -31.0000,  -401.0000, 375.0000, -45.0000,  0, 0, 0
L -401.0000, 375.0000, -45.0000,  -441.0000, 375.0000, -46.0000,  0, 0, 0
L -441.0000, 375.0000, -45.0000,  -441.0000, 288.0000, -49.0000,  0, 0, 0
L -441.0000, 288.0000, -49.0000,  -415.0000, 248.0000, -46.0000,  0, 0, 0
L -415.0000, 248.0000, -46.0000,  -396.0000, 210.0000, -57.0000,  0, 0, 0
L -396.0000, 210.0000, -57.0000,  -380.0000, 158.0000, -60.0000,  0, 0, 0
L -380.0000, 158.0000, -60.0000,  -415.0000, 104.0000, -61.0000,  0, 0, 0
L -415.0000, 104.0000, -61.0000,  -428.0000, 72.0000, -82.0000,  0, 0, 0
L -428.0000, 72.0000, -82.0000,  -448.0000, 33.0000, -82.0000,  0, 0, 0
L -448.0000, 33.0000, -82.0000,  -433.0000, -5.0000, -81.0000,  0, 0, 0
L -433.0000, -93.0000, -82.0000,  -433.0000, -5.0000, -81.0000,  0, 0, 0
L -433.0000, -93.0000, -82.0000,  -417.0000, -121.0000, -94.0000,  0, 0, 0
L -417.0000, -121.0000, -94.0000,  -373.0000, -121.0000, -94.0000,  0, 0, 0
L -373.0000, -121.0000, -94.0000,  -357.0000, -93.0000, -82.0000,  0, 0, 0
L -357.0000, -93.0000, -82.0000,  -357.0000, -6.0000, -81.0000,  0, 0, 0
L -347.0000, 32.0000, -82.0000,  -381.0000, 71.0000, -82.0000,  0, 0, 0
L -381.0000, 71.0000, -82.0000,  -381.0000, 105.0000, -61.0000,  0, 0, 0
L -347.0000, 32.0000, -82.0000,  -357.0000, -6.0000, -81.0000,  0, 0, 0
L -357.0000, -17.0000, -81.0000,  -361.0000, -22.0000, -81.0000,  150, 150, 150
L -361.0000, -22.0000, -81.0000,  -371.0000, -26.0000, -80.0000,  150, 150, 150
L -371.0000, -26.0000, -80.0000,  -384.0000, -24.0000, -80.0000,  150, 150, 150
L -384.0000, -24.0000, -80.0000,  -391.0000, -14.0000, -81.0000,  150, 150, 150
L -391.0000, -14.0000, -81.0000,  -390.0000, 3.0000, -82.0000,  150, 150, 150
L -390.0000, 3.0000, -82.0000,  -380.0000, 10.0000, -82.0000,  150, 150, 150
L -380.0000, 10.0000, -82.0000,  -371.0000, 12.0000, -82.0000,  150, 150, 150
L -371.0000, 12.0000, -82.0000,  -366.0000, 10.0000, -82.0000,  150, 150, 150
L -366.0000, 10.0000, -82.0000,  -361.0000, 7.0000, -82.0000,  150, 150, 150
L -361.0000, 7.0000, -82.0000,  -356.0000, 0.0000, -82.0000,  150, 150, 150
L -381.0000, 105.0000, -60.0000,  -346.0000, 127.0000, -60.0000,  0, 0, 0
L -346.0000, 127.0000, -59.0000,  -272.0000, 85.0000, -38.0000,  0, 0, 0
L -272.0000, 85.0000, -38.0000,  -196.0000, 85.0000, -38.0000,  0, 0, 0
L -196.0000, 85.0000, -38.0000,  -161.0000, 112.0000, -24.0000,  0, 0, 0
L -50.0000, 104.0000, 0.0000,  -50.0000, 94.0000, 0.0000,  0, 0, 0
L -50.0000, 94.0000, 0.0000,  -42.0000, 94.0000, 0.0000,  0, 0, 0
L -42.0000, 84.0000, 0.0000,  -42.0000, 85.0000, 0.0000,  0, 0, 0
L -42.0000, 95.0000, 0.0000,  -37.0000, 95.0000, 0.0000,  0, 0, 0
L -37.0000, 95.0000, 0.0000,  -37.0000, 84.0000, 0.0000,  0, 0, 0
L -37.0000, 84.0000, 0.0000,  -42.0000, 84.0000, 0.0000,  0, 0, 0
L -42.0000, 85.0000, 0.0000,  -52.0000, 85.0000, 0.0000,  0, 0, 0
L -52.0000, 85.0000, 0.0000,  -52.0000, 81.0000, 0.0000,  0, 0, 0
L -52.0000, 81.0000, 0.0000,  -58.0000, 81.0000, 0.0000,  0, 0, 0
L -58.0000, 81.0000, 0.0000,  -81.0000, 42.0000, 0.0000,  0, 0, 0
L -81.0000, 34.0000, 0.0000,  -86.0000, 34.0000, 0.0000,  0, 0, 0
L -86.0000, 38.0000, 0.0000,  -86.0000, 34.0000, 0.0000,  0, 0, 0
L -81.0000, 34.0000, 0.0000,  -81.0000, 42.0000, 0.0000,  0, 0, 0
L -86.0000, 38.0000, 0.0000,  -104.0000, 38.0000, 0.0000,  0, 0, 0
L -104.0000, 38.0000, 0.0000,  -114.0000, 27.0000, 0.0000,  0, 0, 0
L -114.0000, 27.0000, 0.0000,  -114.0000, -20.0000, 0.0000,  0, 0, 0
L -114.0000, -20.0000, 0.0000,  -104.0000, -31.0000, 0.0000,  0, 0, 0
L -104.0000, -31.0000, 0.0000,  -86.0000, -31.0000, 0.0000,  0, 0, 0
L -86.0000, -31.0000, 0.0000,  -86.0000, -27.0000, 0.0000,  0, 0, 0
L -86.0000, -27.0000, 0.0000,  -81.0000, -27.0000, 0.0000,  0, 0, 0
L -81.0000, -27.0000, 0.0000,  -81.0000, -35.0000, 0.0000,  0, 0, 0
L -81.0000, -35.0000, 0.0000,  -58.0000, -75.0000, 0.0000,  0, 0, 0
L -172.0000, -152.0000, -20.0000,  -172.0000, -156.0000, -21.0000,  0, 0, 0
L -172.0000, -156.0000, -21.0000,  -177.0000, -156.0000, -20.0000,  0, 0, 0
L -177.0000, -156.0000, -20.0000,  -177.0000, -152.0000, -20.0000,  0, 0, 0
L -200.0000, -152.0000, -20.0000,  -200.0000, -178.0000, -20.0000,  0, 0, 0
L -200.0000, -178.0000, -20.0000,  -176.0000, -178.0000, -20.0000,  0, 0, 0
L -176.0000, -178.0000, -20.0000,  -176.0000, -203.0000, -20.0000,  0, 0, 0
L -176.0000, -203.0000, -20.0000,  -200.0000, -203.0000, -20.0000,  0, 0, 0
L -200.0000, -203.0000, -20.0000,  -200.0000, -229.0000, -20.0000,  0, 0, 0
L -200.0000, -229.0000, -20.0000,  -177.0000, -229.0000, -20.0000,  0, 0, 0
L -177.0000, -229.0000, -20.0000,  -177.0000, -225.0000, -20.0000,  0, 0, 0
L -177.0000, -225.0000, -20.0000,  -172.0000, -225.0000, -20.0000,  0, 0, 0
L -172.0000, -225.0000, -20.0000,  -172.0000, -229.0000, -20.0000,  0, 0, 0
L -24.0000, -409.0000, -54.0000,  -24.0000, -538.0000, -54.0000,  0, 0, 0
L -24.0000, -538.0000, -54.0000,  -149.0000, -538.0000, -54.0000,  0, 0, 0
L -149.0000, -538.0000, -54.0000,  -149.0000, -585.0000, -57.0000,  0, 0, 0
L -149.0000, -585.0000, -57.0000,  -164.0000, -584.0000, -63.0000,  0, 0, 0
L -164.0000, -584.0000, -63.0000,  -218.0000, -639.0000, -63.0000,  0, 0, 0
L -194.0000, -638.0000, -63.0000,  -165.0000, -608.0000, -62.0000,  0, 0, 0
L -165.0000, -608.0000, -62.0000,  -149.0000, -608.0000, -57.0000,  0, 0, 0
L -149.0000, -608.0000, -57.0000,  -149.0000, -623.0000, -57.0000,  0, 0, 0
L -149.0000, -623.0000, -57.0000,  -121.0000, -646.0000, -57.0000,  0, 0, 0
L -121.0000, -646.0000, -57.0000,  -69.0000, -646.0000, -57.0000,  0, 0, 0
L -69.0000, -646.0000, -57.0000,  -41.0000, -623.0000, -57.0000,  0, 0, 0
L -41.0000, -623.0000, -57.0000,  -41.0000, -554.0000, -55.0000,  0, 0, 0
L -8.0000, -553.0000, -54.0000,  -8.0000, -521.0000, -54.0000,  0, 0, 0
L -8.0000, -554.0000, -54.0000,  -41.0000, -554.0000, -54.0000,  0, 0, 0
L -55.0000, -555.0000, -55.0000,  -41.0000, -555.0000, -55.0000,  150, 150, 150
L -55.0000, -555.0000, -57.0000,  -55.0000, -561.0000, -57.0000,  65, 65, 65
L -41.0000, -558.0000, -56.0000,  -55.0000, -558.0000, -56.0000,  150, 150, 150
L -55.0000, -613.0000, -57.0000,  -78.0000, -632.0000, -57.0000,  65, 65, 65
L -78.0000, -632.0000, -57.0000,  -112.0000, -632.0000, -57.0000,  65, 65, 65
L -112.0000, -632.0000, -57.0000,  -135.0000, -613.0000, -57.0000,  65, 65, 65
L -135.0000, -613.0000, -57.0000,  -135.0000, -561.0000, -57.0000,  65, 65, 65
L -135.0000, -561.0000, -57.0000,  -135.0000, -555.0000, -57.0000,  65, 65, 65
L -135.0000, -561.0000, -57.0000,  -149.0000, -561.0000, -57.0000,  150, 150, 150
L -135.0000, -558.0000, -56.0000,  -149.0000, -558.0000, -56.0000,  150, 150, 150
L -135.0000, -555.0000, -55.0000,  -149.0000, -555.0000, -55.0000,  150, 150, 150
L -55.0000, -561.0000, -57.0000,  -55.0000, -613.0000, -57.0000,  65, 65, 65
L -41.0000, -561.0000, -57.0000,  -55.0000, -561.0000, -57.0000,  150, 150, 150
L -121.0000, -660.0000, -99.0000,  -140.0000, -673.0000, -88.0000,  0, 255, 0
L -140.0000, -673.0000, -88.0000,  -140.0000, -698.0000, -88.0000,  0, 255, 0
L -140.0000, -698.0000, -88.0000,  -130.0000, -709.0000, -97.0000,  0, 255, 0
L -130.0000, -709.0000, -97.0000,  -122.0000, -721.0000, -97.0000,  0, 255, 0
L -107.0000, -750.0000, -95.0000,  -216.0000, -750.0000, -79.0000,  0, 255, 0
L -216.0000, -750.0000, -79.0000,  -218.0000, -639.0000, -63.0000,  0, 255, 0
L -194.0000, -638.0000, -63.0000,  -194.0000, -730.0000, -78.0000,  0, 255, 0
L -194.0000, -730.0000, -78.0000,  -107.0000, -730.0000, -94.0000,  0, 255, 0
L -72.0000, -695.0000, -113.0000,  -43.0000, -695.0000, -113.0000,  0, 255, 0
L -43.0000, -695.0000, -113.0000,  -43.0000, -685.0000, -113.0000,  0, 255, 0
L -38.0000, -685.0000, -113.0000,  -43.0000, -685.0000, -113.0000,  0, 255, 0
L -38.0000, -685.0000, -113.0000,  -38.0000, -700.0000, -113.0000,  0, 255, 0
L -38.0000, -700.0000, -113.0000,  -14.0000, -700.0000, -113.0000,  0, 255, 0
L 831.0000, 357.0000, 93.0000,  831.0000, 392.0000, 93.0000,  0, 0, 0
L 831.0000, 392.0000, 93.0000,  831.0000, 403.0000, 93.0000,  240, 0, 0
L 831.0000, 403.0000, 93.0000,  831.0000, 452.0000, 96.0000,  0, 0, 0
L 831.0000, 452.0000, 96.0000,  766.0000, 452.0000, 93.0000,  0, 0, 0
L 766.0000, 452.0000, 93.0000,  766.0000, 443.0000, 93.0000,  0, 0, 0
L 766.0000, 443.0000, 93.0000,  689.0000, 443.0000, 85.0000,  0, 0, 0
L 689.0000, 443.0000, 85.0000,  675.0000, 426.0000, 85.0000,  0, 0, 0
L 675.0000, 426.0000, 85.0000,  675.0000, 333.0000, 60.0000,  0, 0, 0
L 700.0000, 418.0000, 83.0000,  761.0000, 418.0000, 96.0000,  0, 0, 0
L 700.0000, 418.0000, 83.0000,  700.0000, 324.0000, 61.0000,  0, 0, 0
L 700.0000, 324.0000, 61.0000,  686.0000, 308.0000, 61.0000,  0, 0, 0
L -8.0000, -413.0000, -54.0000,  60.0000, -413.0000, -57.0000,  0, 0, 0
L 60.0000, -413.0000, -57.0000,  83.0000, -441.0000, -57.0000,  0, 0, 0
L 83.0000, -441.0000, -57.0000,  83.0000, -493.0000, -57.0000,  0, 0, 0
L 83.0000, -493.0000, -57.0000,  60.0000, -521.0000, -57.0000,  0, 0, 0
L 60.0000, -521.0000, -57.0000,  -8.0000, -521.0000, -55.0000,  0, 0, 0
L -40.0000, -730.0000, -95.0000,  -40.0000, -726.0000, -95.0000,  0, 255, 0
L -7.0000, -427.0000, -57.0000,  -1.0000, -427.0000, -57.0000,  0, 0, 0
L 50.0000, -427.0000, -57.0000,  69.0000, -450.0000, -57.0000,  0, 0, 0
L 69.0000, -450.0000, -57.0000,  69.0000, -484.0000, -57.0000,  0, 0, 0
L 69.0000, -484.0000, -57.0000,  50.0000, -507.0000, -57.0000,  0, 0, 0
L 50.0000, -507.0000, -57.0000,  -7.0000, -507.0000, -56.0000,  0, 0, 0
L -7.0000, -507.0000, -55.0000,  -7.0000, -521.0000, -55.0000,  150, 150, 150
L -4.0000, -521.0000, -56.0000,  -4.0000, -507.0000, -56.0000,  150, 150, 150
L -1.0000, -507.0000, -57.0000,  -1.0000, -521.0000, -57.0000,  150, 150, 150
L -7.0000, -427.0000, -55.0000,  -7.0000, -413.0000, -55.0000,  150, 150, 150
L -4.0000, -413.0000, -56.0000,  -4.0000, -427.0000, -56.0000,  150, 150, 150
L -1.0000, -427.0000, -57.0000,  50.0000, -427.0000, -57.0000,  0, 0, 0
L -1.0000, -427.0000, -57.0000,  -1.0000, -413.0000, -57.0000,  150, 150, 150
L -7.0000, -208.0000, -20.0000,  -7.0000, -187.0000, -20.0000,  0, 0, 0
L 226.0000, -186.0000, 24.0000,  226.0000, -182.0000, 25.0000,  0, 0, 0
L 227.0000, -186.0000, 24.0000,  226.0000, -186.0000, 24.0000,  0, 0, 0
L 227.0000, -186.0000, 24.0000,  227.0000, -255.0000, 9.0000,  0, 0, 0
L 226.0000, -182.0000, 25.0000,  231.0000, -182.0000, 25.0000,  0, 0, 0
L 231.0000, -185.0000, 25.0000,  231.0000, -182.0000, 25.0000,  0, 0, 0
L 231.0000, -185.0000, 25.0000,  276.0000, -185.0000, 27.0000,  0, 0, 0
L 276.0000, -185.0000, 27.0000,  274.0000, -143.0000, 25.0000,  0, 0, 0
L 208.0000, -255.0000, 8.0000,  153.0000, -255.0000, 9.0000,  0, 0, 0
L 153.0000, -255.0000, 9.0000,  153.0000, -277.0000, 9.0000,  0, 0, 0
L 153.0000, -277.0000, 9.0000,  174.0000, -292.0000, 9.0000,  0, 0, 0
L 174.0000, -292.0000, 9.0000,  153.0000, -309.0000, 9.0000,  0, 0, 0
L 153.0000, -309.0000, 9.0000,  153.0000, -330.0000, 9.0000,  0, 0, 0
L 274.0000, -143.0000, 25.0000,  274.0000, -134.0000, 25.0000,  0, 0, 0
L 274.0000, -134.0000, 25.0000,  275.0000, -109.0000, 25.0000,  0, 0, 0
L 307.0000, -86.0000, 25.0000,  307.0000, -20.0000, 25.0000,  0, 0, 0
L 307.0000, -20.0000, 25.0000,  364.0000, -20.0000, 25.0000,  0, 0, 0
L 364.0000, -20.0000, 25.0000,  364.0000, 28.0000, 25.0000,  0, 0, 0
L 369.0000, 31.0000, 25.0000,  368.0000, 76.0000, 25.0000,  0, 0, 0
L 368.0000, 76.0000, 25.0000,  368.0000, 85.0000, 25.0000,  0, 0, 0
L 368.0000, 85.0000, 25.0000,  407.0000, 85.0000, 25.0000,  0, 0, 0
L 407.0000, 85.0000, 25.0000,  407.0000, 136.0000, 24.0000,  0, 0, 0
L 407.0000, 136.0000, 24.0000,  383.0000, 154.0000, 24.0000,  0, 0, 0
L 383.0000, 154.0000, 24.0000,  383.0000, 184.0000, 25.0000,  0, 0, 0
L 383.0000, 184.0000, 25.0000,  372.0000, 194.0000, 25.0000,  0, 0, 0
L 372.0000, 194.0000, 25.0000,  337.0000, 194.0000, 25.0000,  0, 0, 0
L 337.0000, 194.0000, 25.0000,  337.0000, 204.0000, 26.0000,  0, 0, 0
L 337.0000, 204.0000, 26.0000,  339.0000, 259.0000, 46.0000,  0, 0, 0
L 449.0000, 337.0000, 46.0000,  458.0000, 337.0000, 46.0000,  0, 0, 0
L 458.0000, 337.0000, 46.0000,  477.0000, 339.0000, 47.0000,  0, 0, 0
L 477.0000, 341.0000, 31.0000,  477.0000, 372.0000, 36.0000,  0, 0, 0
L 477.0000, 372.0000, 36.0000,  610.0000, 372.0000, 31.0000,  0, 0, 0
L 604.0000, 372.0000, 31.0000,  585.0000, 344.0000, 31.0000,  0, 255, 0
L 585.0000, 344.0000, 31.0000,  585.0000, 298.0000, 29.0000,  0, 255, 0
L 585.0000, 298.0000, 29.0000,  609.0000, 260.0000, 37.0000,  0, 255, 0
L 629.0000, 288.0000, 43.0000,  594.0000, 239.0000, 34.0000,  0, 0, 0
L 594.0000, 239.0000, 34.0000,  565.0000, 239.0000, 31.0000,  0, 0, 0
L 565.0000, 239.0000, 31.0000,  567.0000, 290.0000, 31.0000,  0, 255, 0
L 567.0000, 290.0000, 31.0000,  522.0000, 341.0000, 31.0000,  0, 255, 0
L 522.0000, 341.0000, 31.0000,  477.0000, 341.0000, 31.0000,  0, 255, 0
L 620.0000, 356.0000, 43.0000,  610.0000, 372.0000, 31.0000,  0, 0, 0
L 766.0000, 357.0000, 93.0000,  791.0000, 357.0000, 93.0000,  0, 0, 0
L 813.0000, 357.0000, 93.0000,  831.0000, 357.0000, 93.0000,  0, 0, 0
L 813.0000, 357.0000, 93.0000,  812.0000, 352.0000, 105.0000,  0, 0, 0
L 812.0000, 352.0000, 105.0000,  815.0000, 334.0000, 115.0000,  0, 0, 0
L 831.0000, 333.0000, 115.0000,  815.0000, 334.0000, 115.0000,  0, 0, 0
L 831.0000, 333.0000, 115.0000,  831.0000, 309.0000, 115.0000,  0, 0, 0
L 831.0000, 309.0000, 115.0000,  806.0000, 308.0000, 115.0000,  0, 0, 0
L 806.0000, 308.0000, 115.0000,  789.0000, 323.0000, 115.0000,  0, 0, 0
L 791.0000, 352.0000, 107.0000,  789.0000, 323.0000, 115.0000,  0, 0, 0
L 791.0000, 352.0000, 107.0000,  792.0000, 352.0000, 101.0000,  0, 0, 0
L 791.0000, 357.0000, 93.0000,  792.0000, 352.0000, 101.0000,  0, 0, 0
L 565.0000, 239.0000, 46.0000,  563.0000, 220.0000, 46.0000,  0, 0, 0
L 563.0000, 220.0000, 46.0000,  563.0000, 211.0000, 46.0000,  0, 0, 0
L 654.0000, 62.0000, 46.0000,  653.0000, 62.0000, 46.0000,  0, 0, 0
L 654.0000, 62.0000, 46.0000,  654.0000, 6.0000, 46.0000,  0, 0, 0
L 633.0000, 6.0000, 48.0000,  654.0000, 6.0000, 46.0000,  0, 0, 0
L 766.0000, 421.0000, 96.0000,  766.0000, 357.0000, 93.0000,  0, 0, 0
L 766.0000, 421.0000, 96.0000,  761.0000, 421.0000, 96.0000,  0, 0, 0
L 761.0000, 421.0000, 96.0000,  761.0000, 418.0000, 96.0000,  0, 0, 0
L 477.0000, 341.0000, 31.0000,  477.0000, 339.0000, 47.0000,  0, 0, 0
L 565.0000, 239.0000, 31.0000,  565.0000, 239.0000, 46.0000,  0, 0, 0
L 561.0000, 296.0000, 43.0000,  566.0000, 290.0000, 43.0000,  139, 69, 19
L 592.0000, 303.0000, 43.0000,  591.0000, 311.0000, 43.0000,  139, 69, 19
L 566.0000, 290.0000, 43.0000,  592.0000, 303.0000, 43.0000,  139, 69, 19
L 591.0000, 311.0000, 43.0000,  561.0000, 296.0000, 43.0000,  139, 69, 19
L 633.0000, 333.0000, 43.0000,  675.0000, 333.0000, 60.0000,  0, 0, 0
L 628.0000, 307.0000, 43.0000,  628.0000, 311.0000, 43.0000,  0, 0, 0
L 629.0000, 307.0000, 43.0000,  628.0000, 307.0000, 43.0000,  0, 0, 0
L 629.0000, 288.0000, 43.0000,  629.0000, 307.0000, 43.0000,  0, 0, 0
L 629.0000, 344.0000, 43.0000,  620.0000, 356.0000, 43.0000,  0, 0, 0
L 628.0000, 311.0000, 43.0000,  633.0000, 311.0000, 43.0000,  0, 0, 0
L 633.0000, 330.0000, 43.0000,  628.0000, 330.0000, 43.0000,  0, 0, 0
L 628.0000, 330.0000, 43.0000,  628.0000, 334.0000, 43.0000,  0, 0, 0
L 629.0000, 334.0000, 43.0000,  629.0000, 344.0000, 43.0000,  0, 0, 0
L 628.0000, 334.0000, 43.0000,  629.0000, 334.0000, 43.0000,  0, 0, 0
L 686.0000, 308.0000, 61.0000,  633.0000, 309.0000, 43.0000,  0, 0, 0
L 633.0000, 333.0000, 43.0000,  633.0000, 330.0000, 43.0000,  0, 0, 0
L 633.0000, 311.0000, 43.0000,  633.0000, 309.0000, 43.0000,  0, 0, 0
L 511.0000, 83.0000, 47.0000,  511.0000, 81.0000, 47.0000,  0, 0, 0
L 568.0000, 146.0000, 46.0000,  575.0000, 146.0000, 46.0000,  0, 0, 0
L 575.0000, 125.0000, 46.0000,  596.0000, 125.0000, 46.0000,  0, 0, 0
L 517.0000, 106.0000, 46.0000,  517.0000, 101.0000, 46.0000,  0, 0, 0
L 575.0000, 146.0000, 46.0000,  575.0000, 125.0000, 46.0000,  0, 0, 0
L 596.0000, 125.0000, 46.0000,  596.0000, 122.0000, 46.0000,  0, 0, 0
L 595.0000, 122.0000, 46.0000,  595.0000, 117.0000, 46.0000,  0, 0, 0
L 605.0000, 122.0000, 46.0000,  606.0000, 117.0000, 46.0000,  0, 0, 0
L 544.0000, 220.0000, 46.0000,  544.0000, 211.0000, 46.0000,  0, 0, 0
L 544.0000, 211.0000, 46.0000,  543.0000, 155.0000, 46.0000,  0, 0, 0
L 516.0000, 146.0000, 46.0000,  516.0000, 106.0000, 46.0000,  0, 0, 0
L 568.0000, 145.0000, 46.0000,  568.0000, 146.0000, 46.0000,  0, 0, 0
L 516.0000, 146.0000, 46.0000,  540.0000, 146.0000, 46.0000,  0, 0, 0
L 545.0000, 155.0000, 46.0000,  545.0000, 145.0000, 46.0000,  0, 0, 0
L 545.0000, 145.0000, 46.0000,  540.0000, 145.0000, 46.0000,  0, 0, 0
L 563.0000, 211.0000, 46.0000,  564.0000, 155.0000, 46.0000,  0, 0, 0
L 630.0000, 72.0000, 46.0000,  635.0000, 72.0000, 46.0000,  0, 0, 0
L 635.0000, 72.0000, 46.0000,  635.0000, 62.0000, 46.0000,  0, 0, 0
L 605.0000, 75.0000, 46.0000,  610.0000, 75.0000, 46.0000,  0, 0, 0
L 610.0000, 75.0000, 46.0000,  610.0000, 71.0000, 46.0000,  0, 0, 0
L 610.0000, 71.0000, 46.0000,  630.0000, 71.0000, 46.0000,  0, 0, 0
L 606.0000, 100.0000, 46.0000,  605.0000, 94.0000, 46.0000,  0, 0, 0
L 593.0000, 73.0000, 46.0000,  596.0000, 73.0000, 46.0000,  0, 0, 0
L 595.0000, 100.0000, 46.0000,  595.0000, 94.0000, 46.0000,  0, 0, 0
L 595.0000, 100.0000, 46.0000,  606.0000, 100.0000, 46.0000,  0, 0, 0
L 605.0000, 94.0000, 46.0000,  605.0000, 75.0000, 46.0000,  0, 0, 0
L 596.0000, 73.0000, 46.0000,  596.0000, 94.0000, 46.0000,  0, 0, 0
L 593.0000, 69.0000, 46.0000,  593.0000, 73.0000, 46.0000,  0, 0, 0
L 605.0000, 148.0000, 46.0000,  665.0000, 148.0000, 46.0000,  0, 0, 0
L 605.0000, 122.0000, 46.0000,  605.0000, 148.0000, 46.0000,  0, 0, 0
L 665.0000, 138.0000, 46.0000,  675.0000, 128.0000, 46.0000,  0, 0, 0
L 606.0000, 117.0000, 46.0000,  595.0000, 117.0000, 46.0000,  0, 0, 0
L 685.0000, 71.0000, 46.0000,  658.0000, 71.0000, 46.0000,  0, 0, 0
L 665.0000, 148.0000, 46.0000,  665.0000, 138.0000, 46.0000,  0, 0, 0
L 685.0000, 128.0000, 46.0000,  685.0000, 71.0000, 46.0000,  0, 0, 0
L 658.0000, 72.0000, 46.0000,  653.0000, 72.0000, 46.0000,  0, 0, 0
L 653.0000, 72.0000, 46.0000,  653.0000, 62.0000, 46.0000,  0, 0, 0
L 675.0000, 128.0000, 46.0000,  685.0000, 128.0000, 46.0000,  0, 0, 0
L 595.0000, 122.0000, 46.0000,  596.0000, 122.0000, 46.0000,  0, 0, 0
L 563.0000, 155.0000, 46.0000,  563.0000, 145.0000, 46.0000,  0, 0, 0
L 563.0000, 145.0000, 46.0000,  568.0000, 145.0000, 46.0000,  0, 0, 0
L 630.0000, 72.0000, 46.0000,  630.0000, 71.0000, 46.0000,  0, 0, 0
L 564.0000, 155.0000, 46.0000,  563.0000, 155.0000, 46.0000,  0, 0, 0
L 596.0000, 94.0000, 46.0000,  595.0000, 94.0000, 46.0000,  0, 0, 0
L 543.0000, 155.0000, 46.0000,  545.0000, 155.0000, 46.0000,  0, 0, 0
L 540.0000, 145.0000, 46.0000,  540.0000, 146.0000, 46.0000,  0, 0, 0
L 658.0000, 71.0000, 46.0000,  658.0000, 72.0000, 46.0000,  0, 0, 0
L 517.0000, 106.0000, 46.0000,  516.0000, 106.0000, 46.0000,  0, 0, 0
L 517.0000, 83.0000, 46.0000,  517.0000, 78.0000, 46.0000,  0, 0, 0
L 517.0000, 78.0000, 46.0000,  516.0000, 78.0000, 46.0000,  0, 0, 0
L 516.0000, 78.0000, 46.0000,  516.0000, 69.0000, 46.0000,  0, 0, 0
L 550.0000, 70.0000, 46.0000,  550.0000, 69.0000, 46.0000,  0, 0, 0
L 516.0000, 69.0000, 46.0000,  522.0000, 69.0000, 46.0000,  0, 0, 0
L 545.0000, 70.0000, 46.0000,  550.0000, 70.0000, 46.0000,  0, 0, 0
L 522.0000, 70.0000, 46.0000,  527.0000, 70.0000, 46.0000,  0, 0, 0
L 545.0000, 64.0000, 46.0000,  545.0000, 70.0000, 46.0000,  0, 0, 0
L 550.0000, 69.0000, 46.0000,  593.0000, 69.0000, 46.0000,  0, 0, 0
L 522.0000, 70.0000, 46.0000,  522.0000, 69.0000, 46.0000,  0, 0, 0
L 547.0000, 64.0000, 46.0000,  545.0000, 64.0000, 46.0000,  0, 0, 0
L 321.0000, 32.0000, 25.0000,  321.0000, 51.0000, 25.0000,  0, 0, 0
L 283.0000, 28.0000, 25.0000,  318.0000, 28.0000, 25.0000,  0, 0, 0
L 321.0000, 51.0000, 25.0000,  348.0000, 51.0000, 25.0000,  0, 0, 0
L 322.0000, 32.0000, 25.0000,  321.0000, 32.0000, 25.0000,  0, 0, 0
L 322.0000, 27.0000, 25.0000,  322.0000, 32.0000, 25.0000,  0, 0, 0
L 318.0000, 27.0000, 25.0000,  322.0000, 27.0000, 25.0000,  0, 0, 0
L 345.0000, 27.0000, 25.0000,  341.0000, 27.0000, 25.0000,  0, 0, 0
L 341.0000, 32.0000, 25.0000,  345.0000, 32.0000, 25.0000,  0, 0, 0
L 345.0000, 32.0000, 25.0000,  345.0000, 31.0000, 25.0000,  0, 0, 0
L 345.0000, 28.0000, 25.0000,  345.0000, 27.0000, 25.0000,  0, 0, 0
L 364.0000, 28.0000, 25.0000,  345.0000, 28.0000, 25.0000,  0, 0, 0
L 341.0000, 27.0000, 25.0000,  341.0000, 32.0000, 25.0000,  0, 0, 0
L 345.0000, 31.0000, 25.0000,  369.0000, 31.0000, 25.0000,  0, 0, 0
L 318.0000, 27.0000, 25.0000,  318.0000, 28.0000, 25.0000,  0, 0, 0
L 278.0000, -86.0000, 25.0000,  257.0000, -86.0000, 25.0000,  0, 0, 0
L 278.0000, -90.0000, 25.0000,  282.0000, -90.0000, 25.0000,  0, 0, 0
L 282.0000, -90.0000, 25.0000,  282.0000, -85.0000, 25.0000,  0, 0, 0
L 278.0000, -85.0000, 25.0000,  278.0000, -86.0000, 25.0000,  0, 0, 0
L 282.0000, -85.0000, 25.0000,  278.0000, -85.0000, 25.0000,  0, 0, 0
L 278.0000, -89.0000, 25.0000,  278.0000, -90.0000, 25.0000,  0, 0, 0
L 254.0000, -89.0000, 25.0000,  278.0000, -89.0000, 25.0000,  0, 0, 0
L 275.0000, -109.0000, 25.0000,  302.0000, -109.0000, 25.0000,  0, 0, 0
L 301.0000, -90.0000, 25.0000,  301.0000, -85.0000, 25.0000,  0, 0, 0
L 301.0000, -85.0000, 25.0000,  307.0000, -86.0000, 25.0000,  0, 0, 0
L 302.0000, -90.0000, 25.0000,  301.0000, -90.0000, 25.0000,  0, 0, 0
L 302.0000, -109.0000, 25.0000,  302.0000, -90.0000, 25.0000,  0, 0, 0
L -33.0000, 473.0000, 67.0000,  -28.0000, 474.0000, 67.0000,  0, 0, 0
L -61.0000, 473.0000, 67.0000,  -72.0000, 483.0000, 67.0000,  0, 0, 0
L 47.0000, 483.0000, 67.0000,  36.0000, 473.0000, 67.0000,  0, 0, 0
L -96.0000, 531.0000, 67.0000,  -96.0000, 582.0000, 67.0000,  0, 0, 0
L -72.0000, 513.0000, 67.0000,  -96.0000, 531.0000, 67.0000,  0, 0, 0
L -5.0000, 473.0000, 67.0000,  -5.0000, 474.0000, 67.0000,  0, 0, 0
L 36.0000, 473.0000, 67.0000,  -5.0000, 473.0000, 67.0000,  0, 0, 0
L -33.0000, 473.0000, 67.0000,  -61.0000, 473.0000, 67.0000,  0, 0, 0
L -28.0000, 463.0000, 67.0000,  -28.0000, 474.0000, 67.0000,  0, 0, 0
L 47.0000, 582.0000, 67.0000,  47.0000, 483.0000, 67.0000,  0, 0, 0
L -10.0000, 474.0000, 67.0000,  -5.0000, 474.0000, 67.0000,  0, 0, 0
L -96.0000, 582.0000, 67.0000,  47.0000, 582.0000, 67.0000,  0, 0, 0
L -10.0000, 474.0000, 67.0000,  -10.0000, 463.0000, 67.0000,  0, 0, 0
L -9.0000, 463.0000, 67.0000,  -10.0000, 463.0000, 67.0000,  0, 0, 0
L -72.0000, 483.0000, 67.0000,  -72.0000, 513.0000, 67.0000,  0, 0, 0
L -30.0000, 463.0000, 67.0000,  -28.0000, 463.0000, 67.0000,  0, 0, 0
L -17.0000, 322.0000, 46.0000,  -21.0000, 321.0000, 46.0000,  0, 0, 0
L 34.0000, 342.0000, 46.0000,  13.0000, 342.0000, 46.0000,  0, 0, 0
L 13.0000, 342.0000, 46.0000,  13.0000, 321.0000, 46.0000,  0, 0, 0
L 10.0000, 322.0000, 46.0000,  -17.0000, 322.0000, 46.0000,  0, 0, 0
L 13.0000, 321.0000, 46.0000,  10.0000, 322.0000, 46.0000,  0, 0, 0
L -28.0000, 400.0000, 46.0000,  -28.0000, 406.0000, 46.0000,  0, 0, 0
L -41.0000, 390.0000, 46.0000,  -42.0000, 395.0000, 46.0000,  0, 0, 0
L -42.0000, 395.0000, 46.0000,  -42.0000, 401.0000, 46.0000,  0, 0, 0
L -21.0000, 321.0000, 46.0000,  -21.0000, 342.0000, 46.0000,  0, 0, 0
L -47.0000, 390.0000, 46.0000,  -41.0000, 390.0000, 46.0000,  0, 0, 0
L -10.0000, 400.0000, 46.0000,  -5.0000, 401.0000, 46.0000,  0, 0, 0
L -73.0000, 370.0000, 46.0000,  -55.0000, 391.0000, 46.0000,  0, 0, 0
L -10.0000, 406.0000, 46.0000,  -10.0000, 400.0000, 46.0000,  0, 0, 0
L -21.0000, 342.0000, 46.0000,  -42.0000, 342.0000, 46.0000,  0, 0, 0
L -33.0000, 401.0000, 46.0000,  -33.0000, 400.0000, 46.0000,  0, 0, 0
L -42.0000, 401.0000, 46.0000,  -33.0000, 401.0000, 46.0000,  0, 0, 0
L -41.0000, 372.0000, 46.0000,  -47.0000, 372.0000, 46.0000,  0, 0, 0
L -47.0000, 372.0000, 46.0000,  -47.0000, 370.0000, 46.0000,  0, 0, 0
L -47.0000, 370.0000, 46.0000,  -73.0000, 370.0000, 46.0000,  0, 0, 0
L -33.0000, 400.0000, 46.0000,  -28.0000, 400.0000, 46.0000,  0, 0, 0
L -47.0000, 391.0000, 46.0000,  -47.0000, 390.0000, 46.0000,  0, 0, 0
L -55.0000, 391.0000, 46.0000,  -47.0000, 391.0000, 46.0000,  0, 0, 0
L -42.0000, 367.0000, 46.0000,  -41.0000, 367.0000, 46.0000,  0, 0, 0
L -42.0000, 342.0000, 46.0000,  -42.0000, 367.0000, 46.0000,  0, 0, 0
L -41.0000, 367.0000, 46.0000,  -41.0000, 372.0000, 46.0000,  0, 0, 0
L -9.0000, 463.0000, 67.0000,  -9.0000, 406.0000, 46.0000,  0, 0, 0
L -30.0000, 406.0000, 46.0000,  -30.0000, 463.0000, 67.0000,  0, 0, 0
L -30.0000, 406.0000, 46.0000,  -28.0000, 406.0000, 46.0000,  0, 0, 0
L -10.0000, 406.0000, 46.0000,  -9.0000, 406.0000, 46.0000,  0, 0, 0
L 43.0000, 339.0000, 46.0000,  43.0000, 354.0000, 46.0000,  0, 0, 0
L 43.0000, 354.0000, 46.0000,  33.0000, 354.0000, 46.0000,  0, 0, 0
L 33.0000, 349.0000, 46.0000,  34.0000, 349.0000, 46.0000,  0, 0, 0
L 33.0000, 354.0000, 46.0000,  33.0000, 349.0000, 46.0000,  0, 0, 0
L 34.0000, 380.0000, 46.0000,  34.0000, 377.0000, 46.0000,  0, 0, 0
L 33.0000, 377.0000, 46.0000,  33.0000, 372.0000, 46.0000,  0, 0, 0
L 33.0000, 372.0000, 46.0000,  44.0000, 372.0000, 46.0000,  0, 0, 0
L 44.0000, 372.0000, 46.0000,  44.0000, 385.0000, 46.0000,  0, 0, 0
L 33.0000, 377.0000, 46.0000,  34.0000, 377.0000, 46.0000,  0, 0, 0
L 216.0000, 374.0000, 46.0000,  241.0000, 374.0000, 46.0000,  0, 0, 0
L 216.0000, 374.0000, 46.0000,  216.0000, 372.0000, 46.0000,  0, 0, 0
L 206.0000, 353.0000, 46.0000,  206.0000, 349.0000, 46.0000,  0, 0, 0
L 261.0000, 353.0000, 46.0000,  206.0000, 353.0000, 46.0000,  0, 0, 0
L 207.0000, 338.0000, 46.0000,  204.0000, 338.0000, 46.0000,  0, 0, 0
L 204.0000, 338.0000, 46.0000,  206.0000, 333.0000, 46.0000,  0, 0, 0
L 207.0000, 349.0000, 46.0000,  207.0000, 338.0000, 46.0000,  0, 0, 0
L 207.0000, 349.0000, 46.0000,  206.0000, 349.0000, 46.0000,  0, 0, 0
L 206.0000, 372.0000, 46.0000,  216.0000, 372.0000, 46.0000,  0, 0, 0
L 206.0000, 377.0000, 46.0000,  206.0000, 372.0000, 46.0000,  0, 0, 0
L 207.0000, 381.0000, 46.0000,  207.0000, 377.0000, 46.0000,  0, 0, 0
L 207.0000, 377.0000, 46.0000,  206.0000, 377.0000, 46.0000,  0, 0, 0
L 265.0000, 381.0000, 46.0000,  265.0000, 377.0000, 46.0000,  0, 0, 0
L 265.0000, 381.0000, 46.0000,  260.0000, 381.0000, 46.0000,  0, 0, 0
L 260.0000, 381.0000, 46.0000,  260.0000, 377.0000, 46.0000,  0, 0, 0
L 260.0000, 377.0000, 46.0000,  261.0000, 377.0000, 46.0000,  0, 0, 0
L 261.0000, 377.0000, 46.0000,  261.0000, 353.0000, 46.0000,  0, 0, 0
L 265.0000, 377.0000, 46.0000,  264.0000, 377.0000, 46.0000,  0, 0, 0
L 264.0000, 404.0000, 46.0000,  264.0000, 430.0000, 46.0000,  0, 0, 0
L 264.0000, 430.0000, 46.0000,  309.0000, 430.0000, 46.0000,  0, 0, 0
L 241.0000, 401.0000, 46.0000,  260.0000, 401.0000, 46.0000,  0, 0, 0
L 260.0000, 400.0000, 46.0000,  265.0000, 400.0000, 46.0000,  0, 0, 0
L 265.0000, 400.0000, 46.0000,  265.0000, 404.1000, 46.0000,  0, 0, 0
L 265.0000, 404.1000, 46.0000,  264.0000, 404.0000, 46.0000,  0, 0, 0
L 260.0000, 400.0000, 46.0000,  260.0000, 401.0000, 46.0000,  0, 0, 0
L 309.0000, 325.0000, 46.0000,  309.0000, 249.0000, 46.0000,  0, 0, 0
L 309.0000, 249.0000, 46.0000,  264.0000, 281.0000, 46.0000,  0, 0, 0
L 264.0000, 281.0000, 46.0000,  264.0000, 325.0000, 46.0000,  0, 0, 0
L 306.0000, 328.0000, 46.0000,  298.0000, 328.0000, 46.0000,  0, 0, 0
L 279.0000, 328.0000, 46.0000,  264.0000, 328.0000, 46.0000,  0, 0, 0
L 298.0000, 328.0000, 46.0000,  298.0000, 325.0000, 46.0000,  0, 0, 0
L 315.0000, 295.0000, 46.0000,  312.0000, 295.0000, 46.0000,  0, 0, 0
L 264.0000, 325.0000, 46.0000,  279.0000, 325.0000, 46.0000,  0, 0, 0
L 298.0000, 325.0000, 46.0000,  309.0000, 325.0000, 46.0000,  0, 0, 0
L 313.0000, 331.0000, 46.0000,  313.0000, 335.0000, 46.0000,  0, 0, 0
L 312.0000, 295.0000, 46.0000,  312.0000, 331.0000, 46.0000,  0, 0, 0
L 308.0000, 335.0000, 46.0000,  308.0000, 331.0000, 46.0000,  0, 0, 0
L 308.0000, 331.0000, 46.0000,  306.0000, 328.0000, 46.0000,  0, 0, 0
L 279.0000, 325.0000, 46.0000,  279.0000, 328.0000, 46.0000,  0, 0, 0
L 313.0000, 335.0000, 46.0000,  308.0000, 335.0000, 46.0000,  0, 0, 0
L 264.0000, 328.0000, 46.0000,  264.0000, 377.0000, 46.0000,  0, 0, 0
L 312.0000, 331.0000, 46.0000,  313.0000, 331.0000, 46.0000,  0, 0, 0
L 313.0000, 358.0000, 46.0000,  312.0000, 358.0000, 46.0000,  0, 0, 0
L 308.0000, 358.0000, 46.0000,  308.0000, 354.0000, 46.0000,  0, 0, 0
L 308.0000, 354.0000, 46.0000,  313.0000, 354.0000, 46.0000,  0, 0, 0
L 313.0000, 354.0000, 46.0000,  313.0000, 358.0000, 46.0000,  0, 0, 0
L 309.0000, 358.0000, 46.0000,  308.0000, 358.0000, 46.0000,  0, 0, 0
L 309.0000, 430.0000, 46.0000,  309.0000, 358.0000, 46.0000,  0, 0, 0
L 355.0000, 311.0000, 46.0000,  355.0000, 307.0000, 46.0000,  0, 0, 0
L 357.0000, 365.0000, 46.0000,  357.0000, 368.0000, 46.0000,  0, 0, 0
L 343.0000, 296.0000, 46.0000,  343.0000, 295.0000, 46.0000,  0, 0, 0
L 355.0000, 307.0000, 46.0000,  354.0000, 307.0000, 46.0000,  0, 0, 0
L 350.0000, 311.0000, 46.0000,  355.0000, 311.0000, 46.0000,  0, 0, 0
L 351.0000, 334.0000, 46.0000,  350.0000, 334.0000, 46.0000,  0, 0, 0
L 351.0000, 360.0000, 46.0000,  351.0000, 334.0000, 46.0000,  0, 0, 0
L 343.0000, 295.0000, 46.0000,  351.0000, 295.0000, 46.0000,  0, 0, 0
L 354.0000, 334.0000, 46.0000,  354.0000, 365.0000, 46.0000,  0, 0, 0
L 351.0000, 307.0000, 46.0000,  350.0000, 307.0000, 46.0000,  0, 0, 0
L 351.0000, 295.0000, 46.0000,  351.0000, 307.0000, 46.0000,  0, 0, 0
L 354.0000, 365.0000, 46.0000,  357.0000, 365.0000, 46.0000,  0, 0, 0
L 350.0000, 330.0000, 46.0000,  355.0000, 330.0000, 46.0000,  0, 0, 0
L 350.0000, 307.0000, 46.0000,  350.0000, 311.0000, 46.0000,  0, 0, 0
L 354.0000, 307.0000, 46.0000,  354.0000, 284.0000, 46.0000,  0, 0, 0
L 320.0000, 290.0000, 46.0000,  320.0000, 296.0000, 46.0000,  0, 0, 0
L 318.0000, 290.0000, 46.0000,  320.0000, 290.0000, 46.0000,  0, 0, 0
L 338.0000, 290.0000, 46.0000,  338.0000, 296.0000, 46.0000,  0, 0, 0
L 355.0000, 334.0000, 46.0000,  354.0000, 334.0000, 46.0000,  0, 0, 0
L 340.0000, 290.0000, 46.0000,  338.0000, 290.0000, 46.0000,  0, 0, 0
L 339.0000, 259.0000, 46.0000,  340.0000, 290.0000, 46.0000,  0, 0, 0
L 350.0000, 334.0000, 46.0000,  350.0000, 330.0000, 46.0000,  0, 0, 0
L 355.0000, 334.0000, 46.0000,  355.0000, 330.0000, 46.0000,  0, 0, 0
L 338.0000, 296.0000, 46.0000,  343.0000, 296.0000, 46.0000,  0, 0, 0
L 320.0000, 296.0000, 46.0000,  315.0000, 296.0000, 46.0000,  0, 0, 0
L 312.0000, 358.0000, 46.0000,  351.0000, 360.0000, 46.0000,  0, 0, 0
L 318.0000, 259.0000, 46.0000,  318.0000, 204.0000, 26.0000,  0, 0, 0
L 318.0000, 259.0000, 46.0000,  318.0000, 290.0000, 46.0000,  0, 0, 0
L 246.0000, -287.0000, 9.0000,  246.0000, -288.0000, 9.0000,  0, 0, 0
L 265.0000, -287.0000, 9.0000,  246.0000, -287.0000, 9.0000,  0, 0, 0
L 242.0000, -255.0000, 9.0000,  227.0000, -255.0000, 9.0000,  0, 0, 0
L 246.0000, -307.0000, 9.0000,  246.0000, -316.0000, 9.0000,  0, 0, 0
L 242.0000, -284.0000, 9.0000,  241.0000, -284.0000, 9.0000,  0, 0, 0
L 242.0000, -284.0000, 9.0000,  242.0000, -255.0000, 9.0000,  0, 0, 0
L 241.0000, -307.0000, 9.0000,  246.0000, -307.0000, 9.0000,  0, 0, 0
L 246.0000, -288.0000, 9.0000,  241.0000, -288.0000, 9.0000,  0, 0, 0
L 246.0000, -316.0000, 9.0000,  265.0000, -301.0000, 9.0000,  0, 0, 0
L 241.0000, -311.0000, 9.0000,  241.0000, -307.0000, 9.0000,  0, 0, 0
L 242.0000, -330.0000, 9.0000,  242.0000, -311.0000, 9.0000,  0, 0, 0
L 153.0000, -330.0000, 9.0000,  242.0000, -330.0000, 9.0000,  0, 0, 0
L 265.0000, -301.0000, 9.0000,  265.0000, -287.0000, 9.0000,  0, 0, 0
L 241.0000, -288.0000, 9.0000,  241.0000, -284.0000, 9.0000,  0, 0, 0
L 241.0000, -311.0000, 9.0000,  242.0000, -311.0000, 9.0000,  0, 0, 0
L -200.0000, -152.0000, -20.0000,  -177.0000, -152.0000, -20.0000,  0, 0, 0
L -172.0000, -152.0000, -20.0000,  -121.0000, -152.0000, -20.0000,  0, 0, 0
L -18.0000, -119.0000, -8.0000,  -17.0000, -145.0000, -20.0000,  0, 0, 0
L -8.0000, -159.0000, -20.0000,  -8.0000, -164.0000, -20.0000,  0, 0, 0
L -18.0000, -151.0000, -20.0000,  -13.0000, -150.0000, -20.0000,  0, 0, 0
L -18.0000, -145.0000, -20.0000,  -18.0000, -151.0000, -20.0000,  0, 0, 0
L -7.0000, -159.0000, -20.0000,  -8.0000, -159.0000, -20.0000,  0, 0, 0
L -7.0000, -150.0000, -20.0000,  -7.0000, -159.0000, -20.0000,  0, 0, 0
L -13.0000, -150.0000, -20.0000,  -7.0000, -150.0000, -20.0000,  0, 0, 0
L -26.0000, -355.0000, -20.0000,  -25.0000, -355.0000, -20.0000,  0, 0, 0
L 40.0000, -345.0000, -20.0000,  50.0000, -335.0000, -20.0000,  0, 0, 0
L 50.0000, -335.0000, -20.0000,  50.0000, -317.0000, -20.0000,  0, 0, 0
L -2.0000, -345.0000, -20.0000,  -2.0000, -344.0000, -20.0000,  0, 0, 0
L -2.0000, -345.0000, -20.0000,  40.0000, -345.0000, -20.0000,  0, 0, 0
L 50.0000, -237.0000, -20.0000,  -36.0000, -237.0000, -20.0000,  0, 0, 0
L 50.0000, -312.0000, -20.0000,  50.0000, -237.0000, -20.0000,  0, 0, 0
L 48.0000, -312.0000, -20.0000,  50.0000, -312.0000, -20.0000,  0, 0, 0
L 50.0000, -317.0000, -20.0000,  48.0000, -317.0000, -20.0000,  0, 0, 0
L -31.0000, -226.0000, -20.0000,  -27.0000, -227.0000, -20.0000,  0, 0, 0
L -36.0000, -226.0000, -20.0000,  -31.0000, -226.0000, -20.0000,  0, 0, 0
L -6.0000, -355.0000, -20.0000,  -7.0000, -355.0000, -20.0000,  0, 0, 0
L -36.0000, -237.0000, -20.0000,  -36.0000, -226.0000, -20.0000,  0, 0, 0
L -27.0000, -227.0000, -20.0000,  -7.0000, -208.0000, -20.0000,  0, 0, 0
L -7.0000, -344.0000, -20.0000,  -2.0000, -344.0000, -20.0000,  0, 0, 0
L 48.0000, -317.0000, -20.0000,  48.0000, -312.0000, -20.0000,  0, 0, 0
L -7.0000, -344.0000, -20.0000,  -7.0000, -355.0000, -20.0000,  0, 0, 0
L -59.0000, -236.0000, -20.0000,  -69.0000, -236.0000, -20.0000,  0, 0, 0
L -97.0000, -204.0000, -20.0000,  -97.0000, -198.0000, -20.0000,  0, 0, 0
L -69.0000, -335.0000, -20.0000,  -58.0000, -345.0000, -20.0000,  0, 0, 0
L -36.0000, -151.0000, -20.0000,  -41.0000, -151.0000, -20.0000,  0, 0, 0
L -86.0000, -204.0000, -20.0000,  -87.0000, -207.0000, -20.0000,  0, 0, 0
L -86.0000, -198.0000, -20.0000,  -97.0000, -198.0000, -20.0000,  0, 0, 0
L -86.0000, -198.0000, -20.0000,  -86.0000, -204.0000, -20.0000,  0, 0, 0
L -64.0000, -311.0000, -20.0000,  -64.0000, -316.0000, -20.0000,  0, 0, 0
L -36.0000, -145.0000, -20.0000,  -36.0000, -151.0000, -20.0000,  0, 0, 0
L -67.0000, -150.0000, -20.0000,  -67.0000, -160.0000, -20.0000,  0, 0, 0
L -38.0000, -145.0000, -20.0000,  -36.0000, -145.0000, -20.0000,  0, 0, 0
L -36.0000, -119.0000, -8.0000,  -38.0000, -145.0000, -20.0000,  0, 0, 0
L -67.0000, -160.0000, -20.0000,  -77.0000, -170.0000, -20.0000,  0, 0, 0
L -68.0000, -227.0000, -20.0000,  -59.0000, -227.0000, -20.0000,  0, 0, 0
L -96.0000, -204.0000, -20.0000,  -97.0000, -204.0000, -20.0000,  0, 0, 0
L -96.0000, -225.0000, -20.0000,  -96.0000, -204.0000, -20.0000,  0, 0, 0
L -30.0000, -345.0000, -20.0000,  -30.0000, -344.0000, -20.0000,  0, 0, 0
L -30.0000, -345.0000, -20.0000,  -58.0000, -345.0000, -20.0000,  0, 0, 0
L -30.0000, -344.0000, -20.0000,  -25.0000, -344.0000, -20.0000,  0, 0, 0
L -87.0000, -207.0000, -20.0000,  -68.0000, -227.0000, -20.0000,  0, 0, 0
L -25.0000, -344.0000, -20.0000,  -25.0000, -355.0000, -20.0000,  0, 0, 0
L -41.0000, -150.0000, -20.0000,  -41.0000, -151.0000, -20.0000,  0, 0, 0
L -41.0000, -150.0000, -20.0000,  -67.0000, -150.0000, -20.0000,  0, 0, 0
L -69.0000, -311.0000, -20.0000,  -64.0000, -311.0000, -20.0000,  0, 0, 0
L -77.0000, -170.0000, -20.0000,  -87.0000, -170.0000, -20.0000,  0, 0, 0
L -54.0000, -226.0000, -20.0000,  -59.0000, -226.0000, -20.0000,  0, 0, 0
L -86.0000, -175.0000, -20.0000,  -86.0000, -181.0000, -20.0000,  0, 0, 0
L -54.0000, -237.0000, -20.0000,  -59.0000, -237.0000, -20.0000,  0, 0, 0
L -99.0000, -229.0000, -20.0000,  -99.0000, -225.0000, -20.0000,  0, 0, 0
L -69.0000, -236.0000, -20.0000,  -69.0000, -311.0000, -20.0000,  0, 0, 0
L -99.0000, -225.0000, -20.0000,  -96.0000, -225.0000, -20.0000,  0, 0, 0
L -87.0000, -175.0000, -20.0000,  -86.0000, -175.0000, -20.0000,  0, 0, 0
L -87.0000, -170.0000, -20.0000,  -87.0000, -175.0000, -20.0000,  0, 0, 0
L -54.0000, -226.0000, -20.0000,  -54.0000, -237.0000, -20.0000,  0, 0, 0
L -69.0000, -316.0000, -20.0000,  -69.0000, -335.0000, -20.0000,  0, 0, 0
L -64.0000, -316.0000, -20.0000,  -69.0000, -316.0000, -20.0000,  0, 0, 0
L -86.0000, -181.0000, -20.0000,  -97.0000, -181.0000, -20.0000,  0, 0, 0
L -97.0000, -176.0000, -20.0000,  -121.0000, -152.0000, -20.0000,  0, 0, 0
L -97.0000, -181.0000, -20.0000,  -97.0000, -176.0000, -20.0000,  0, 0, 0
L -172.0000, -229.0000, -20.0000,  -99.0000, -229.0000, -20.0000,  0, 0, 0
L -59.0000, -227.0000, -20.0000,  -59.0000, -226.0000, -20.0000,  0, 0, 0
L -59.0000, -236.0000, -20.0000,  -59.0000, -237.0000, -20.0000,  0, 0, 0
L -8.0000, -187.0000, -20.0000,  -7.1000, -187.0000, -20.0000,  0, 0, 0
L -18.0000, -145.0000, -20.0000,  -17.0000, -145.0000, -20.0000,  0, 0, 0
L 315.0000, 296.0000, 46.0000,  315.0000, 295.0000, 46.0000,  0, 0, 0
L 357.0000, 281.0000, 45.0000,  398.0000, 281.0000, 46.0000,  0, 0, 0
L 401.0000, 284.0000, 46.0000,  401.0000, 341.0000, 46.0000,  0, 0, 0
L 357.0000, 368.0000, 46.0000,  398.0000, 368.0000, 46.0000,  0, 0, 0
L 400.0000, 341.0000, 46.0000,  401.0000, 341.0000, 46.0000,  0, 0, 0
L -42.0000, 94.0000, 0.0000,  -42.0000, 95.0000, 0.0000,  0, 0, 0
L -14.0000, 94.0000, 0.0000,  -14.0000, 95.0000, 0.0000,  0, 0, 0
L 14.0000, 138.0000, 2.0000,  14.0000, 139.0000, 2.0000,  0, 0, 0
L 8.0000, 162.0000, 0.0000,  9.0000, 162.0000, 0.0000,  0, 0, 0
L -1.0000, 176.0000, 1.0000,  0.0000, 176.0000, 2.0000,  0, 0, 0
L -24.0000, 170.0000, 2.0000,  -24.0000, 171.0000, 1.0000,  0, 0, 0
L -196.0000, 171.0000, -39.0000,  -161.0000, 150.0000, -24.0000,  0, 0, 0
L -161.0000, 112.0000, -24.0000,  -161.0000, 118.0000, -24.0000,  0, 0, 0
L -161.0000, 145.0000, -24.0000,  -161.0000, 150.0000, -24.0000,  0, 0, 0
L -158.0000, 144.0000, -24.0000,  -158.0000, 141.0000, -24.0000,  0, 0, 0
L -163.0000, 145.0000, -24.0000,  -163.0000, 141.0000, -24.0000,  0, 0, 0
L -163.0000, 141.0000, -24.0000,  -158.0000, 141.0000, -24.0000,  0, 0, 0
L -163.0000, 118.0000, -24.0000,  -163.0000, 122.0000, -24.0000,  0, 0, 0
L -161.0000, 118.0000, -24.0000,  -163.0000, 118.0000, -24.0000,  0, 0, 0
L -163.0000, 122.0000, -24.0000,  -158.0000, 122.0000, -24.0000,  0, 0, 0
L -158.0000, 119.0000, -24.0000,  -158.0000, 122.0000, -24.0000,  0, 0, 0
L -163.0000, 145.0000, -24.0000,  -161.0000, 145.0000, -24.0000,  0, 0, 0
L -69.0000, 118.0000, 0.0000,  -70.0000, 114.0000, 0.0000,  0, 0, 0
L -75.0000, 119.0000, 0.0000,  -75.0000, 123.0000, 0.0000,  0, 0, 0
L -70.0000, 114.0000, 0.0000,  -60.0000, 114.0000, 0.0000,  0, 0, 0
L -60.0000, 114.0000, 0.0000,  -50.0000, 104.0000, 0.0000,  0, 0, 0
L -75.0000, 123.0000, 0.0000,  -69.0000, 123.0000, 0.0000,  0, 0, 0
L -69.0000, 123.0000, 0.0000,  -69.0000, 118.0000, 0.0000,  0, 0, 0
L -69.0000, 146.0000, 0.0000,  -70.0000, 150.0000, 0.0000,  0, 0, 0
L -75.0000, 141.0000, 0.0000,  -69.0000, 141.0000, 0.0000,  0, 0, 0
L -69.0000, 141.0000, 0.0000,  -69.0000, 146.0000, 0.0000,  0, 0, 0
L -70.0000, 150.0000, 0.0000,  -49.0000, 150.0000, 2.0000,  0, 0, 0
L -75.0000, 144.0000, 0.0000,  -75.0000, 141.0000, 0.0000,  0, 0, 0
L -158.0000, 144.0000, -24.0000,  -75.0000, 144.0000, 0.0000,  0, 0, 0
L -158.0000, 119.0000, -24.0000,  -75.0000, 119.0000, 0.0000,  0, 0, 0
L -19.0000, -88.0000, 0.0000,  -18.0000, -113.0000, -8.0000,  0, 0, 0
L -38.0000, -88.0000, 0.0000,  -38.0000, -113.0000, -8.0000,  0, 0, 0
L -6.0000, -74.0000, 0.0000,  -10.0000, -74.0000, 0.0000,  0, 0, 0
L -10.0000, -74.0000, 0.0000,  -10.0000, -78.0000, 0.0000,  0, 0, 0
L -10.0000, -78.0000, 0.0000,  -19.0000, -78.0000, 0.0000,  0, 0, 0
L -58.0000, -75.0000, 0.0000,  -53.0000, -75.0000, 0.0000,  0, 0, 0
L -53.0000, -75.0000, 0.0000,  -53.0000, -78.0000, 0.0000,  0, 0, 0
L -38.0000, -78.0000, 0.0000,  -53.0000, -78.0000, 0.0000,  0, 0, 0
L -38.0000, -88.0000, 0.0000,  -38.0000, -78.0000, 0.0000,  0, 0, 0
L -19.0000, -88.0000, 0.0000,  -19.0000, -78.0000, 0.0000,  0, 0, 0
L -18.0000, -113.0000, -8.0000,  -18.0000, -119.0000, -8.0000,  0, 0, 0
L -38.0000, -113.0000, -8.0000,  -36.0000, -119.0000, -8.0000,  0, 0, 0
L 253.0000, -161.0000, 24.0000,  255.0000, -143.0000, 24.0000,  0, 0, 0
L 253.0000, -161.0000, 24.0000,  148.0000, -161.0000, 24.0000,  0, 0, 0
L 143.0000, -161.0000, 24.0000,  143.0000, -164.0000, 24.0000,  0, 0, 0
L 143.0000, -164.0000, 24.0000,  148.0000, -164.0000, 24.0000,  0, 0, 0
L 148.0000, -164.0000, 24.0000,  148.0000, -161.0000, 24.0000,  0, 0, 0
L 143.0000, -183.0000, 24.0000,  148.0000, -183.0000, 24.0000,  0, 0, 0
L 148.0000, -185.0000, 24.0000,  148.0000, -183.0000, 24.0000,  0, 0, 0
L 148.0000, -185.0000, 24.0000,  204.0000, -185.0000, 24.0000,  0, 0, 0
L 209.0000, -182.0000, 24.0000,  209.0000, -186.0000, 24.0000,  0, 0, 0
L 209.0000, -182.0000, 24.0000,  204.0000, -182.0000, 24.0000,  0, 0, 0
L 208.0000, -186.0000, 24.0000,  209.0000, -186.0000, 24.0000,  0, 0, 0
L 208.0000, -186.0000, 24.0000,  208.0000, -255.0000, 8.0000,  0, 0, 0
L 204.0000, -182.0000, 24.0000,  204.0000, -185.0000, 24.0000,  0, 0, 0
L 60.0000, -164.0000, 7.0000,  60.0000, -161.0000, 7.0000,  0, 0, 0
L 54.0000, -164.0000, 7.0000,  60.0000, -164.0000, 7.0000,  0, 0, 0
L 23.0000, -162.0000, 7.0000,  23.0000, -164.0000, 7.0000,  0, 0, 0
L 23.0000, -182.0000, 7.0000,  29.0000, -182.0000, 7.0000,  0, 0, 0
L 60.0000, -182.0000, 7.0000,  54.0000, -182.0000, 7.0000,  0, 0, 0
L 60.0000, -186.0000, 7.0000,  60.0000, -182.0000, 7.0000,  0, 0, 0
L 54.0000, -162.0000, 7.0000,  29.0000, -162.0000, 7.0000,  0, 0, 0
L 54.0000, -162.0000, 7.0000,  54.0000, -164.0000, 7.0000,  0, 0, 0
L 23.0000, -164.0000, 7.0000,  29.5000, -164.0000, 7.0000,  0, 0, 0
L 29.5000, -164.0000, 7.0000,  29.0000, -162.0000, 7.0000,  0, 0, 0
L 54.0000, -183.0000, 7.0000,  54.0000, -182.0000, 7.0000,  0, 0, 0
L 29.0000, -182.0000, 7.0000,  29.0000, -183.0000, 7.0000,  0, 0, 0
L 29.0000, -183.0000, 7.0000,  54.0000, -183.0000, 7.0000,  0, 0, 0
L 23.0000, -182.0000, 7.0000,  23.0000, -183.0000, 7.0000,  0, 0, 0
L 143.0000, -183.0000, 24.0000,  143.0000, -186.0000, 24.0000,  0, 0, 0
L 143.0000, -161.0000, 24.0000,  60.0000, -161.0000, 7.0000,  0, 0, 0
L 143.0000, -186.0000, 24.0000,  60.0000, -186.0000, 7.0000,  0, 0, 0
L 23.0000, -162.0000, 7.0000,  -2.0000, -162.0000, -20.0000,  0, 0, 0
L -8.0000, -164.0000, -20.0000,  -2.0000, -164.0000, -20.0000,  0, 0, 0
L -2.0000, -183.0000, -20.0000,  23.0000, -183.0000, 7.0000,  0, 0, 0
L -8.0000, -187.0000, -20.0000,  -8.0000, -182.0000, -20.0000,  0, 0, 0
L -8.0000, -182.0000, -20.0000,  -2.0000, -182.0000, -20.0000,  0, 0, 0
L -2.0000, -183.0000, -20.0000,  -2.0000, -182.0000, -20.0000,  0, 0, 0
L -2.0000, -164.0000, -20.0000,  -2.0000, -162.0000, -20.0000,  0, 0, 0
L -8.0000, -413.0000, -54.0000,  -6.0000, -355.0000, -20.0000,  0, 0, 0
L -24.0000, -409.0000, -54.0000,  -26.0000, -355.0000, -20.0000,  0, 0, 0
L 111.0000, -479.0000, -78.0000,  66.0000, -477.0000, -78.0000,  0, 255, 0
L 111.0000, -728.0000, -94.0000,  111.0000, -479.0000, -78.0000,  0, 255, 0
L 66.0000, -457.0000, -78.0000,  131.0000, -457.0000, -78.0000,  0, 255, 0
L 23.0000, -391.0000, -78.0000,  23.0000, -430.0000, -78.0000,  0, 255, 0
L 49.0000, -504.0000, -78.0000,  66.0000, -483.0000, -78.0000,  0, 255, 0
L 66.0000, -483.0000, -78.0000,  66.0000, -477.0000, -78.0000,  0, 255, 0
L 66.0000, -457.0000, -78.0000,  66.0000, -451.0000, -78.0000,  0, 255, 0
L 66.0000, -451.0000, -78.0000,  49.0000, -430.0000, -78.0000,  0, 255, 0
L 23.0000, -430.0000, -78.0000,  -7.0000, -430.0000, -78.0000,  0, 255, 0
L 43.0000, -388.0000, -78.0000,  23.0000, -391.0000, -78.0000,  0, 255, 0
L 49.0000, -430.0000, -78.0000,  43.0000, -430.0000, -78.0000,  0, 255, 0
L -7.0000, -430.0000, -78.0000,  -7.0000, -504.0000, -78.0000,  0, 255, 0
L 43.0000, -430.0000, -78.0000,  43.0000, -388.0000, -78.0000,  0, 255, 0
L -7.0000, -504.0000, -78.0000,  23.0000, -504.0000, -78.0000,  0, 255, 0
L 43.0000, -504.0000, -78.0000,  49.0000, -504.0000, -78.0000,  0, 255, 0
L 95.0000, -586.0000, -78.0000,  95.0000, -606.0000, -78.0000,  0, 255, 0
L 95.0000, -606.0000, -78.0000,  45.0000, -606.0000, -78.0000,  0, 255, 0
L 45.0000, -606.0000, -78.0000,  43.0000, -608.0000, -78.0000,  0, 255, 0
L 45.0000, -586.0000, -78.0000,  95.0000, -586.0000, -78.0000,  0, 255, 0
L 43.0000, -504.0000, -78.0000,  45.0000, -586.0000, -78.0000,  0, 255, 0
L 23.0000, -584.0000, -78.0000,  23.0000, -504.0000, -78.0000,  0, 255, 0
L -156.0000, -586.0000, -78.0000,  -132.0000, -586.0000, -78.0000,  0, 255, 0
L -157.0000, -606.0000, -78.0000,  -156.0000, -586.0000, -78.0000,  0, 255, 0
L -135.0000, -606.0000, -78.0000,  -157.0000, -606.0000, -78.0000,  0, 255, 0
L -108.0000, -681.0000, -78.0000,  -108.0000, -660.0000, -78.0000,  0, 255, 0
L 23.0000, -608.0000, -78.0000,  -58.0000, -606.0000, -78.0000,  0, 255, 0
L -58.0000, -586.0000, -78.0000,  23.0000, -584.0000, -78.0000,  0, 255, 0
L -105.0000, -629.0000, -78.0000,  -111.0000, -629.0000, -78.0000,  0, 255, 0
L -111.0000, -629.0000, -78.0000,  -132.0000, -612.0000, -78.0000,  0, 255, 0
L -132.0000, -555.0000, -78.0000,  -58.0000, -555.0000, -78.0000,  0, 255, 0
L -58.0000, -555.0000, -78.0000,  -58.0000, -586.0000, -78.0000,  0, 255, 0
L -58.0000, -606.0000, -78.0000,  -58.0000, -612.0000, -78.0000,  0, 255, 0
L -132.0000, -586.0000, -78.0000,  -132.0000, -555.0000, -78.0000,  0, 255, 0
L -58.0000, -612.0000, -78.0000,  -79.0000, -629.0000, -78.0000,  0, 255, 0
L -85.0000, -629.0000, -78.0000,  -85.0000, -725.0000, -78.0000,  0, 255, 0
L -105.0000, -629.0000, -78.0000,  -105.0000, -681.0000, -78.0000,  0, 255, 0
L -132.0000, -612.0000, -78.0000,  -132.0000, -606.0000, -78.0000,  0, 255, 0
L -79.0000, -629.0000, -78.0000,  -85.0000, -629.0000, -78.0000,  0, 255, 0
L -43.0000, -655.0000, -113.0000,  -72.0000, -655.0000, -113.0000,  0, 255, 0
L -11.0000, -667.0000, -113.0000,  -11.0000, -700.0000, -113.0000,  0, 255, 0
L -72.0000, -655.0000, -113.0000,  -72.0000, -695.0000, -113.0000,  0, 255, 0
L -38.0000, -609.0000, -113.0000,  -38.0000, -661.0000, -113.0000,  0, 255, 0
L 16.0000, -639.0000, -113.0000,  16.0000, -609.0000, -113.0000,  0, 255, 0
L -14.0000, -700.0000, -113.0000,  -14.0000, -667.0000, -113.0000,  0, 255, 0
L -11.0000, -667.0000, -113.0000,  -14.0000, -667.0000, -113.0000,  0, 255, 0
L -11.0000, -642.0000, -113.0000,  -11.0000, -650.0000, -113.0000,  0, 255, 0
L 16.0000, -609.0000, -113.0000,  -38.0000, -609.0000, -113.0000,  0, 255, 0
L -38.0000, -661.0000, -113.0000,  -43.0000, -661.0000, -113.0000,  0, 255, 0
L -43.0000, -661.0000, -113.0000,  -43.0000, -655.0000, -113.0000,  0, 255, 0
L -14.0000, -650.0000, -113.0000,  -14.0000, -639.0000, -113.0000,  0, 255, 0
L -14.0000, -639.0000, -113.0000,  16.0000, -639.0000, -113.0000,  0, 255, 0
L -11.0000, -650.0000, -113.0000,  -14.0000, -650.0000, -113.0000,  0, 255, 0
L 43.0000, -752.0000, -94.0000,  43.0000, -759.0000, -94.0000,  0, 255, 0
L 131.0000, -750.0000, -94.0000,  48.0000, -750.0000, -94.0000,  0, 255, 0
L -85.0000, -802.0000, -94.0000,  -105.0000, -800.0000, -94.0000,  0, 255, 0
L 43.0000, -728.0000, -94.0000,  111.0000, -728.0000, -94.0000,  0, 255, 0
L 43.0000, -759.0000, -94.0000,  23.0000, -760.0000, -94.0000,  0, 255, 0
L 23.0000, -760.0000, -94.0000,  23.0000, -752.0000, -94.0000,  0, 255, 0
L 48.0000, -750.0000, -94.0000,  43.0000, -752.0000, -94.0000,  0, 255, 0
L -105.0000, -800.0000, -94.0000,  -107.0000, -750.0000, -94.0000,  0, 255, 0
L -83.0000, -750.0000, -94.0000,  -85.0000, -802.0000, -94.0000,  0, 255, 0
L -107.0000, -730.0000, -94.0000,  -83.0000, -730.0000, -94.0000,  0, 255, 0
L -83.0000, -730.0000, -94.0000,  -40.0000, -730.0000, -94.0000,  0, 255, 0
L -77.0000, -726.0000, -94.0000,  -40.0000, -726.0000, -94.0000,  0, 255, 0
L -77.0000, -704.0000, -94.0000,  -77.0000, -726.0000, -94.0000,  0, 255, 0
L 23.0000, -752.0000, -94.0000,  -83.0000, -750.0000, -94.0000,  0, 255, 0
L 134.0000, -629.0000, -94.0000,  134.0000, -626.0000, -94.0000,  0, 255, 0
L 158.0000, -637.0000, -94.0000,  157.0000, -640.0000, -94.0000,  0, 255, 0
L 157.0000, -640.0000, -94.0000,  157.0000, -645.0000, -94.0000,  0, 255, 0
L 141.0000, -687.0000, -94.0000,  134.0000, -687.0000, -94.0000,  0, 255, 0
L 157.0000, -663.0000, -100.0000,  141.0000, -687.0000, -94.0000,  0, 255, 0
L 143.0000, -626.0000, -94.0000,  158.0000, -637.0000, -94.0000,  0, 255, 0
L 134.0000, -687.0000, -94.0000,  134.0000, -684.0000, -94.0000,  0, 255, 0
L 131.0000, -685.0000, -94.0000,  134.0000, -684.0000, -94.0000,  0, 255, 0
L 131.0000, -685.0000, -94.0000,  131.0000, -750.0000, -94.0000,  0, 255, 0
L 134.0000, -629.0000, -94.0000,  131.0000, -629.0000, -94.0000,  0, 255, 0
L 134.0000, -626.0000, -94.0000,  143.0000, -626.0000, -94.0000,  0, 255, 0
L 131.0000, -457.0000, -78.0000,  131.0000, -629.0000, -94.0000,  0, 255, 0
L 185.0000, -644.0000, -100.0000,  163.0000, -644.0000, -100.0000,  0, 255, 0
L 166.0000, -697.0000, -100.0000,  205.0000, -697.0000, -100.0000,  0, 255, 0
L 185.0000, -668.0000, -100.0000,  166.0000, -668.0000, -100.0000,  0, 255, 0
L 166.0000, -668.0000, -100.0000,  166.0000, -697.0000, -100.0000,  0, 255, 0
L 166.0000, -610.0000, -100.0000,  166.0000, -640.0000, -100.0000,  0, 255, 0
L 185.0000, -640.0000, -100.0000,  185.0000, -644.0000, -100.0000,  0, 255, 0
L 157.0000, -645.0000, -94.0000,  163.0000, -644.0000, -100.0000,  0, 255, 0
L 166.0000, -640.0000, -100.0000,  185.0000, -640.0000, -100.0000,  0, 255, 0
L 205.0000, -610.0000, -100.0000,  166.0000, -610.0000, -100.0000,  0, 255, 0
L 205.0000, -697.0000, -100.0000,  205.0000, -610.0000, -100.0000,  0, 255, 0
L 157.0000, -663.0000, -100.0000,  163.0000, -663.0000, -100.0000,  0, 255, 0
L 185.0000, -668.0000, -100.0000,  185.0000, -664.0000, -100.0000,  0, 255, 0
L 163.0000, -663.0000, -100.0000,  185.0000, -664.0000, -100.0000,  0, 255, 0
L -108.0000, -711.0000, -78.0000,  -108.0000, -721.0000, -78.0000,  0, 255, 0
L -108.0000, -660.0000, -78.0000,  -121.0000, -660.0000, -99.0000,  0, 255, 0
L -122.0000, -721.0000, -97.0000,  -108.0000, -721.0000, -78.0000,  0, 255, 0
L -97.0000, -697.0000, -78.0000,  -94.0000, -701.0000, -78.0000,  150, 150, 150
L -102.0000, -678.0000, -78.0000,  -95.0000, -682.0000, -78.0000,  150, 150, 150
L -105.0000, -681.0000, -78.0000,  -102.0000, -678.0000, -78.0000,  150, 150, 150
L -94.0000, -701.0000, -78.0000,  -101.0000, -708.0000, -78.0000,  150, 150, 150
L -93.0000, -685.0000, -78.0000,  -96.0000, -690.0000, -78.0000,  150, 150, 150
L -95.0000, -693.0000, -78.0000,  -97.0000, -697.0000, -78.0000,  150, 150, 150
L -101.0000, -708.0000, -78.0000,  -102.0000, -708.0000, -78.0000,  150, 150, 150
L -95.0000, -682.0000, -78.0000,  -93.0000, -685.0000, -78.0000,  150, 150, 150
L -106.0000, -711.0000, -78.0000,  -105.0000, -711.0000, -78.0000,  0, 255, 0
L -102.0000, -708.0000, -78.0000,  -106.0000, -711.0000, -78.0000,  150, 150, 150
L -108.0000, -711.0000, -78.0000,  -106.0000, -711.0000, -78.0000,  0, 255, 0
L -105.0000, -725.0000, -78.0000,  -105.0000, -711.0000, -78.0000,  0, 255, 0
L -85.0000, -725.0000, -78.0000,  -105.0000, -725.0000, -78.0000,  0, 255, 0
L -108.0000, -681.0000, -78.0000,  -105.0000, -681.0000, -78.0000,  0, 255, 0
L -96.0000, -690.0000, -78.0000,  -95.0000, -693.0000, -78.0000,  150, 150, 150
L 23.0000, -728.0000, -94.0000,  23.0000, -681.0000, -94.0000,  0, 255, 0
L 23.0000, -681.0000, -94.0000,  32.0000, -681.0000, -94.0000,  150, 150, 150
L 32.0000, -681.0000, -94.0000,  33.0000, -677.0000, -94.0000,  150, 150, 150
L 33.0000, -677.0000, -94.0000,  35.0000, -671.0000, -94.0000,  150, 150, 150
L 35.0000, -671.0000, -94.0000,  33.0000, -665.0000, -94.0000,  150, 150, 150
L 33.0000, -665.0000, -94.0000,  27.0000, -661.0000, -94.0000,  150, 150, 150
L 23.0000, -664.0000, -94.0000,  27.0000, -661.0000, -94.0000,  150, 150, 150
L 43.0000, -608.0000, -78.0000,  43.0000, -661.0000, -94.0000,  0, 255, 0
L 23.0000, -663.0000, -94.0000,  23.0000, -608.0000, -78.0000,  0, 255, 0
L 43.0000, -661.0000, -94.0000,  43.0000, -728.0000, -94.0000,  0, 255, 0
L -6.0000, -730.0000, -94.0000,  -6.0000, -726.0000, -94.0000,  0, 255, 0
L -6.0000, -730.0000, -94.0000,  23.0000, -728.0000, -94.0000,  0, 255, 0
L -11.0000, -700.0000, -113.0000,  -2.0000, -700.0000, -113.0000,  0, 255, 0
L -2.0000, -700.0000, -113.0000,  -2.0000, -704.0000, -113.0000,  0, 255, 0
L -77.0000, -704.0000, -94.0000,  -2.0000, -704.0000, -113.0000,  0, 255, 0
L 19.0000, -726.0000, -113.0000,  19.0000, -681.0000, -113.0000,  0, 255, 0
L 19.0000, -726.0000, -113.0000,  -6.0000, -726.0000, -94.0000,  0, 255, 0
L 23.0000, -664.0000, -113.0000,  23.0000, -681.0000, -113.0000,  150, 150, 150
L 23.0000, -681.0000, -113.0000,  19.0000, -681.0000, -113.0000,  0, 255, 0
L 23.0000, -664.0000, -113.0000,  19.0000, -664.0000, -113.0000,  0, 255, 0
L 19.0000, -642.0000, -113.0000,  -11.0000, -642.0000, -113.0000,  0, 255, 0
L 19.0000, -664.0000, -113.0000,  19.0000, -642.0000, -113.0000,  0, 255, 0
L 23.0000, -663.0000, -94.0000,  23.0000, -664.0000, -94.0000,  0, 255, 0
L 23.0000, -664.0000, -94.0000,  23.0000, -681.0000, -94.0000,  150, 150, 150
