L -900.0000, 1220.0000, 1.0000,  -900.0000, 1220.0000, 2.0000,  0, 0, 0
L 900.0000, -380.0000, 1.0000,  900.0000, -380.0000, 2.0000,  0, 0, 0
L 376.0000, 364.0000, 23.0000,  377.0000, 373.0000, 25.0000,  0, 0, 0
L 378.0000, 358.0000, 21.0000,  376.0000, 364.0000, 23.0000,  0, 0, 0
L 379.0000, 345.0000, 21.0000,  378.0000, 358.0000, 21.0000,  0, 0, 0
L 381.0000, 344.0000, 21.0000,  379.0000, 345.0000, 21.0000,  0, 0, 0
L 387.0000, 342.0000, 20.0000,  381.0000, 344.0000, 21.0000,  0, 0, 0
L 429.0000, 343.0000, 21.0000,  387.0000, 342.0000, 20.0000,  0, 0, 0
L 435.0000, 344.0000, 21.0000,  429.0000, 343.0000, 21.0000,  0, 0, 0
L 441.0000, 342.0000, 21.0000,  435.0000, 344.0000, 21.0000,  0, 0, 0
L 442.0000, 342.0000, 21.0000,  441.0000, 342.0000, 21.0000,  0, 0, 0
L 440.0000, 334.0000, 21.0000,  442.0000, 342.0000, 21.0000,  0, 0, 0
L 434.0000, 333.0000, 21.0000,  440.0000, 334.0000, 21.0000,  0, 0, 0
L 427.0000, 335.0000, 21.0000,  434.0000, 333.0000, 21.0000,  0, 0, 0
L 414.0000, 335.0000, 24.0000,  427.0000, 335.0000, 21.0000,  0, 0, 0
L 414.0000, 296.0000, 24.0000,  414.0000, 335.0000, 24.0000,  0, 0, 0
L 416.0000, 267.0000, 27.0000,  414.0000, 296.0000, 24.0000,  0, 0, 0
L 415.0000, 262.0000, 30.0000,  416.0000, 267.0000, 27.0000,  0, 0, 0
L 414.0000, 241.0000, 31.0000,  415.0000, 262.0000, 30.0000,  0, 0, 0
L 415.0000, 236.0000, 31.0000,  414.0000, 241.0000, 31.0000,  0, 0, 0
L 418.0000, 231.0000, 32.0000,  415.0000, 236.0000, 31.0000,  0, 0, 0
L 421.0000, 226.0000, 31.0000,  418.0000, 231.0000, 32.0000,  0, 0, 0
L 422.0000, 226.0000, 31.0000,  421.0000, 226.0000, 31.0000,  0, 0, 0
L 429.0000, 224.0000, 31.0000,  422.0000, 226.0000, 31.0000,  0, 0, 0
L 439.0000, 223.0000, 33.0000,  429.0000, 224.0000, 31.0000,  0, 0, 0
L 448.0000, 223.0000, 38.0000,  439.0000, 223.0000, 33.0000,  0, 0, 0
L 456.0000, 223.0000, 40.0000,  448.0000, 223.0000, 38.0000,  0, 0, 0
L 463.0000, 224.0000, 40.0000,  456.0000, 223.0000, 40.0000,  0, 0, 0
L 475.0000, 224.0000, 43.0000,  463.0000, 224.0000, 40.0000,  0, 0, 0
L 486.0000, 224.0000, 46.0000,  475.0000, 224.0000, 43.0000,  0, 0, 0
L 496.0000, 226.0000, 49.0000,  486.0000, 224.0000, 46.0000,  0, 0, 0
L 502.0000, 226.0000, 52.0000,  496.0000, 226.0000, 49.0000,  0, 0, 0
L 510.0000, 224.0000, 55.0000,  502.0000, 226.0000, 52.0000,  0, 0, 0
L 521.0000, 222.0000, 55.0000,  510.0000, 224.0000, 55.0000,  0, 0, 0
L 523.0000, 215.0000, 58.0000,  521.0000, 222.0000, 55.0000,  0, 0, 0
L 522.0000, 211.0000, 59.0000,  523.0000, 215.0000, 58.0000,  0, 0, 0
L 521.0000, 210.0000, 65.0000,  522.0000, 211.0000, 59.0000,  0, 0, 0
L 532.0000, 240.0000, 57.0000,  544.0000, 230.0000, 64.0000,  0, 0, 0
L 531.0000, 241.0000, 57.0000,  532.0000, 240.0000, 57.0000,  0, 0, 0
L 524.0000, 241.0000, 55.0000,  531.0000, 241.0000, 57.0000,  0, 0, 0
L 521.0000, 241.0000, 56.0000,  524.0000, 241.0000, 55.0000,  0, 0, 0
L 513.0000, 243.0000, 60.0000,  521.0000, 241.0000, 56.0000,  0, 0, 0
L 510.0000, 243.0000, 58.0000,  513.0000, 243.0000, 60.0000,  0, 0, 0
L 505.0000, 240.0000, 52.0000,  510.0000, 243.0000, 58.0000,  0, 0, 0
L 498.0000, 240.0000, 50.0000,  505.0000, 240.0000, 52.0000,  0, 0, 0
L 492.0000, 240.0000, 48.0000,  498.0000, 240.0000, 50.0000,  0, 0, 0
L 484.0000, 241.0000, 45.0000,  492.0000, 240.0000, 48.0000,  0, 0, 0
L 481.0000, 241.0000, 44.0000,  484.0000, 241.0000, 45.0000,  0, 0, 0
L 475.0000, 241.0000, 43.0000,  481.0000, 241.0000, 44.0000,  0, 0, 0
L 471.0000, 241.0000, 41.0000,  475.0000, 241.0000, 43.0000,  0, 0, 0
L 466.0000, 240.0000, 39.0000,  471.0000, 241.0000, 41.0000,  0, 0, 0
L 454.0000, 241.0000, 37.0000,  466.0000, 240.0000, 39.0000,  0, 0, 0
L 446.0000, 242.0000, 33.0000,  454.0000, 241.0000, 37.0000,  0, 0, 0
L 437.0000, 242.0000, 33.0000,  446.0000, 242.0000, 33.0000,  0, 0, 0
L 432.0000, 246.0000, 33.0000,  437.0000, 242.0000, 33.0000,  0, 0, 0
L 433.0000, 248.0000, 33.0000,  432.0000, 246.0000, 33.0000,  0, 0, 0
L 429.0000, 275.0000, 22.0000,  433.0000, 248.0000, 33.0000,  0, 0, 0
L 429.0000, 285.0000, 23.0000,  429.0000, 275.0000, 22.0000,  0, 0, 0
L 430.0000, 291.0000, 23.0000,  429.0000, 285.0000, 23.0000,  0, 0, 0
L 430.0000, 295.0000, 23.0000,  430.0000, 291.0000, 23.0000,  0, 0, 0
L 431.0000, 300.0000, 24.0000,  430.0000, 295.0000, 23.0000,  0, 0, 0
L 431.0000, 316.0000, 21.0000,  431.0000, 300.0000, 24.0000,  0, 0, 0
L 447.0000, 319.0000, 22.0000,  431.0000, 316.0000, 21.0000,  0, 0, 0
L 453.0000, 322.0000, 23.0000,  447.0000, 319.0000, 22.0000,  0, 0, 0
L 456.0000, 326.0000, 26.0000,  453.0000, 322.0000, 23.0000,  0, 0, 0
L 457.0000, 334.0000, 22.0000,  456.0000, 326.0000, 26.0000,  0, 0, 0
L 457.0000, 340.0000, 25.0000,  457.0000, 334.0000, 22.0000,  0, 0, 0
L 454.0000, 343.0000, 21.0000,  457.0000, 340.0000, 25.0000,  0, 0, 0
L 459.0000, 349.0000, 21.0000,  454.0000, 343.0000, 21.0000,  0, 0, 0
L 461.0000, 353.0000, 21.0000,  459.0000, 349.0000, 21.0000,  0, 0, 0
L 458.0000, 385.0000, 20.0000,  461.0000, 353.0000, 21.0000,  0, 0, 0
L 435.0000, 385.0000, 21.0000,  458.0000, 385.0000, 20.0000,  0, 0, 0
L 429.0000, 384.0000, 21.0000,  435.0000, 385.0000, 21.0000,  0, 0, 0
L 424.0000, 385.0000, 21.0000,  429.0000, 384.0000, 21.0000,  0, 0, 0
L 424.0000, 392.0000, 21.0000,  424.0000, 385.0000, 21.0000,  0, 0, 0
L 430.0000, 392.0000, 24.0000,  424.0000, 392.0000, 21.0000,  0, 0, 0
L 453.0000, 392.0000, 24.0000,  430.0000, 392.0000, 24.0000,  0, 0, 0
L 453.0000, 400.0000, 21.0000,  453.0000, 392.0000, 24.0000,  0, 0, 0
L 454.0000, 408.0000, 21.0000,  453.0000, 400.0000, 21.0000,  0, 0, 0
L 453.0000, 424.0000, 22.0000,  454.0000, 408.0000, 21.0000,  0, 0, 0
L 448.0000, 427.0000, 21.0000,  453.0000, 424.0000, 22.0000,  0, 0, 0
L 447.0000, 433.0000, 20.0000,  448.0000, 427.0000, 21.0000,  0, 0, 0
L 454.0000, 434.0000, 21.0000,  447.0000, 433.0000, 20.0000,  0, 0, 0
L 460.0000, 433.0000, 21.0000,  454.0000, 434.0000, 21.0000,  0, 0, 0
L 469.0000, 434.0000, 21.0000,  460.0000, 433.0000, 21.0000,  0, 0, 0
L 482.0000, 434.0000, 20.0000,  469.0000, 434.0000, 21.0000,  0, 0, 0
L 501.0000, 434.0000, 21.0000,  482.0000, 434.0000, 20.0000,  0, 0, 0
L 513.0000, 434.0000, 21.0000,  501.0000, 434.0000, 21.0000,  0, 0, 0
L 517.0000, 433.0000, 21.0000,  513.0000, 434.0000, 21.0000,  0, 0, 0
L 518.0000, 436.0000, 21.0000,  517.0000, 433.0000, 21.0000,  0, 0, 0
L 519.0000, 439.0000, 21.0000,  518.0000, 436.0000, 21.0000,  0, 0, 0
L 519.0000, 441.0000, 21.0000,  519.0000, 439.0000, 21.0000,  0, 0, 0
L 523.0000, 442.0000, 21.0000,  519.0000, 441.0000, 21.0000,  0, 0, 0
L 523.0000, 449.0000, 25.0000,  523.0000, 442.0000, 21.0000,  0, 0, 0
L 522.0000, 456.0000, 23.0000,  523.0000, 449.0000, 25.0000,  0, 0, 0
L 522.0000, 459.0000, 23.0000,  522.0000, 456.0000, 23.0000,  0, 0, 0
L 520.0000, 465.0000, 23.0000,  522.0000, 459.0000, 23.0000,  0, 0, 0
L 517.0000, 473.0000, 20.0000,  520.0000, 465.0000, 23.0000,  0, 0, 0
L 496.0000, 475.0000, 24.0000,  517.0000, 473.0000, 20.0000,  0, 0, 0
L 456.0000, 475.0000, 24.0000,  474.0000, 475.0000, 24.0000,  0, 0, 0
L 447.0000, 475.0000, 25.0000,  456.0000, 475.0000, 24.0000,  0, 0, 0
L 437.0000, 475.0000, 21.0000,  447.0000, 475.0000, 25.0000,  0, 0, 0
L 432.0000, 474.0000, 20.0000,  437.0000, 475.0000, 21.0000,  0, 0, 0
L 426.0000, 472.0000, 20.0000,  432.0000, 474.0000, 20.0000,  0, 0, 0
L 427.0000, 436.0000, 21.0000,  426.0000, 472.0000, 20.0000,  0, 0, 0
L 430.0000, 435.0000, 21.0000,  427.0000, 436.0000, 21.0000,  0, 0, 0
L 431.0000, 427.0000, 21.0000,  430.0000, 435.0000, 21.0000,  0, 0, 0
L 425.0000, 427.0000, 21.0000,  431.0000, 427.0000, 21.0000,  0, 0, 0
L 395.0000, 427.0000, 25.0000,  425.0000, 427.0000, 21.0000,  0, 0, 0
L 392.0000, 427.0000, 25.0000,  395.0000, 427.0000, 25.0000,  0, 0, 0
L 392.0000, 420.0000, 21.0000,  392.0000, 427.0000, 25.0000,  0, 0, 0
L 384.0000, 420.0000, 21.0000,  392.0000, 420.0000, 21.0000,  0, 0, 0
L 380.0000, 421.0000, 24.0000,  384.0000, 420.0000, 21.0000,  0, 0, 0
L 372.0000, 420.0000, 26.0000,  380.0000, 421.0000, 24.0000,  0, 0, 0
L 365.0000, 420.0000, 21.0000,  372.0000, 420.0000, 26.0000,  0, 0, 0
L 353.0000, 419.0000, 21.0000,  365.0000, 420.0000, 21.0000,  0, 0, 0
L 346.0000, 421.0000, 18.0000,  353.0000, 419.0000, 21.0000,  0, 0, 0
L 343.0000, 421.0000, 17.0000,  346.0000, 421.0000, 18.0000,  0, 0, 0
L 335.0000, 420.0000, 15.0000,  343.0000, 421.0000, 17.0000,  0, 0, 0
L 331.0000, 420.0000, 13.0000,  335.0000, 420.0000, 15.0000,  0, 0, 0
L 323.0000, 419.0000, 10.0000,  331.0000, 420.0000, 13.0000,  0, 0, 0
L 322.0000, 420.0000, 10.0000,  323.0000, 419.0000, 10.0000,  0, 0, 0
L 315.0000, 421.0000, 6.0000,  322.0000, 420.0000, 10.0000,  0, 0, 0
L 310.0000, 420.0000, 5.0000,  315.0000, 421.0000, 6.0000,  0, 0, 0
L 307.0000, 419.0000, 5.0000,  310.0000, 420.0000, 5.0000,  0, 0, 0
L 298.0000, 419.0000, 1.0000,  307.0000, 419.0000, 5.0000,  0, 0, 0
L 291.0000, 417.0000, 0.0000,  298.0000, 419.0000, 1.0000,  0, 0, 0
L 287.0000, 412.0000, 0.0000,  291.0000, 417.0000, 0.0000,  0, 0, 0
L 275.0000, 420.0000, 10.0000,  287.0000, 412.0000, 0.0000,  0, 0, 0
L 272.0000, 422.0000, 8.0000,  275.0000, 420.0000, 10.0000,  0, 0, 0
L 272.0000, 426.0000, 8.0000,  272.0000, 422.0000, 8.0000,  0, 0, 0
L 269.0000, 430.0000, 3.0000,  272.0000, 426.0000, 8.0000,  0, 0, 0
L 267.0000, 433.0000, -3.0000,  269.0000, 430.0000, 3.0000,  0, 0, 0
L 252.0000, 445.0000, -10.0000,  267.0000, 433.0000, -3.0000,  0, 0, 0
L 245.0000, 450.0000, -13.0000,  252.0000, 445.0000, -10.0000,  0, 0, 0
L 238.0000, 455.0000, -15.0000,  245.0000, 450.0000, -13.0000,  0, 0, 0
L 217.0000, 489.0000, 0.0000,  238.0000, 455.0000, -15.0000,  0, 0, 0
L 217.0000, 490.0000, 1.0000,  217.0000, 489.0000, 1.0000,  0, 0, 0
L 211.0000, 490.0000, 6.0000,  217.0000, 490.0000, 1.0000,  0, 0, 0
L 189.0000, 490.0000, 0.0000,  211.0000, 490.0000, 6.0000,  0, 0, 0
L 188.0000, 489.0000, 0.0000,  189.0000, 490.0000, 1.0000,  0, 0, 0
L 183.0000, 486.0000, -3.0000,  188.0000, 489.0000, 1.0000,  0, 0, 0
L 180.0000, 486.0000, -3.0000,  183.0000, 486.0000, -3.0000,  0, 0, 0
L 178.0000, 486.0000, -3.0000,  180.0000, 486.0000, -3.0000,  0, 0, 0
L 169.0000, 477.0000, -7.0000,  178.0000, 486.0000, -3.0000,  0, 0, 0
L 155.0000, 458.0000, -15.0000,  169.0000, 477.0000, -7.0000,  0, 0, 0
L 155.0000, 457.0000, -16.0000,  155.0000, 458.0000, -15.0000,  0, 0, 0
L 129.0000, 436.0000, -6.0000,  155.0000, 457.0000, -16.0000,  0, 0, 0
L 122.0000, 427.0000, 4.0000,  129.0000, 436.0000, -6.0000,  0, 0, 0
L 114.0000, 425.0000, 2.0000,  122.0000, 427.0000, 4.0000,  0, 0, 0
L 106.0000, 423.0000, 0.0000,  114.0000, 425.0000, 2.0000,  0, 0, 0
L 98.0000, 422.0000, 0.0000,  106.0000, 423.0000, 0.0000,  0, 0, 0
L 96.0000, 422.0000, 0.0000,  98.0000, 422.0000, 1.0000,  0, 0, 0
L 94.0000, 422.0000, 0.0000,  96.0000, 422.0000, 1.0000,  0, 0, 0
L 85.0000, 425.0000, 0.0000,  94.0000, 422.0000, 1.0000,  0, 0, 0
L 75.0000, 424.0000, 0.0000,  85.0000, 425.0000, 0.0000,  0, 0, 0
L 66.0000, 428.0000, 0.0000,  75.0000, 424.0000, 0.0000,  0, 0, 0
L 66.0000, 436.0000, 0.0000,  66.0000, 428.0000, 0.0000,  0, 0, 0
L 64.0000, 443.0000, 0.0000,  66.0000, 436.0000, 0.0000,  0, 0, 0
L 63.0000, 448.0000, 0.0000,  64.0000, 443.0000, 0.0000,  0, 0, 0
L 67.0000, 455.0000, 0.0000,  63.0000, 448.0000, 0.0000,  0, 0, 0
L 88.0000, 455.0000, 0.0000,  67.0000, 455.0000, 0.0000,  0, 0, 0
L 91.0000, 459.0000, 3.0000,  88.0000, 455.0000, 0.0000,  0, 0, 0
L 91.0000, 469.0000, 2.0000,  91.0000, 459.0000, 3.0000,  0, 0, 0
L 90.0000, 477.0000, 1.0000,  91.0000, 469.0000, 2.0000,  0, 0, 0
L 80.0000, 477.0000, 0.0000,  90.0000, 477.0000, 1.0000,  0, 0, 0
L 71.0000, 474.0000, 0.0000,  80.0000, 477.0000, 0.0000,  0, 0, 0
L 62.0000, 476.0000, 0.0000,  71.0000, 474.0000, 0.0000,  0, 0, 0
L 1.0000, 477.0000, 3.0000,  62.0000, 476.0000, 0.0000,  0, 0, 0
L -7.0000, 474.0000, 0.0000,  1.0000, 477.0000, 3.0000,  0, 0, 0
L -9.0000, 460.0000, 0.0000,  -7.0000, 474.0000, 1.0000,  0, 0, 0
L -8.0000, 449.0000, 0.0000,  -9.0000, 460.0000, 0.0000,  0, 0, 0
L -18.0000, 447.0000, 1.0000,  -8.0000, 449.0000, 0.0000,  0, 0, 0
L -31.0000, 449.0000, 0.0000,  -18.0000, 447.0000, 1.0000,  0, 0, 0
L -36.0000, 449.0000, 0.0000,  -31.0000, 449.0000, 0.0000,  0, 0, 0
L -43.0000, 448.0000, 2.0000,  -36.0000, 449.0000, 0.0000,  0, 0, 0
L -74.0000, 448.0000, 1.0000,  -43.0000, 448.0000, 2.0000,  0, 0, 0
L -74.0000, 432.0000, 3.0000,  -74.0000, 448.0000, 1.0000,  0, 0, 0
L -68.0000, 431.0000, 1.0000,  -74.0000, 432.0000, 3.0000,  0, 0, 0
L -61.0000, 431.0000, 0.0000,  -68.0000, 431.0000, 1.0000,  0, 0, 0
L -55.0000, 431.0000, 1.0000,  -61.0000, 431.0000, 0.0000,  0, 0, 0
L -50.0000, 432.0000, 0.0000,  -55.0000, 431.0000, 1.0000,  0, 0, 0
L -47.0000, 432.0000, 0.0000,  -50.0000, 432.0000, 0.0000,  0, 0, 0
L -38.0000, 431.0000, 0.0000,  -47.0000, 432.0000, 0.0000,  0, 0, 0
L -29.0000, 431.0000, -2.0000,  -38.0000, 431.0000, 0.0000,  0, 0, 0
L -24.0000, 433.0000, -1.0000,  -29.0000, 431.0000, -2.0000,  0, 0, 0
L -19.0000, 435.0000, 0.0000,  -24.0000, 433.0000, -1.0000,  0, 0, 0
L -17.0000, 435.0000, 0.0000,  -19.0000, 435.0000, 1.0000,  0, 0, 0
L -15.0000, 434.0000, 0.0000,  -17.0000, 435.0000, 1.0000,  0, 0, 0
L -13.0000, 434.0000, 0.0000,  -15.0000, 434.0000, 1.0000,  0, 0, 0
L -9.0000, 432.0000, 0.0000,  -13.0000, 434.0000, 1.0000,  0, 0, 0
L -8.0000, 426.0000, 0.0000,  -9.0000, 432.0000, 0.0000,  0, 0, 0
L 11.0000, 406.0000, 0.0000,  -8.0000, 426.0000, 0.0000,  0, 0, 0
L 14.0000, 406.0000, 0.0000,  11.0000, 406.0000, 0.0000,  0, 0, 0
L 17.0000, 405.0000, -1.0000,  14.0000, 406.0000, 0.0000,  0, 0, 0
L 24.0000, 404.0000, 0.0000,  17.0000, 405.0000, -1.0000,  0, 0, 0
L 27.0000, 404.0000, 0.0000,  24.0000, 404.0000, 0.0000,  0, 0, 0
L 60.0000, 404.0000, -2.0000,  27.0000, 404.0000, 0.0000,  0, 0, 0
L 71.0000, 407.0000, 0.0000,  60.0000, 404.0000, -2.0000,  0, 0, 0
L 71.0000, 405.0000, 0.0000,  71.0000, 407.0000, 0.0000,  0, 0, 0
L 82.0000, 405.0000, 0.0000,  71.0000, 405.0000, 0.0000,  0, 0, 0
L 82.0000, 406.0000, 0.0000,  82.0000, 405.0000, 0.0000,  0, 0, 0
L 91.0000, 409.0000, 0.0000,  82.0000, 406.0000, 0.0000,  0, 0, 0
L 96.0000, 408.0000, 0.0000,  91.0000, 409.0000, 0.0000,  0, 0, 0
L 98.0000, 408.0000, 0.0000,  96.0000, 408.0000, 1.0000,  0, 0, 0
L 106.0000, 406.0000, 0.0000,  98.0000, 408.0000, 0.0000,  0, 0, 0
L 114.0000, 410.0000, 0.0000,  106.0000, 406.0000, 0.0000,  0, 0, 0
L 115.0000, 410.0000, 0.0000,  114.0000, 410.0000, 0.0000,  0, 0, 0
L 122.0000, 410.0000, -3.0000,  115.0000, 410.0000, 0.0000,  0, 0, 0
L 124.0000, 409.0000, -3.0000,  122.0000, 410.0000, -3.0000,  0, 0, 0
L 129.0000, 403.0000, -6.0000,  124.0000, 409.0000, -3.0000,  0, 0, 0
L 128.0000, 399.0000, -5.0000,  129.0000, 403.0000, -6.0000,  0, 0, 0
L 128.0000, 397.0000, -5.0000,  128.0000, 399.0000, -5.0000,  0, 0, 0
L 128.0000, 392.0000, -2.0000,  128.0000, 397.0000, -5.0000,  0, 0, 0
L 142.0000, 379.0000, -12.0000,  128.0000, 392.0000, -2.0000,  0, 0, 0
L 148.0000, 376.0000, -14.0000,  142.0000, 379.0000, -12.0000,  0, 0, 0
L 153.0000, 372.0000, -15.0000,  148.0000, 376.0000, -14.0000,  0, 0, 0
L 162.0000, 356.0000, -8.0000,  153.0000, 372.0000, -15.0000,  0, 0, 0
L 166.0000, 350.0000, -6.0000,  162.0000, 356.0000, -8.0000,  0, 0, 0
L 173.0000, 345.0000, -4.0000,  166.0000, 350.0000, -6.0000,  0, 0, 0
L 181.0000, 340.0000, -1.0000,  173.0000, 345.0000, -4.0000,  0, 0, 0
L 182.0000, 338.0000, 0.0000,  181.0000, 340.0000, -1.0000,  0, 0, 0
L 184.0000, 325.0000, 6.0000,  182.0000, 338.0000, 0.0000,  0, 0, 0
L 184.0000, 320.0000, 5.0000,  184.0000, 325.0000, 6.0000,  0, 0, 0
L 186.0000, 316.0000, 3.0000,  184.0000, 320.0000, 5.0000,  0, 0, 0
L 185.0000, 310.0000, 1.0000,  186.0000, 316.0000, 3.0000,  0, 0, 0
L 185.0000, 296.0000, 1.0000,  185.0000, 310.0000, 1.0000,  0, 0, 0
L 184.0000, 284.0000, 1.0000,  185.0000, 296.0000, 1.0000,  0, 0, 0
L 175.0000, 284.0000, 0.0000,  184.0000, 284.0000, 1.0000,  0, 0, 0
L 162.0000, 283.0000, 8.0000,  175.0000, 284.0000, 0.0000,  0, 0, 0
L 159.0000, 282.0000, 8.0000,  162.0000, 283.0000, 8.0000,  0, 0, 0
L 158.0000, 273.0000, 0.0000,  159.0000, 282.0000, 8.0000,  0, 0, 0
L 157.0000, 260.0000, 4.0000,  158.0000, 273.0000, 0.0000,  0, 0, 0
L 155.0000, 260.0000, 4.0000,  157.0000, 260.0000, 4.0000,  0, 0, 0
L 151.0000, 261.0000, 0.0000,  155.0000, 260.0000, 4.0000,  0, 0, 0
L 127.0000, 260.0000, 5.0000,  145.0000, 259.0000, 1.0000,  0, 0, 0
L 117.0000, 261.0000, 4.0000,  127.0000, 260.0000, 5.0000,  0, 0, 0
L 98.0000, 260.0000, 3.0000,  117.0000, 261.0000, 4.0000,  0, 0, 0
L 98.0000, 255.0000, 3.0000,  98.0000, 260.0000, 3.0000,  0, 0, 0
L 96.0000, 248.0000, 3.0000,  98.0000, 255.0000, 3.0000,  0, 0, 0
L 96.0000, 235.0000, 0.0000,  96.0000, 248.0000, 3.0000,  0, 0, 0
L 96.0000, 225.0000, 0.0000,  96.0000, 235.0000, 0.0000,  0, 0, 0
L 98.0000, 204.0000, 1.0000,  96.0000, 225.0000, 0.0000,  0, 0, 0
L 134.0000, 205.0000, 1.0000,  98.0000, 204.0000, 1.0000,  0, 0, 0
L 151.0000, 195.0000, 1.0000,  150.0000, 204.0000, 4.0000,  0, 0, 0
L 124.0000, 195.0000, 1.0000,  151.0000, 195.0000, 1.0000,  0, 0, 0
L 117.0000, 195.0000, 2.0000,  124.0000, 195.0000, 1.0000,  0, 0, 0
L 96.0000, 193.0000, 0.0000,  117.0000, 195.0000, 2.0000,  0, 0, 0
L 99.0000, 178.0000, -1.0000,  102.0000, 185.0000, 0.0000,  0, 0, 0
L 96.0000, 167.0000, 1.0000,  99.0000, 178.0000, -1.0000,  0, 0, 0
L 96.0000, 150.0000, 1.0000,  96.0000, 167.0000, 1.0000,  0, 0, 0
L 106.0000, 151.0000, -1.0000,  96.0000, 150.0000, 1.0000,  0, 0, 0
L 108.0000, 153.0000, -2.0000,  106.0000, 151.0000, -1.0000,  0, 0, 0
L 113.0000, 153.0000, 0.0000,  108.0000, 153.0000, -2.0000,  0, 0, 0
L 118.0000, 150.0000, 1.0000,  113.0000, 153.0000, 0.0000,  0, 0, 0
L 119.0000, 143.0000, 0.0000,  118.0000, 150.0000, 1.0000,  0, 0, 0
L 92.0000, 143.0000, 0.0000,  119.0000, 143.0000, 0.0000,  0, 0, 0
L 91.0000, 109.0000, 3.0000,  92.0000, 143.0000, 0.0000,  0, 0, 0
L 92.0000, 104.0000, 2.0000,  91.0000, 109.0000, 3.0000,  0, 0, 0
L 91.0000, 94.0000, 1.0000,  92.0000, 104.0000, 2.0000,  0, 0, 0
L 90.0000, 76.0000, -1.0000,  91.0000, 94.0000, 1.0000,  0, 0, 0
L 82.0000, 74.0000, -1.0000,  90.0000, 76.0000, -1.0000,  0, 0, 0
L 77.0000, 68.0000, -4.0000,  82.0000, 74.0000, -1.0000,  0, 0, 0
L 59.0000, 45.0000, -14.0000,  77.0000, 68.0000, -4.0000,  0, 0, 0
L 55.0000, 40.0000, -15.0000,  59.0000, 45.0000, -14.0000,  0, 0, 0
L 36.0000, 28.0000, -7.0000,  55.0000, 40.0000, -15.0000,  0, 0, 0
L 27.0000, 18.0000, -3.0000,  36.0000, 28.0000, -7.0000,  0, 0, 0
L 22.0000, 11.0000, -1.0000,  27.0000, 18.0000, -3.0000,  0, 0, 0
L 11.0000, 9.0000, 0.0000,  22.0000, 11.0000, -1.0000,  0, 0, 0
L 7.0000, 9.0000, 0.0000,  11.0000, 9.0000, 0.0000,  0, 0, 0
L 3.0000, 7.0000, 0.0000,  7.0000, 9.0000, 0.0000,  0, 0, 0
L -1.0000, 7.0000, 1.0000,  3.0000, 7.0000, 0.0000,  0, 0, 0
L -30.0000, 5.0000, 1.0000,  -1.0000, 7.0000, 1.0000,  0, 0, 0
L -32.0000, 7.0000, 0.0000,  -30.0000, 5.0000, 1.0000,  0, 0, 0
L -46.0000, 7.0000, 1.0000,  -32.0000, 7.0000, 0.0000,  0, 0, 0
L -52.0000, -20.0000, 0.0000,  -45.0000, -18.0000, 1.0000,  0, 0, 0
L -55.0000, -13.0000, 1.0000,  -55.0000, -18.0000, 1.0000,  0, 0, 0
L -64.0000, -13.0000, 1.0000,  -55.0000, -13.0000, 1.0000,  0, 0, 0
L -74.0000, -13.0000, 0.0000,  -64.0000, -13.0000, 1.0000,  0, 0, 0
L -82.0000, -13.0000, 1.0000,  -74.0000, -13.0000, 0.0000,  0, 0, 0
L -88.0000, -13.0000, -6.0000,  -82.0000, -13.0000, 1.0000,  0, 0, 0
L -99.3584, -14.2620, -17.0000,  -88.0000, -13.0000, -6.0000,  0, 0, 0
L -127.0000, 44.0000, -24.0000,  -127.0000, 10.4253, -25.0000,  0, 0, 0
L -126.0000, 62.0000, -30.0000,  -127.0000, 44.0000, -24.0000,  0, 0, 0
L -127.0000, 75.0000, -34.0000,  -126.0000, 62.0000, -30.0000,  0, 0, 0
L -125.0000, 79.0000, -36.0000,  -127.0000, 75.0000, -34.0000,  0, 0, 0
L -125.0000, 94.0000, -41.0000,  -125.0000, 79.0000, -36.0000,  0, 0, 0
L -127.0000, 101.0000, -44.0000,  -125.0000, 94.0000, -41.0000,  0, 0, 0
L -127.0000, 107.0000, -45.0000,  -127.0000, 101.0000, -44.0000,  0, 0, 0
L -100.0000, 124.0000, -40.0000,  -108.0000, 121.0000, -45.0000,  0, 0, 0
L -92.0000, 134.0000, -39.0000,  -92.0000, 132.0000, -38.0000,  0, 0, 0
L -99.0000, 134.0000, -42.0000,  -92.0000, 134.0000, -39.0000,  0, 0, 0
L -101.0000, 134.0000, -42.0000,  -99.0000, 134.0000, -42.0000,  0, 0, 0
L -112.0000, 135.0000, -46.0000,  -101.0000, 134.0000, -42.0000,  0, 0, 0
L -113.0000, 143.0000, -46.0000,  -112.0000, 135.0000, -46.0000,  0, 0, 0
L -113.0000, 148.0000, -46.0000,  -113.0000, 143.0000, -46.0000,  0, 0, 0
L -114.0000, 152.0000, -45.0000,  -113.0000, 148.0000, -46.0000,  0, 0, 0
L -116.0000, 157.0000, -42.0000,  -114.0000, 152.0000, -45.0000,  0, 0, 0
L -119.0000, 162.0000, -42.0000,  -116.0000, 157.0000, -42.0000,  0, 0, 0
L -126.0000, 169.0000, -46.0000,  -119.0000, 162.0000, -42.0000,  0, 0, 0
L -131.0000, 175.0000, -46.0000,  -126.0000, 169.0000, -46.0000,  0, 0, 0
L -134.0000, 180.0000, -44.0000,  -131.0000, 175.0000, -46.0000,  0, 0, 0
L -140.0000, 184.0000, -42.0000,  -134.0000, 180.0000, -44.0000,  0, 0, 0
L -143.0000, 187.0000, -42.0000,  -140.0000, 184.0000, -42.0000,  0, 0, 0
L -150.0000, 187.0000, -43.0000,  -143.0000, 187.0000, -42.0000,  0, 0, 0
L -158.0000, 184.0000, -44.0000,  -150.0000, 187.0000, -43.0000,  0, 0, 0
L -158.0000, 183.0000, -45.0000,  -158.0000, 184.0000, -44.0000,  0, 0, 0
L -186.0000, 184.0000, -42.0000,  -173.0000, 184.0000, -43.0000,  0, 0, 0
L -186.0000, 182.0000, -42.0000,  -186.0000, 184.0000, -42.0000,  0, 0, 0
L -184.0000, 171.0000, -37.0000,  -186.0000, 182.0000, -42.0000,  0, 0, 0
L -186.0000, 166.0000, -42.0000,  -184.0000, 171.0000, -37.0000,  0, 0, 0
L -186.0000, 165.0000, -46.0000,  -186.0000, 166.0000, -42.0000,  0, 0, 0
L -185.0000, 160.0000, -47.0000,  -186.0000, 165.0000, -46.0000,  0, 0, 0
L -187.0000, 153.0000, -46.0000,  -185.0000, 160.0000, -47.0000,  0, 0, 0
L -192.0000, 153.0000, -45.0000,  -187.0000, 153.0000, -46.0000,  0, 0, 0
L -199.0000, 154.0000, -46.0000,  -192.0000, 153.0000, -45.0000,  0, 0, 0
L -201.0000, 165.0000, -46.0000,  -199.0000, 154.0000, -46.0000,  0, 0, 0
L -201.0000, 167.0000, -46.0000,  -201.0000, 165.0000, -46.0000,  0, 0, 0
L -200.0000, 175.0000, -45.0000,  -201.0000, 167.0000, -46.0000,  0, 0, 0
L -200.0000, 218.0000, -44.0000,  -200.0000, 175.0000, -45.0000,  0, 0, 0
L -200.0000, 242.0000, -45.0000,  -202.0000, 240.0000, -46.0000,  0, 0, 0
L -213.0000, 251.0000, -46.0000,  -199.0000, 251.0000, -46.0000,  0, 0, 0
L -261.0000, 251.0000, -47.0000,  -213.0000, 251.0000, -46.0000,  0, 0, 0
L -269.0000, 247.0000, -46.0000,  -261.0000, 251.0000, -47.0000,  0, 0, 0
L -277.0000, 246.0000, -46.0000,  -269.0000, 247.0000, -46.0000,  0, 0, 0
L -279.0000, 251.0000, -46.0000,  -277.0000, 246.0000, -46.0000,  0, 0, 0
L -296.0000, 251.0000, -46.0000,  -279.0000, 251.0000, -46.0000,  0, 0, 0
L -304.0000, 242.0000, -42.0000,  -296.0000, 251.0000, -46.0000,  0, 0, 0
L -304.0000, 216.0000, -43.0000,  -304.0000, 242.0000, -42.0000,  0, 0, 0
L -304.0000, 208.0000, -46.0000,  -304.0000, 216.0000, -43.0000,  0, 0, 0
L -310.0000, 207.0000, -45.0000,  -304.0000, 208.0000, -46.0000,  0, 0, 0
L -313.0000, 207.0000, -43.0000,  -310.0000, 207.0000, -45.0000,  0, 0, 0
L -316.0000, 208.0000, -42.0000,  -313.0000, 207.0000, -43.0000,  0, 0, 0
L -329.0000, 208.0000, -43.0000,  -316.0000, 208.0000, -42.0000,  0, 0, 0
L -330.0000, 207.0000, -43.0000,  -329.0000, 208.0000, -43.0000,  0, 0, 0
L -335.0000, 205.0000, -45.0000,  -330.0000, 207.0000, -43.0000,  0, 0, 0
L -339.0000, 205.0000, -45.0000,  -335.0000, 205.0000, -45.0000,  0, 0, 0
L -344.0000, 208.0000, -44.0000,  -339.0000, 205.0000, -45.0000,  0, 0, 0
L -352.0000, 208.0000, -46.0000,  -344.0000, 208.0000, -44.0000,  0, 0, 0
L -358.0000, 206.0000, -46.0000,  -352.0000, 208.0000, -46.0000,  0, 0, 0
L -358.0000, 196.0000, -46.0000,  -358.0000, 206.0000, -46.0000,  0, 0, 0
L -356.0000, 192.0000, -46.0000,  -358.0000, 196.0000, -46.0000,  0, 0, 0
L -356.0000, 187.0000, -46.0000,  -356.0000, 192.0000, -46.0000,  0, 0, 0
L -358.0000, 181.0000, -46.0000,  -356.0000, 187.0000, -46.0000,  0, 0, 0
L -363.0000, 180.0000, -46.0000,  -358.0000, 181.0000, -46.0000,  0, 0, 0
L -365.0000, 187.0000, -48.0000,  -363.0000, 180.0000, -46.0000,  0, 0, 0
L -365.0000, 208.0000, -48.0000,  -365.0000, 187.0000, -48.0000,  0, 0, 0
L -366.0000, 217.0000, -49.0000,  -365.0000, 208.0000, -48.0000,  0, 0, 0
L -359.0000, 223.0000, -49.0000,  -366.0000, 217.0000, -49.0000,  0, 0, 0
L -352.0000, 229.0000, -49.0000,  -359.0000, 223.0000, -49.0000,  0, 0, 0
L -349.0000, 231.0000, -49.0000,  -352.0000, 229.0000, -49.0000,  0, 0, 0
L -344.0000, 236.0000, -49.0000,  -349.0000, 231.0000, -49.0000,  0, 0, 0
L -342.0000, 240.0000, -48.0000,  -344.0000, 236.0000, -49.0000,  0, 0, 0
L -369.0000, 254.0000, -71.0000,  -342.0000, 240.0000, -48.0000,  0, 0, 0
L -377.0000, 255.0000, -75.0000,  -369.0000, 254.0000, -71.0000,  0, 0, 0
L -377.0000, 263.0000, -74.0000,  -377.0000, 255.0000, -75.0000,  0, 0, 0
L -372.0000, 264.0000, -74.0000,  -377.0000, 263.0000, -74.0000,  0, 0, 0
L -365.0000, 263.0000, -74.0000,  -372.0000, 264.0000, -74.0000,  0, 0, 0
L -351.0000, 264.0000, -74.0000,  -365.0000, 263.0000, -74.0000,  0, 0, 0
L -351.0000, 265.0000, -74.0000,  -351.0000, 264.0000, -74.0000,  0, 0, 0
L -351.0000, 275.0000, -74.0000,  -351.0000, 265.0000, -74.0000,  0, 0, 0
L -351.0000, 277.0000, -74.0000,  -351.0000, 275.0000, -74.0000,  0, 0, 0
L -350.0000, 285.0000, -74.0000,  -351.0000, 277.0000, -74.0000,  0, 0, 0
L -350.0000, 303.0000, -71.0000,  -350.0000, 285.0000, -74.0000,  0, 0, 0
L -351.0000, 317.0000, -71.0000,  -350.0000, 303.0000, -71.0000,  0, 0, 0
L -343.0000, 317.0000, -70.0000,  -351.0000, 317.0000, -71.0000,  0, 0, 0
L -337.0000, 320.0000, -67.0000,  -343.0000, 317.0000, -70.0000,  0, 0, 0
L -332.0000, 321.0000, -67.0000,  -337.0000, 320.0000, -67.0000,  0, 0, 0
L -330.0000, 323.0000, -71.0000,  -332.0000, 321.0000, -67.0000,  0, 0, 0
L -324.0000, 330.0000, -71.0000,  -330.0000, 323.0000, -71.0000,  0, 0, 0
L -321.0000, 333.0000, -71.0000,  -324.0000, 330.0000, -71.0000,  0, 0, 0
L -316.0000, 343.0000, -72.0000,  -321.0000, 333.0000, -71.0000,  0, 0, 0
L -310.0000, 353.0000, -69.0000,  -316.0000, 343.0000, -72.0000,  0, 0, 0
L -308.0000, 357.0000, -69.0000,  -310.0000, 353.0000, -69.0000,  0, 0, 0
L -308.0000, 366.0000, -70.0000,  -308.0000, 357.0000, -69.0000,  0, 0, 0
L -305.0000, 372.0000, -69.0000,  -308.0000, 366.0000, -70.0000,  0, 0, 0
L -302.0000, 392.0000, -70.0000,  -304.0000, 380.0000, -69.0000,  0, 0, 0
L -302.0000, 399.0000, -70.0000,  -302.0000, 392.0000, -70.0000,  0, 0, 0
L -303.0000, 416.0000, -69.0000,  -302.0000, 399.0000, -70.0000,  0, 0, 0
L -311.0000, 441.0000, -67.0000,  -309.0000, 435.0000, -67.0000,  0, 0, 0
L -315.0000, 449.0000, -68.0000,  -311.0000, 441.0000, -67.0000,  0, 0, 0
L -327.0000, 471.0000, -68.0000,  -315.0000, 449.0000, -68.0000,  0, 0, 0
L -334.0000, 474.0000, -71.0000,  -327.0000, 471.0000, -68.0000,  0, 0, 0
L -343.0000, 476.0000, -71.0000,  -334.0000, 474.0000, -71.0000,  0, 0, 0
L -351.0000, 478.0000, -71.0000,  -343.0000, 476.0000, -71.0000,  0, 0, 0
L -349.0000, 490.0000, -71.0000,  -351.0000, 478.0000, -71.0000,  0, 0, 0
L -347.0000, 509.0000, -71.0000,  -349.0000, 490.0000, -71.0000,  0, 0, 0
L -243.0000, 510.0000, -68.0000,  -347.0000, 509.0000, -71.0000,  0, 0, 0
L -241.0000, 512.0000, -64.0000,  -243.0000, 510.0000, -68.0000,  0, 0, 0
L -242.0000, 524.0000, -67.0000,  -241.0000, 512.0000, -64.0000,  0, 0, 0
L -243.0000, 527.0000, -67.0000,  -242.0000, 524.0000, -67.0000,  0, 0, 0
L -283.0000, 528.0000, -71.0000,  -243.0000, 527.0000, -67.0000,  0, 0, 0
L -287.0000, 528.0000, -71.0000,  -283.0000, 528.0000, -71.0000,  0, 0, 0
L -295.0000, 525.0000, -71.0000,  -287.0000, 528.0000, -71.0000,  0, 0, 0
L -305.0000, 528.0000, -71.0000,  -295.0000, 525.0000, -71.0000,  0, 0, 0
L -305.0000, 530.0000, -71.0000,  -305.0000, 528.0000, -71.0000,  0, 0, 0
L -304.0000, 589.0000, -87.0000,  -305.0000, 530.0000, -71.0000,  0, 0, 0
L -305.0000, 594.0000, -87.0000,  -304.0000, 589.0000, -87.0000,  0, 0, 0
L -302.0000, 602.0000, -87.0000,  -305.0000, 594.0000, -87.0000,  0, 0, 0
L -250.0000, 602.0000, -83.0000,  -302.0000, 602.0000, -87.0000,  0, 0, 0
L -249.0000, 618.0000, -83.0000,  -250.0000, 602.0000, -83.0000,  0, 0, 0
L -250.0000, 622.0000, -84.0000,  -249.0000, 618.0000, -83.0000,  0, 0, 0
L -262.0000, 632.0000, -87.0000,  -250.0000, 622.0000, -84.0000,  0, 0, 0
L -263.0000, 626.0000, -87.0000,  -262.0000, 632.0000, -87.0000,  0, 0, 0
L -265.0000, 627.0000, -87.0000,  -263.0000, 626.0000, -87.0000,  0, 0, 0
L -267.0000, 631.0000, -87.0000,  -265.0000, 627.0000, -87.0000,  0, 0, 0
L -269.0000, 636.0000, -87.0000,  -267.0000, 631.0000, -87.0000,  0, 0, 0
L -269.0000, 638.0000, -87.0000,  -269.0000, 636.0000, -87.0000,  0, 0, 0
L -251.0000, 652.0000, -84.0000,  -269.0000, 638.0000, -87.0000,  0, 0, 0
L -249.0000, 673.0000, -83.0000,  -251.0000, 652.0000, -84.0000,  0, 0, 0
L -274.0000, 673.0000, -87.0000,  -249.0000, 673.0000, -83.0000,  0, 0, 0
L -286.0000, 673.0000, -87.0000,  -274.0000, 673.0000, -87.0000,  0, 0, 0
L -297.0000, 672.0000, -87.0000,  -286.0000, 673.0000, -87.0000,  0, 0, 0
L -296.0000, 674.0000, -83.0000,  -297.0000, 672.0000, -87.0000,  0, 0, 0
L -297.0000, 679.0000, -87.0000,  -296.0000, 674.0000, -83.0000,  0, 0, 0
L -296.0000, 680.0000, -87.0000,  -297.0000, 679.0000, -87.0000,  0, 0, 0
L -296.0000, 717.0000, -78.0000,  -296.0000, 680.0000, -87.0000,  0, 0, 0
L -306.0000, 717.0000, -78.0000,  -296.0000, 717.0000, -78.0000,  0, 0, 0
L -307.0000, 718.0000, -83.0000,  -306.0000, 717.0000, -78.0000,  0, 0, 0
L -313.0000, 716.0000, -83.0000,  -307.0000, 718.0000, -83.0000,  0, 0, 0
L -314.0000, 682.0000, -86.0000,  -313.0000, 716.0000, -83.0000,  0, 0, 0
L -313.0000, 682.0000, -86.0000,  -314.0000, 682.0000, -86.0000,  0, 0, 0
L -311.0000, 674.0000, -87.0000,  -313.0000, 682.0000, -86.0000,  0, 0, 0
L -332.0000, 673.0000, -87.0000,  -311.0000, 674.0000, -87.0000,  0, 0, 0
L -334.0000, 664.0000, -89.0000,  -332.0000, 673.0000, -87.0000,  0, 0, 0
L -334.0000, 662.0000, -89.0000,  -334.0000, 664.0000, -89.0000,  0, 0, 0
L -333.0000, 651.0000, -87.0000,  -334.0000, 662.0000, -89.0000,  0, 0, 0
L -334.0000, 651.0000, -87.0000,  -333.0000, 651.0000, -87.0000,  0, 0, 0
L -341.0000, 651.0000, -87.0000,  -334.0000, 651.0000, -87.0000,  0, 0, 0
L -343.0000, 656.0000, -87.0000,  -341.0000, 651.0000, -87.0000,  0, 0, 0
L -341.0000, 663.0000, -87.0000,  -343.0000, 656.0000, -87.0000,  0, 0, 0
L -341.0000, 674.0000, -87.0000,  -341.0000, 663.0000, -87.0000,  0, 0, 0
L -343.0000, 678.0000, -87.0000,  -341.0000, 674.0000, -87.0000,  0, 0, 0
L -358.0000, 676.0000, -87.0000,  -343.0000, 678.0000, -87.0000,  0, 0, 0
L -360.0000, 676.0000, -87.0000,  -358.0000, 676.0000, -87.0000,  0, 0, 0
L -370.0000, 678.0000, -84.0000,  -360.0000, 676.0000, -87.0000,  0, 0, 0
L -389.0000, 676.0000, -84.0000,  -370.0000, 678.0000, -84.0000,  0, 0, 0
L -392.0000, 676.0000, -84.0000,  -389.0000, 676.0000, -84.0000,  0, 0, 0
L -395.0000, 678.0000, -83.0000,  -392.0000, 676.0000, -84.0000,  0, 0, 0
L -401.0000, 678.0000, -83.0000,  -395.0000, 678.0000, -83.0000,  0, 0, 0
L -411.0000, 678.0000, -80.0000,  -401.0000, 678.0000, -83.0000,  0, 0, 0
L -420.0000, 677.0000, -76.0000,  -411.0000, 678.0000, -80.0000,  0, 0, 0
L -429.0000, 678.0000, -73.0000,  -420.0000, 677.0000, -76.0000,  0, 0, 0
L -442.0000, 678.0000, -70.0000,  -429.0000, 678.0000, -73.0000,  0, 0, 0
L -458.0000, 678.0000, -65.0000,  -442.0000, 678.0000, -70.0000,  0, 0, 0
L -487.0000, 678.0000, -64.0000,  -458.0000, 678.0000, -65.0000,  0, 0, 0
L -496.0000, 678.0000, -67.0000,  -487.0000, 678.0000, -64.0000,  0, 0, 0
L -499.0000, 678.0000, -67.0000,  -496.0000, 678.0000, -67.0000,  0, 0, 0
L -506.0000, 677.0000, -66.0000,  -499.0000, 678.0000, -67.0000,  0, 0, 0
L -515.0000, 676.0000, -67.0000,  -506.0000, 677.0000, -66.0000,  0, 0, 0
L -520.0000, 685.0000, -70.0000,  -515.0000, 676.0000, -67.0000,  0, 0, 0
L -520.0000, 689.0000, -68.0000,  -520.0000, 685.0000, -70.0000,  0, 0, 0
L -531.0000, 689.0000, -66.0000,  -520.0000, 689.0000, -68.0000,  0, 0, 0
L -538.0000, 685.0000, -65.0000,  -531.0000, 689.0000, -66.0000,  0, 0, 0
L -558.0000, 670.0000, -67.0000,  -538.0000, 685.0000, -65.0000,  0, 0, 0
L -558.0000, 669.0000, -67.0000,  -558.0000, 670.0000, -67.0000,  0, 0, 0
L -594.0000, 668.0000, -63.0000,  -558.0000, 669.0000, -67.0000,  0, 0, 0
L -612.0000, 668.0000, -63.0000,  -594.0000, 668.0000, -63.0000,  0, 0, 0
L -631.0000, 668.0000, -67.0000,  -612.0000, 668.0000, -63.0000,  0, 0, 0
L -640.0000, 674.0000, -67.0000,  -631.0000, 668.0000, -67.0000,  0, 0, 0
L -646.0000, 676.0000, -64.0000,  -640.0000, 674.0000, -67.0000,  0, 0, 0
L -656.0000, 678.0000, -67.0000,  -646.0000, 676.0000, -64.0000,  0, 0, 0
L -663.0000, 681.0000, -67.0000,  -656.0000, 678.0000, -67.0000,  0, 0, 0
L -672.0000, 687.0000, -67.0000,  -663.0000, 681.0000, -67.0000,  0, 0, 0
L -676.0000, 684.0000, -67.0000,  -672.0000, 687.0000, -67.0000,  0, 0, 0
L -679.0000, 676.0000, -66.0000,  -676.0000, 684.0000, -67.0000,  0, 0, 0
L -681.0000, 676.0000, -66.0000,  -679.0000, 676.0000, -66.0000,  0, 0, 0
L -684.0000, 676.0000, -67.0000,  -681.0000, 676.0000, -66.0000,  0, 0, 0
L -697.0000, 678.0000, -68.0000,  -684.0000, 676.0000, -67.0000,  0, 0, 0
L -704.0000, 679.0000, -70.0000,  -697.0000, 678.0000, -68.0000,  0, 0, 0
L -711.0000, 679.0000, -71.0000,  -704.0000, 679.0000, -70.0000,  0, 0, 0
L -720.0000, 679.0000, -77.0000,  -711.0000, 679.0000, -71.0000,  0, 0, 0
L -735.0000, 679.0000, -81.0000,  -720.0000, 679.0000, -77.0000,  0, 0, 0
L -769.0000, 678.0000, -91.0000,  -735.0000, 679.0000, -81.0000,  0, 0, 0
L -771.0000, 704.0000, -91.0000,  -769.0000, 678.0000, -91.0000,  0, 0, 0
L -776.0000, 704.0000, -90.0000,  -771.0000, 704.0000, -91.0000,  0, 0, 0
L -785.0000, 704.0000, -91.0000,  -776.0000, 704.0000, -90.0000,  0, 0, 0
L -793.0000, 704.0000, -92.0000,  -785.0000, 704.0000, -91.0000,  0, 0, 0
L -800.0000, 703.0000, -91.0000,  -793.0000, 704.0000, -92.0000,  0, 0, 0
L -809.0000, 703.0000, -95.0000,  -800.0000, 703.0000, -91.0000,  0, 0, 0
L -819.0000, 704.0000, -95.0000,  -809.0000, 703.0000, -95.0000,  0, 0, 0
L -827.0000, 704.0000, -93.0000,  -819.0000, 704.0000, -95.0000,  0, 0, 0
L -832.0000, 704.0000, -92.0000,  -827.0000, 704.0000, -93.0000,  0, 0, 0
L -836.0000, 702.0000, -92.0000,  -832.0000, 704.0000, -92.0000,  0, 0, 0
L -838.0000, 701.0000, -95.0000,  -836.0000, 702.0000, -92.0000,  0, 0, 0
L -840.0000, 695.0000, -95.0000,  -838.0000, 701.0000, -95.0000,  0, 0, 0
L -840.0000, 693.0000, -95.0000,  -840.0000, 695.0000, -95.0000,  0, 0, 0
L -849.0000, 694.0000, -95.0000,  -840.0000, 693.0000, -95.0000,  0, 0, 0
L -856.0000, 696.0000, -92.0000,  -849.0000, 694.0000, -95.0000,  0, 0, 0
L -861.0000, 696.0000, -93.0000,  -856.0000, 696.0000, -92.0000,  0, 0, 0
L -860.0000, 689.0000, -93.0000,  -861.0000, 696.0000, -93.0000,  0, 0, 0
L -860.0000, 682.0000, -91.0000,  -860.0000, 689.0000, -93.0000,  0, 0, 0
L -862.0000, 676.0000, -91.0000,  -860.0000, 682.0000, -91.0000,  0, 0, 0
L -862.0000, 654.0000, -95.0000,  -862.0000, 676.0000, -91.0000,  0, 0, 0
L -860.0000, 647.0000, -94.0000,  -862.0000, 654.0000, -95.0000,  0, 0, 0
L -859.0000, 645.0000, -92.0000,  -860.0000, 647.0000, -94.0000,  0, 0, 0
L -823.0000, 643.0000, -92.0000,  -859.0000, 645.0000, -92.0000,  0, 0, 0
L -816.0000, 648.0000, -88.0000,  -823.0000, 643.0000, -92.0000,  0, 0, 0
L -812.0000, 649.0000, -92.0000,  -816.0000, 648.0000, -88.0000,  0, 0, 0
L -808.0000, 648.0000, -92.0000,  -812.0000, 649.0000, -92.0000,  0, 0, 0
L -808.0000, 643.0000, -95.0000,  -808.0000, 648.0000, -92.0000,  0, 0, 0
L -796.0000, 643.0000, -95.0000,  -808.0000, 643.0000, -95.0000,  0, 0, 0
L -774.0000, 643.0000, -88.0000,  -796.0000, 643.0000, -95.0000,  0, 0, 0
L -774.0000, 650.0000, -92.0000,  -774.0000, 643.0000, -88.0000,  0, 0, 0
L -775.0000, 651.0000, -95.0000,  -774.0000, 650.0000, -92.0000,  0, 0, 0
L -775.0000, 655.0000, -91.0000,  -775.0000, 651.0000, -95.0000,  0, 0, 0
L -772.0000, 661.0000, -92.0000,  -775.0000, 655.0000, -91.0000,  0, 0, 0
L -771.0000, 662.0000, -92.0000,  -772.0000, 661.0000, -92.0000,  0, 0, 0
L -764.0000, 664.0000, -92.0000,  -771.0000, 662.0000, -92.0000,  0, 0, 0
L -736.0000, 661.0000, -82.0000,  -764.0000, 664.0000, -92.0000,  0, 0, 0
L -727.0000, 661.0000, -78.0000,  -736.0000, 661.0000, -82.0000,  0, 0, 0
L -718.0000, 660.0000, -74.0000,  -727.0000, 661.0000, -78.0000,  0, 0, 0
L -700.0000, 660.0000, -66.0000,  -718.0000, 660.0000, -74.0000,  0, 0, 0
L -696.0000, 659.0000, -64.0000,  -700.0000, 660.0000, -66.0000,  0, 0, 0
L -687.0000, 661.0000, -67.0000,  -696.0000, 659.0000, -64.0000,  0, 0, 0
L -684.0000, 662.0000, -66.0000,  -687.0000, 661.0000, -67.0000,  0, 0, 0
L -678.0000, 662.0000, -67.0000,  -684.0000, 662.0000, -66.0000,  0, 0, 0
L -677.0000, 662.0000, -67.0000,  -678.0000, 662.0000, -67.0000,  0, 0, 0
L -676.0000, 652.0000, -67.0000,  -677.0000, 662.0000, -67.0000,  0, 0, 0
L -676.0000, 650.0000, -67.0000,  -676.0000, 652.0000, -67.0000,  0, 0, 0
L -672.0000, 644.0000, -67.0000,  -676.0000, 650.0000, -67.0000,  0, 0, 0
L -669.0000, 641.0000, -67.0000,  -672.0000, 644.0000, -67.0000,  0, 0, 0
L -659.0000, 633.0000, -61.0000,  -669.0000, 641.0000, -67.0000,  0, 0, 0
L -657.0000, 632.0000, -61.0000,  -659.0000, 633.0000, -61.0000,  0, 0, 0
L -646.0000, 626.0000, -65.0000,  -657.0000, 632.0000, -61.0000,  0, 0, 0
L -634.0000, 622.0000, -68.0000,  -646.0000, 626.0000, -65.0000,  0, 0, 0
L -629.0000, 620.0000, -67.0000,  -634.0000, 622.0000, -68.0000,  0, 0, 0
L -624.0000, 616.0000, -67.0000,  -629.0000, 620.0000, -67.0000,  0, 0, 0
L -617.0000, 615.0000, -67.0000,  -624.0000, 616.0000, -67.0000,  0, 0, 0
L -606.0000, 614.0000, -66.0000,  -617.0000, 615.0000, -67.0000,  0, 0, 0
L -599.0000, 614.0000, -67.0000,  -606.0000, 614.0000, -66.0000,  0, 0, 0
L -586.0000, 614.0000, -67.0000,  -599.0000, 614.0000, -67.0000,  0, 0, 0
L -579.0000, 615.0000, -68.0000,  -586.0000, 614.0000, -67.0000,  0, 0, 0
L -571.0000, 618.0000, -63.0000,  -579.0000, 615.0000, -68.0000,  0, 0, 0
L -567.0000, 619.0000, -63.0000,  -571.0000, 618.0000, -63.0000,  0, 0, 0
L -563.0000, 619.0000, -67.0000,  -567.0000, 619.0000, -63.0000,  0, 0, 0
L -560.0000, 619.0000, -67.0000,  -563.0000, 619.0000, -67.0000,  0, 0, 0
L -557.0000, 620.0000, -67.0000,  -560.0000, 619.0000, -67.0000,  0, 0, 0
L -553.0000, 621.0000, -67.0000,  -557.0000, 620.0000, -67.0000,  0, 0, 0
L -550.0000, 623.0000, -67.0000,  -553.0000, 621.0000, -67.0000,  0, 0, 0
L -544.0000, 625.0000, -67.0000,  -550.0000, 623.0000, -67.0000,  0, 0, 0
L -530.0000, 634.0000, -67.0000,  -544.0000, 625.0000, -67.0000,  0, 0, 0
L -519.0000, 640.0000, -67.0000,  -530.0000, 634.0000, -67.0000,  0, 0, 0
L -520.0000, 645.0000, -69.0000,  -519.0000, 640.0000, -67.0000,  0, 0, 0
L -519.0000, 650.0000, -68.0000,  -520.0000, 645.0000, -69.0000,  0, 0, 0
L -515.0000, 662.0000, -67.0000,  -519.0000, 650.0000, -68.0000,  0, 0, 0
L -512.0000, 662.0000, -66.0000,  -515.0000, 662.0000, -67.0000,  0, 0, 0
L -503.0000, 661.0000, -66.0000,  -512.0000, 662.0000, -66.0000,  0, 0, 0
L -493.0000, 661.0000, -64.0000,  -503.0000, 661.0000, -66.0000,  0, 0, 0
L -470.0000, 661.0000, -67.0000,  -493.0000, 661.0000, -64.0000,  0, 0, 0
L -460.0000, 662.0000, -67.0000,  -470.0000, 661.0000, -67.0000,  0, 0, 0
L -453.0000, 663.0000, -66.0000,  -460.0000, 662.0000, -67.0000,  0, 0, 0
L -449.0000, 661.0000, -67.0000,  -453.0000, 663.0000, -66.0000,  0, 0, 0
L -437.0000, 661.0000, -72.0000,  -449.0000, 661.0000, -67.0000,  0, 0, 0
L -432.0000, 662.0000, -73.0000,  -437.0000, 661.0000, -72.0000,  0, 0, 0
L -428.0000, 662.0000, -75.0000,  -432.0000, 662.0000, -73.0000,  0, 0, 0
L -425.0000, 663.0000, -76.0000,  -428.0000, 662.0000, -75.0000,  0, 0, 0
L -419.0000, 663.0000, -78.0000,  -425.0000, 663.0000, -76.0000,  0, 0, 0
L -419.0000, 662.0000, -78.0000,  -419.0000, 663.0000, -78.0000,  0, 0, 0
L -414.0000, 661.0000, -80.0000,  -419.0000, 662.0000, -78.0000,  0, 0, 0
L -400.0000, 662.0000, -84.0000,  -414.0000, 661.0000, -80.0000,  0, 0, 0
L -389.0000, 663.0000, -86.0000,  -400.0000, 662.0000, -84.0000,  0, 0, 0
L -383.0000, 661.0000, -87.0000,  -389.0000, 663.0000, -86.0000,  0, 0, 0
L -364.0000, 662.0000, -87.0000,  -383.0000, 661.0000, -87.0000,  0, 0, 0
L -356.0000, 662.0000, -87.0000,  -364.0000, 662.0000, -87.0000,  0, 0, 0
L -357.0000, 655.0000, -87.0000,  -356.0000, 662.0000, -87.0000,  0, 0, 0
L -357.0000, 639.0000, -76.0000,  -357.0000, 655.0000, -87.0000,  0, 0, 0
L -355.0000, 635.0000, -76.0000,  -357.0000, 639.0000, -76.0000,  0, 0, 0
L -354.0000, 634.0000, -79.0000,  -355.0000, 635.0000, -76.0000,  0, 0, 0
L -341.0000, 634.0000, -87.0000,  -354.0000, 634.0000, -79.0000,  0, 0, 0
L -335.0000, 635.0000, -88.0000,  -341.0000, 634.0000, -87.0000,  0, 0, 0
L -333.0000, 631.0000, -89.0000,  -335.0000, 635.0000, -88.0000,  0, 0, 0
L -334.0000, 602.0000, -87.0000,  -333.0000, 631.0000, -89.0000,  0, 0, 0
L -320.0000, 601.0000, -87.0000,  -334.0000, 602.0000, -87.0000,  0, 0, 0
L -319.0000, 545.0000, -75.0000,  -320.0000, 601.0000, -87.0000,  0, 0, 0
L -318.0000, 540.0000, -73.0000,  -319.0000, 545.0000, -75.0000,  0, 0, 0
L -317.0000, 535.0000, -72.0000,  -318.0000, 540.0000, -73.0000,  0, 0, 0
L -317.0000, 532.0000, -71.0000,  -317.0000, 535.0000, -72.0000,  0, 0, 0
L -319.0000, 525.0000, -71.0000,  -317.0000, 532.0000, -71.0000,  0, 0, 0
L -327.0000, 527.0000, -71.0000,  -319.0000, 525.0000, -71.0000,  0, 0, 0
L -365.0000, 528.0000, -67.0000,  -327.0000, 527.0000, -71.0000,  0, 0, 0
L -365.0000, 521.0000, -64.0000,  -365.0000, 528.0000, -67.0000,  0, 0, 0
L -368.0000, 511.0000, -68.0000,  -365.0000, 521.0000, -64.0000,  0, 0, 0
L -367.0000, 490.0000, -71.0000,  -368.0000, 511.0000, -68.0000,  0, 0, 0
L -366.0000, 489.0000, -71.0000,  -367.0000, 490.0000, -71.0000,  0, 0, 0
L -365.0000, 484.0000, -70.0000,  -366.0000, 489.0000, -71.0000,  0, 0, 0
L -366.0000, 477.0000, -72.0000,  -365.0000, 484.0000, -70.0000,  0, 0, 0
L -367.0000, 476.0000, -72.0000,  -366.0000, 477.0000, -72.0000,  0, 0, 0
L -375.0000, 474.0000, -73.0000,  -367.0000, 476.0000, -72.0000,  0, 0, 0
L -377.0000, 472.0000, -71.0000,  -375.0000, 474.0000, -73.0000,  0, 0, 0
L -377.0000, 470.0000, -71.0000,  -377.0000, 472.0000, -71.0000,  0, 0, 0
L -377.0000, 462.0000, -71.0000,  -377.0000, 470.0000, -71.0000,  0, 0, 0
L -376.0000, 461.0000, -71.0000,  -377.0000, 462.0000, -71.0000,  0, 0, 0
L -374.0000, 455.0000, -71.0000,  -376.0000, 461.0000, -71.0000,  0, 0, 0
L -361.0000, 442.0000, -62.0000,  -374.0000, 455.0000, -71.0000,  0, 0, 0
L -360.0000, 443.0000, -63.0000,  -361.0000, 442.0000, -62.0000,  0, 0, 0
L -352.0000, 437.0000, -65.0000,  -360.0000, 443.0000, -63.0000,  0, 0, 0
L -351.0000, 435.0000, -68.0000,  -352.0000, 437.0000, -65.0000,  0, 0, 0
L -353.0000, 433.0000, -71.0000,  -351.0000, 435.0000, -68.0000,  0, 0, 0
L -356.0000, 432.0000, -71.0000,  -353.0000, 433.0000, -71.0000,  0, 0, 0
L -357.0000, 361.0000, -71.0000,  -356.0000, 432.0000, -71.0000,  0, 0, 0
L -367.0000, 349.0000, -68.0000,  -357.0000, 361.0000, -71.0000,  0, 0, 0
L -378.0000, 334.0000, -67.0000,  -367.0000, 349.0000, -68.0000,  0, 0, 0
L -378.0000, 327.0000, -65.0000,  -378.0000, 334.0000, -67.0000,  0, 0, 0
L -376.0000, 324.0000, -65.0000,  -378.0000, 327.0000, -65.0000,  0, 0, 0
L -375.0000, 318.0000, -68.0000,  -376.0000, 324.0000, -65.0000,  0, 0, 0
L -373.0000, 317.0000, -71.0000,  -375.0000, 318.0000, -68.0000,  0, 0, 0
L -366.0000, 317.0000, -71.0000,  -373.0000, 317.0000, -71.0000,  0, 0, 0
L -365.0000, 310.0000, -70.0000,  -366.0000, 317.0000, -71.0000,  0, 0, 0
L -367.0000, 305.0000, -72.0000,  -365.0000, 310.0000, -70.0000,  0, 0, 0
L -367.0000, 291.0000, -73.0000,  -367.0000, 305.0000, -72.0000,  0, 0, 0
L -367.0000, 288.0000, -74.0000,  -367.0000, 291.0000, -73.0000,  0, 0, 0
L -365.0000, 283.0000, -74.0000,  -367.0000, 288.0000, -74.0000,  0, 0, 0
L -365.0000, 278.0000, -74.0000,  -365.0000, 283.0000, -74.0000,  0, 0, 0
L -373.0000, 279.0000, -74.0000,  -365.0000, 278.0000, -74.0000,  0, 0, 0
L -380.0000, 279.0000, -74.0000,  -373.0000, 279.0000, -74.0000,  0, 0, 0
L -392.0000, 278.0000, -63.0000,  -380.0000, 279.0000, -74.0000,  0, 0, 0
L -394.0000, 268.0000, -74.0000,  -392.0000, 278.0000, -63.0000,  0, 0, 0
L -393.0000, 263.0000, -73.0000,  -394.0000, 268.0000, -74.0000,  0, 0, 0
L -395.0000, 255.0000, -76.0000,  -393.0000, 263.0000, -73.0000,  0, 0, 0
L -397.0000, 255.0000, -77.0000,  -395.0000, 255.0000, -76.0000,  0, 0, 0
L -414.0000, 256.0000, -76.0000,  -397.0000, 255.0000, -77.0000,  0, 0, 0
L -420.0000, 255.0000, -77.0000,  -414.0000, 256.0000, -76.0000,  0, 0, 0
L -428.0000, 256.0000, -74.0000,  -420.0000, 255.0000, -77.0000,  0, 0, 0
L -435.0000, 255.0000, -60.0000,  -428.0000, 256.0000, -74.0000,  0, 0, 0
L -443.0000, 255.0000, -54.0000,  -435.0000, 255.0000, -60.0000,  0, 0, 0
L -448.0000, 256.0000, -49.0000,  -443.0000, 255.0000, -54.0000,  0, 0, 0
L -465.0000, 256.0000, -48.0000,  -448.0000, 256.0000, -49.0000,  0, 0, 0
L -470.0000, 255.0000, -48.0000,  -465.0000, 256.0000, -48.0000,  0, 0, 0
L -473.0000, 253.0000, -47.0000,  -470.0000, 255.0000, -48.0000,  0, 0, 0
L -478.0000, 248.0000, -48.0000,  -473.0000, 253.0000, -47.0000,  0, 0, 0
L -479.0000, 244.0000, -50.0000,  -478.0000, 248.0000, -48.0000,  0, 0, 0
L -479.0000, 240.0000, -51.0000,  -479.0000, 244.0000, -50.0000,  0, 0, 0
L -482.0000, 233.0000, -49.0000,  -479.0000, 240.0000, -51.0000,  0, 0, 0
L -482.0000, 231.0000, -49.0000,  -482.0000, 233.0000, -49.0000,  0, 0, 0
L -493.0000, 218.0000, -48.0000,  -482.0000, 231.0000, -49.0000,  0, 0, 0
L -493.0000, 195.0000, -48.0000,  -493.0000, 218.0000, -48.0000,  0, 0, 0
L -494.0000, 187.0000, -47.0000,  -493.0000, 195.0000, -48.0000,  0, 0, 0
L -498.0000, 186.0000, -45.0000,  -494.0000, 187.0000, -47.0000,  0, 0, 0
L -500.0000, 187.0000, -41.0000,  -498.0000, 186.0000, -45.0000,  0, 0, 0
L -501.0000, 189.0000, -39.0000,  -500.0000, 187.0000, -41.0000,  0, 0, 0
L -512.0000, 184.0000, -33.0000,  -501.0000, 189.0000, -39.0000,  0, 0, 0
L -516.0000, 181.0000, -33.0000,  -512.0000, 184.0000, -33.0000,  0, 0, 0
L -515.0000, 173.0000, -46.0000,  -516.0000, 181.0000, -33.0000,  0, 0, 0
L -515.0000, 172.0000, -46.0000,  -515.0000, 173.0000, -46.0000,  0, 0, 0
L -507.0000, 171.0000, -46.0000,  -515.0000, 172.0000, -46.0000,  0, 0, 0
L -503.0000, 172.0000, -46.0000,  -507.0000, 171.0000, -46.0000,  0, 0, 0
L -494.0000, 172.0000, -47.0000,  -503.0000, 172.0000, -46.0000,  0, 0, 0
L -493.0000, 165.0000, -47.0000,  -494.0000, 172.0000, -47.0000,  0, 0, 0
L -493.0000, 157.0000, -47.0000,  -493.0000, 165.0000, -47.0000,  0, 0, 0
L -487.0000, 151.0000, -51.0000,  -493.0000, 157.0000, -47.0000,  0, 0, 0
L -477.0000, 144.0000, -56.0000,  -487.0000, 151.0000, -51.0000,  0, 0, 0
L -473.0000, 140.0000, -58.0000,  -477.0000, 144.0000, -56.0000,  0, 0, 0
L -471.0000, 138.0000, -59.0000,  -473.0000, 140.0000, -58.0000,  0, 0, 0
L -466.0000, 133.0000, -61.0000,  -471.0000, 138.0000, -59.0000,  0, 0, 0
L -462.0000, 130.0000, -63.0000,  -466.0000, 133.0000, -61.0000,  0, 0, 0
L -451.0000, 124.0000, -62.0000,  -462.0000, 130.0000, -63.0000,  0, 0, 0
L -442.0000, 118.0000, -67.0000,  -451.0000, 124.0000, -62.0000,  0, 0, 0
L -435.0000, 112.0000, -73.0000,  -442.0000, 118.0000, -67.0000,  0, 0, 0
L -417.0000, 112.0000, -73.0000,  -435.0000, 112.0000, -73.0000,  0, 0, 0
L -404.0000, 113.0000, -72.0000,  -417.0000, 112.0000, -73.0000,  0, 0, 0
L -403.0000, 106.0000, -67.0000,  -404.0000, 113.0000, -72.0000,  0, 0, 0
L -404.0000, 104.0000, -64.0000,  -403.0000, 106.0000, -67.0000,  0, 0, 0
L -405.0000, 102.0000, -60.0000,  -404.0000, 104.0000, -64.0000,  0, 0, 0
L -405.0000, 101.0000, -60.0000,  -405.0000, 102.0000, -60.0000,  0, 0, 0
L -400.0000, 93.0000, -58.0000,  -405.0000, 101.0000, -60.0000,  0, 0, 0
L -393.0000, 90.0000, -67.0000,  -400.0000, 93.0000, -58.0000,  0, 0, 0
L -387.0000, 91.0000, -71.0000,  -393.0000, 90.0000, -67.0000,  0, 0, 0
L -387.0000, 104.0000, -71.0000,  -387.0000, 91.0000, -71.0000,  0, 0, 0
L -388.0000, 110.0000, -71.0000,  -387.0000, 104.0000, -71.0000,  0, 0, 0
L -381.0000, 112.0000, -73.0000,  -388.0000, 110.0000, -71.0000,  0, 0, 0
L -336.0000, 112.0000, -49.0000,  -381.0000, 112.0000, -73.0000,  0, 0, 0
L -338.0000, 117.0000, -48.0000,  -336.0000, 112.0000, -49.0000,  0, 0, 0
L -342.0000, 127.0000, -48.0000,  -338.0000, 117.0000, -48.0000,  0, 0, 0
L -343.0000, 132.0000, -48.0000,  -342.0000, 127.0000, -48.0000,  0, 0, 0
L -346.0000, 142.0000, -48.0000,  -343.0000, 132.0000, -48.0000,  0, 0, 0
L -347.0000, 143.0000, -48.0000,  -346.0000, 142.0000, -48.0000,  0, 0, 0
L -365.0000, 155.0000, -48.0000,  -347.0000, 143.0000, -48.0000,  0, 0, 0
L -365.0000, 164.0000, -47.0000,  -365.0000, 155.0000, -48.0000,  0, 0, 0
L -360.0000, 165.0000, -45.0000,  -365.0000, 164.0000, -47.0000,  0, 0, 0
L -342.0000, 175.0000, -46.0000,  -343.0000, 166.0000, -34.0000,  0, 0, 0
L -343.0000, 181.0000, -46.0000,  -342.0000, 175.0000, -46.0000,  0, 0, 0
L -344.0000, 186.0000, -46.0000,  -343.0000, 181.0000, -46.0000,  0, 0, 0
L -344.0000, 191.0000, -46.0000,  -344.0000, 186.0000, -46.0000,  0, 0, 0
L -337.0000, 192.0000, -46.0000,  -344.0000, 191.0000, -46.0000,  0, 0, 0
L -319.0000, 191.0000, -46.0000,  -337.0000, 192.0000, -46.0000,  0, 0, 0
L -312.0000, 193.0000, -45.0000,  -319.0000, 191.0000, -46.0000,  0, 0, 0
L -305.0000, 193.0000, -46.0000,  -312.0000, 193.0000, -45.0000,  0, 0, 0
L -305.0000, 183.0000, -44.0000,  -305.0000, 193.0000, -46.0000,  0, 0, 0
L -304.0000, 178.0000, -41.0000,  -305.0000, 183.0000, -44.0000,  0, 0, 0
L -303.0000, 172.0000, -37.0000,  -304.0000, 178.0000, -41.0000,  0, 0, 0
L -304.0000, 164.0000, -36.0000,  -303.0000, 172.0000, -37.0000,  0, 0, 0
L -304.0000, 146.0000, -41.0000,  -304.0000, 164.0000, -36.0000,  0, 0, 0
L -297.0000, 136.0000, -46.0000,  -304.0000, 146.0000, -41.0000,  0, 0, 0
L -278.0000, 137.0000, -43.0000,  -297.0000, 136.0000, -46.0000,  0, 0, 0
L -274.0000, 138.0000, -42.0000,  -278.0000, 137.0000, -43.0000,  0, 0, 0
L -273.0000, 138.0000, -43.0000,  -274.0000, 138.0000, -42.0000,  0, 0, 0
L -245.0000, 135.0000, -46.0000,  -273.0000, 138.0000, -43.0000,  0, 0, 0
L -206.0000, 135.0000, -46.0000,  -245.0000, 135.0000, -46.0000,  0, 0, 0
L -201.0000, 138.0000, -45.0000,  -206.0000, 135.0000, -46.0000,  0, 0, 0
L -188.0000, 139.0000, -46.0000,  -201.0000, 138.0000, -45.0000,  0, 0, 0
L -186.0000, 131.0000, -46.0000,  -188.0000, 139.0000, -46.0000,  0, 0, 0
L -178.0000, 130.0000, -43.0000,  -186.0000, 131.0000, -46.0000,  0, 0, 0
L -170.0000, 123.0000, -47.0000,  -178.0000, 130.0000, -43.0000,  0, 0, 0
L -167.0000, 120.0000, -46.0000,  -170.0000, 123.0000, -47.0000,  0, 0, 0
L -166.0000, 110.0000, -46.0000,  -167.0000, 120.0000, -46.0000,  0, 0, 0
L -151.0000, 110.0000, -46.0000,  -166.0000, 110.0000, -46.0000,  0, 0, 0
L -142.0000, 110.0000, -46.0000,  -151.0000, 110.0000, -46.0000,  0, 0, 0
L -141.0000, 105.0000, -45.0000,  -142.0000, 110.0000, -46.0000,  0, 0, 0
L -142.0000, 102.0000, -41.0000,  -141.0000, 105.0000, -45.0000,  0, 0, 0
L -142.0000, 83.0000, -36.0000,  -142.0000, 102.0000, -41.0000,  0, 0, 0
L -141.0000, 78.0000, -34.0000,  -142.0000, 83.0000, -36.0000,  0, 0, 0
L -142.0000, 70.0000, -33.0000,  -141.0000, 78.0000, -34.0000,  0, 0, 0
L -142.0000, 55.0000, -27.0000,  -142.0000, 70.0000, -33.0000,  0, 0, 0
L -141.0000, 48.0000, -25.0000,  -142.0000, 55.0000, -27.0000,  0, 0, 0
L -141.0000, 44.0000, -24.0000,  -141.0000, 48.0000, -25.0000,  0, 0, 0
L -142.0000, 35.0000, -25.0000,  -141.0000, 44.0000, -24.0000,  0, 0, 0
L -142.0000, 26.0000, -25.0000,  -142.0000, 35.0000, -25.0000,  0, 0, 0
L -141.0000, 26.0000, -25.0000,  -142.0000, 26.0000, -25.0000,  0, 0, 0
L -140.0000, 20.0000, -24.0000,  -141.0000, 26.0000, -25.0000,  0, 0, 0
L -141.0000, 13.0000, -21.0000,  -140.0000, 20.0000, -24.0000,  0, 0, 0
L -143.0000, 7.0000, -22.0000,  -141.0000, 13.0000, -21.0000,  0, 0, 0
L -142.0000, -5.0000, -23.0000,  -143.0000, 7.0000, -22.0000,  0, 0, 0
L -136.0000, -6.0000, -25.0000,  -142.0000, -5.0000, -23.0000,  0, 0, 0
L -127.0000, -5.0000, -25.0000,  -136.0000, -6.0000, -25.0000,  0, 0, 0
L -121.0000, -5.0000, -25.0000,  -127.0000, -5.0000, -25.0000,  0, 0, 0
L -116.0000, -6.0000, -25.0000,  -121.0000, -5.0000, -25.0000,  0, 0, 0
L -116.0000, -13.0000, -23.0000,  -116.0000, -6.0000, -25.0000,  0, 0, 0
L -118.0000, -14.0000, -17.0000,  -116.0000, -13.0000, -23.0000,  0, 0, 0
L -122.0000, -14.0000, -11.0000,  -118.0000, -14.0000, -17.0000,  0, 0, 0
L -123.0000, -13.0000, -7.0000,  -122.0000, -14.0000, -11.0000,  0, 0, 0
L -138.0000, -15.0000, 1.0000,  -123.0000, -13.0000, -7.0000,  0, 0, 0
L -146.0000, -20.0000, 3.0000,  -138.0000, -15.0000, 1.0000,  0, 0, 0
L -149.0000, -22.0000, 3.0000,  -146.0000, -20.0000, 3.0000,  0, 0, 0
L -153.0000, -25.0000, 2.0000,  -149.0000, -22.0000, 3.0000,  0, 0, 0
L -162.0000, -36.5000, 0.5000,  -153.0000, -25.0000, 2.0000,  0, 0, 0
L -162.0000, -38.0000, 0.0000,  -162.0000, -36.5000, 0.5000,  0, 0, 0
L -161.0000, -53.0000, 0.0000,  -161.0000, -51.0000, 1.0000,  0, 0, 0
L -170.0000, -55.0000, 0.0000,  -163.0000, -55.0000, 1.0000,  0, 0, 0
L -171.0000, -27.0000, 1.0000,  -169.0000, -42.0000, 1.0000,  0, 0, 0
L -177.0000, -27.0000, 0.0000,  -171.0000, -27.0000, 1.0000,  0, 0, 0
L -188.0000, -29.0000, 0.0000,  -184.0000, -29.0000, 1.0000,  0, 0, 0
L -211.0000, -26.0000, 3.0000,  -191.0000, -27.0000, 1.0000,  0, 0, 0
L -192.0000, -43.0000, 0.0000,  -195.0000, -44.0000, 1.0000,  0, 0, 0
L -183.0000, -49.0000, 1.0000,  -184.0000, -43.0000, 1.0000,  0, 0, 0
L -185.0000, -50.0000, 1.0000,  -183.0000, -49.0000, 1.0000,  0, 0, 0
L -185.0000, -67.0000, 10.0000,  -185.0000, -50.0000, 1.0000,  0, 0, 0
L -184.0000, -69.0000, 11.0000,  -185.0000, -67.0000, 10.0000,  0, 0, 0
L -175.0000, -71.0000, 0.0000,  -184.0000, -69.0000, 11.0000,  0, 0, 0
L -172.0000, -71.0000, 1.0000,  -175.0000, -71.0000, 0.0000,  0, 0, 0
L -169.0000, -70.0000, 1.0000,  -172.0000, -71.0000, 1.0000,  0, 0, 0
L -163.0000, -70.0000, 1.0000,  -169.0000, -70.0000, 1.0000,  0, 0, 0
L -162.0000, -71.0000, 1.0000,  -163.0000, -70.0000, 1.0000,  0, 0, 0
L -161.0000, -76.0000, 3.0000,  -162.0000, -71.0000, 1.0000,  0, 0, 0
L -134.0000, -77.0000, 1.0000,  -161.0000, -76.0000, 3.0000,  0, 0, 0
L -126.0000, -79.0000, -8.0000,  -134.0000, -77.0000, 1.0000,  0, 0, 0
L -108.0000, -81.0000, -26.0000,  -126.0000, -79.0000, -8.0000,  0, 0, 0
L -98.0000, -81.0000, -16.0000,  -108.0000, -81.0000, -26.0000,  0, 0, 0
L -93.0000, -79.0000, -10.0000,  -98.0000, -81.0000, -16.0000,  0, 0, 0
L -79.0000, -78.0000, 0.0000,  -93.0000, -79.0000, -10.0000,  0, 0, 0
L -72.0000, -74.0000, 2.0000,  -79.0000, -78.0000, 0.0000,  0, 0, 0
L -62.0000, -64.0000, 3.0000,  -72.0000, -74.0000, 2.0000,  0, 0, 0
L -60.0000, -63.0000, 3.0000,  -62.0000, -64.0000, 3.0000,  0, 0, 0
L -54.0000, -57.0000, 3.0000,  -60.0000, -63.0000, 3.0000,  0, 0, 0
L -54.0000, -47.0000, 3.0000,  -54.0000, -57.0000, 3.0000,  0, 0, 0
L -57.0000, -40.0000, 0.0000,  -54.0000, -47.0000, 3.0000,  0, 0, 0
L -58.0000, -36.0000, 1.0000,  -57.0000, -40.0000, 0.0000,  0, 0, 0
L -54.0000, -34.0000, 1.0000,  -58.0000, -36.0000, 1.0000,  0, 0, 0
L -47.0000, -35.0000, 1.0000,  -54.0000, -34.0000, 1.0000,  0, 0, 0
L -34.0000, -35.0000, 10.0000,  -47.0000, -35.0000, 1.0000,  0, 0, 0
L -33.0000, -34.0000, 10.0000,  -34.0000, -35.0000, 10.0000,  0, 0, 0
L -33.0000, -26.0000, 0.0000,  -33.0000, -34.0000, 10.0000,  0, 0, 0
L -27.0000, -6.0000, 5.0000,  -35.0000, -6.0000, 1.0000,  0, 0, 0
L -18.0000, -6.0000, 3.0000,  -27.0000, -6.0000, 5.0000,  0, 0, 0
L 0.0000, -7.0000, 1.0000,  -18.0000, -6.0000, 3.0000,  0, 0, 0
L 9.0000, -9.0000, 0.0000,  0.0000, -7.0000, 1.0000,  0, 0, 0
L 21.0000, -10.0000, -1.0000,  9.0000, -9.0000, 0.0000,  0, 0, 0
L 21.0000, -17.0000, -1.0000,  21.0000, -10.0000, -1.0000,  0, 0, 0
L 43.0000, -32.0000, -11.0000,  21.0000, -17.0000, -1.0000,  0, 0, 0
L 49.0000, -29.0000, -11.0000,  43.0000, -32.0000, -11.0000,  0, 0, 0
L 54.0000, -29.0000, -16.0000,  49.0000, -29.0000, -11.0000,  0, 0, 0
L 57.0000, -29.0000, -16.0000,  54.0000, -29.0000, -16.0000,  0, 0, 0
L 63.0000, -35.0000, -15.0000,  57.0000, -29.0000, -16.0000,  0, 0, 0
L 64.0000, -38.0000, -15.0000,  63.0000, -35.0000, -15.0000,  0, 0, 0
L 62.0000, -50.0000, -13.0000,  64.0000, -38.0000, -15.0000,  0, 0, 0
L 61.0000, -51.0000, -13.0000,  62.0000, -50.0000, -13.0000,  0, 0, 0
L 73.0000, -73.0000, 8.0000,  61.0000, -51.0000, -13.0000,  0, 0, 0
L 76.0000, -76.0000, 8.0000,  73.0000, -73.0000, 8.0000,  0, 0, 0
L 85.0000, -78.0000, 7.0000,  76.0000, -76.0000, 8.0000,  0, 0, 0
L 88.0000, -78.0000, 5.0000,  85.0000, -78.0000, 7.0000,  0, 0, 0
L 115.0000, -76.0000, -3.0000,  88.0000, -78.0000, 5.0000,  0, 0, 0
L 126.0000, -61.0000, -9.0000,  115.0000, -76.0000, -3.0000,  0, 0, 0
L 129.0000, -56.0000, -11.0000,  126.0000, -61.0000, -9.0000,  0, 0, 0
L 131.0000, -51.0000, -12.0000,  129.0000, -56.0000, -11.0000,  0, 0, 0
L 139.0000, -45.0000, -8.0000,  131.0000, -51.0000, -12.0000,  0, 0, 0
L 164.0000, -28.0000, -4.0000,  139.0000, -45.0000, -8.0000,  0, 0, 0
L 165.0000, -21.0000, -4.0000,  164.0000, -28.0000, -4.0000,  0, 0, 0
L 171.0000, -17.0000, -1.0000,  165.0000, -21.0000, -4.0000,  0, 0, 0
L 172.0000, -17.0000, -1.0000,  171.0000, -17.0000, -1.0000,  0, 0, 0
L 174.0000, 6.0000, -2.0000,  172.0000, -17.0000, -1.0000,  0, 0, 0
L 171.0000, 9.0000, -3.0000,  174.0000, 6.0000, -2.0000,  0, 0, 0
L 170.0000, 10.0000, -3.0000,  171.0000, 9.0000, -3.0000,  0, 0, 0
L 167.0000, 15.0000, -4.0000,  170.0000, 10.0000, -3.0000,  0, 0, 0
L 164.0000, 21.0000, -6.0000,  167.0000, 15.0000, -4.0000,  0, 0, 0
L 140.0000, 40.0000, -12.0000,  148.0000, 34.0000, -13.0000,  0, 0, 0
L 133.0000, 52.0000, -10.0000,  140.0000, 40.0000, -12.0000,  0, 0, 0
L 122.0000, 69.0000, -3.0000,  133.0000, 52.0000, -10.0000,  0, 0, 0
L 120.0000, 69.0000, -3.0000,  122.0000, 69.0000, -3.0000,  0, 0, 0
L 114.0000, 72.0000, 0.0000,  120.0000, 69.0000, -3.0000,  0, 0, 0
L 109.0000, 76.0000, 0.0000,  114.0000, 72.0000, 0.0000,  0, 0, 0
L 109.0000, 90.0000, 0.0000,  109.0000, 76.0000, 0.0000,  0, 0, 0
L 108.0000, 101.0000, 1.0000,  109.0000, 90.0000, 0.0000,  0, 0, 0
L 108.0000, 126.0000, 0.0000,  108.0000, 101.0000, 1.0000,  0, 0, 0
L 135.0000, 127.0000, 1.0000,  108.0000, 126.0000, 0.0000,  0, 0, 0
L 135.0000, 141.0000, 0.0000,  135.0000, 127.0000, 1.0000,  0, 0, 0
L 134.0000, 148.0000, 0.0000,  134.0000, 143.0000, 1.0000,  0, 0, 0
L 135.0000, 150.0000, -1.0000,  134.0000, 148.0000, 0.0000,  0, 0, 0
L 138.0000, 151.0000, -1.0000,  135.0000, 150.0000, -1.0000,  0, 0, 0
L 167.0000, 150.0000, 0.0000,  138.0000, 151.0000, -1.0000,  0, 0, 0
L 171.0000, 158.0000, 1.0000,  167.0000, 150.0000, 0.0000,  0, 0, 0
L 180.0000, 186.0000, 4.0000,  171.0000, 158.0000, 1.0000,  0, 0, 0
L 183.0000, 195.0000, 5.0000,  180.0000, 186.0000, 4.0000,  0, 0, 0
L 173.0000, 196.0000, 1.0000,  183.0000, 195.0000, 5.0000,  0, 0, 0
L 173.0000, 203.0000, 1.0000,  173.0000, 196.0000, 1.0000,  0, 0, 0
L 184.0000, 205.0000, 3.0000,  173.0000, 203.0000, 1.0000,  0, 0, 0
L 185.0000, 207.0000, 3.0000,  184.0000, 205.0000, 3.0000,  0, 0, 0
L 189.0000, 214.0000, 2.0000,  185.0000, 207.0000, 3.0000,  0, 0, 0
L 193.0000, 224.0000, 0.0000,  189.0000, 214.0000, 2.0000,  0, 0, 0
L 199.0000, 244.0000, 1.0000,  193.0000, 224.0000, 0.0000,  0, 0, 0
L 199.0000, 261.0000, 0.0000,  199.0000, 244.0000, 1.0000,  0, 0, 0
L 174.0000, 261.0000, 1.0000,  199.0000, 261.0000, 0.0000,  0, 0, 0
L 175.0000, 268.0000, 0.0000,  174.0000, 261.0000, 1.0000,  0, 0, 0
L 202.0000, 268.0000, 1.0000,  175.0000, 268.0000, 0.0000,  0, 0, 0
L 202.0000, 309.0000, 2.0000,  202.0000, 268.0000, 1.0000,  0, 0, 0
L 201.0000, 317.0000, 0.0000,  202.0000, 309.0000, 2.0000,  0, 0, 0
L 203.0000, 324.0000, 0.0000,  201.0000, 317.0000, 0.0000,  0, 0, 0
L 196.0000, 326.0000, 0.0000,  203.0000, 324.0000, 0.0000,  0, 0, 0
L 200.0000, 333.0000, 0.0000,  196.0000, 326.0000, 0.0000,  0, 0, 0
L 204.0000, 337.0000, -1.0000,  200.0000, 333.0000, 0.0000,  0, 0, 0
L 211.0000, 337.0000, -1.0000,  204.0000, 337.0000, -1.0000,  0, 0, 0
L 235.0000, 367.0000, -14.0000,  211.0000, 337.0000, -1.0000,  0, 0, 0
L 259.0000, 385.0000, -5.0000,  235.0000, 367.0000, -14.0000,  0, 0, 0
L 262.0000, 387.0000, 0.0000,  259.0000, 385.0000, -5.0000,  0, 0, 0
L 264.0000, 391.0000, 1.0000,  262.0000, 387.0000, 0.0000,  0, 0, 0
L 266.0000, 396.0000, 1.0000,  264.0000, 391.0000, 1.0000,  0, 0, 0
L 268.0000, 399.0000, 1.0000,  266.0000, 396.0000, 1.0000,  0, 0, 0
L 270.0000, 401.0000, 0.0000,  268.0000, 399.0000, 1.0000,  0, 0, 0
L 271.0000, 401.0000, 0.0000,  270.0000, 401.0000, 1.0000,  0, 0, 0
L 291.0000, 402.0000, 0.0000,  271.0000, 401.0000, 1.0000,  0, 0, 0
L 292.0000, 407.0000, 0.0000,  291.0000, 402.0000, 0.0000,  0, 0, 0
L 293.0000, 407.0000, 1.0000,  292.0000, 407.0000, 1.0000,  0, 0, 0
L 301.0000, 404.0000, 2.0000,  293.0000, 407.0000, 1.0000,  0, 0, 0
L 304.0000, 404.0000, 5.0000,  301.0000, 404.0000, 2.0000,  0, 0, 0
L 307.0000, 404.0000, 6.0000,  304.0000, 404.0000, 5.0000,  0, 0, 0
L 315.0000, 405.0000, 8.0000,  307.0000, 404.0000, 6.0000,  0, 0, 0
L 318.0000, 405.0000, 9.0000,  315.0000, 405.0000, 8.0000,  0, 0, 0
L 326.0000, 406.0000, 12.0000,  318.0000, 405.0000, 9.0000,  0, 0, 0
L 331.0000, 404.0000, 14.0000,  326.0000, 406.0000, 12.0000,  0, 0, 0
L 340.0000, 404.0000, 17.0000,  331.0000, 404.0000, 14.0000,  0, 0, 0
L 344.0000, 404.0000, 19.0000,  340.0000, 404.0000, 17.0000,  0, 0, 0
L 347.0000, 405.0000, 20.0000,  344.0000, 404.0000, 19.0000,  0, 0, 0
L 350.0000, 405.0000, 21.0000,  347.0000, 405.0000, 20.0000,  0, 0, 0
L 362.0000, 403.0000, 21.0000,  350.0000, 405.0000, 21.0000,  0, 0, 0
L 372.0000, 403.0000, 24.0000,  362.0000, 403.0000, 21.0000,  0, 0, 0
L 379.0000, 404.0000, 22.0000,  372.0000, 403.0000, 24.0000,  0, 0, 0
L 389.0000, 405.0000, 22.0000,  379.0000, 404.0000, 22.0000,  0, 0, 0
L 392.0000, 404.0000, 21.0000,  389.0000, 405.0000, 22.0000,  0, 0, 0
L 392.0000, 397.0000, 21.0000,  392.0000, 404.0000, 21.0000,  0, 0, 0
L 392.0000, 392.0000, 21.0000,  392.0000, 397.0000, 21.0000,  0, 0, 0
L 400.0000, 392.0000, 21.0000,  392.0000, 392.0000, 21.0000,  0, 0, 0
L 408.0000, 390.0000, 21.0000,  400.0000, 392.0000, 21.0000,  0, 0, 0
L 406.0000, 384.0000, 21.0000,  408.0000, 390.0000, 21.0000,  0, 0, 0
L 401.0000, 385.0000, 21.0000,  406.0000, 384.0000, 21.0000,  0, 0, 0
L 386.0000, 385.0000, 22.0000,  401.0000, 385.0000, 21.0000,  0, 0, 0
L 380.0000, 382.0000, 21.0000,  386.0000, 385.0000, 22.0000,  0, 0, 0
L 378.0000, 377.0000, 21.0000,  380.0000, 382.0000, 21.0000,  0, 0, 0
L 377.0000, 373.0000, 25.0000,  378.0000, 377.0000, 21.0000,  0, 0, 0
L 474.0000, 475.0000, 24.0000,  474.0000, 482.0000, 24.0000,  0, 0, 0
L 474.0000, 482.0000, 24.0000,  449.0000, 481.0000, 24.0000,  0, 0, 0
L 449.0000, 481.0000, 24.0000,  447.0000, 536.0000, 24.0000,  0, 0, 0
L 447.0000, 848.0000, -44.0000,  368.0000, 850.0000, -42.0000,  0, 0, 0
L 368.0000, 850.0000, -42.0000,  367.0000, 875.0000, -44.0000,  0, 0, 0
L 367.0000, 875.0000, -44.0000,  360.0000, 876.0000, -45.0000,  0, 0, 0
L 360.0000, 876.0000, -45.0000,  361.0000, 858.0000, -44.0000,  0, 0, 0
L 361.0000, 858.0000, -44.0000,  261.0000, 855.0000, -41.0000,  0, 0, 0
L 261.0000, 855.0000, -41.0000,  257.0000, 892.0000, -44.0000,  0, 0, 0
L 257.0000, 892.0000, -44.0000,  252.0000, 893.0000, -44.0000,  0, 0, 0
L 252.0000, 893.0000, -44.0000,  252.0000, 885.0000, -44.0000,  0, 0, 0
L 252.0000, 885.0000, -44.0000,  217.0000, 885.0000, -40.0000,  0, 0, 0
L 217.0000, 885.0000, -40.0000,  217.0000, 923.0000, -40.0000,  0, 0, 0
L 217.0000, 923.0000, -40.0000,  221.0000, 928.0000, -42.0000,  0, 0, 0
L 221.0000, 928.0000, -42.0000,  252.0000, 928.0000, -42.0000,  0, 0, 0
L 252.0000, 928.0000, -42.0000,  252.0000, 917.0000, -44.0000,  0, 0, 0
L 252.0000, 917.0000, -44.0000,  257.0000, 918.0000, -43.0000,  0, 0, 0
L 257.0000, 918.0000, -43.0000,  257.0000, 925.0000, -44.0000,  0, 0, 0
L 257.0000, 925.0000, -44.0000,  314.0000, 927.0000, -44.0000,  0, 0, 0
L 314.0000, 927.0000, -44.0000,  315.0000, 949.0000, -44.0000,  0, 0, 0
L 315.0000, 949.0000, -44.0000,  338.0000, 951.0000, -44.0000,  0, 0, 0
L 338.0000, 951.0000, -44.0000,  342.0000, 955.0000, -44.0000,  0, 0, 0
L 342.0000, 955.0000, -44.0000,  342.0000, 1024.0000, -44.0000,  0, 0, 0
L 342.0000, 1024.0000, -44.0000,  367.0000, 1025.0000, -44.0000,  0, 0, 0
L 367.0000, 1025.0000, -44.0000,  367.0000, 1032.0000, -44.0000,  0, 0, 0
L 367.0000, 1032.0000, -44.0000,  345.0000, 1031.0000, -44.0000,  0, 0, 0
L 345.0000, 1031.0000, -44.0000,  343.0000, 1061.0000, -44.0000,  0, 0, 0
L 343.0000, 1061.0000, -44.0000,  321.0000, 1063.0000, -30.0000,  0, 0, 0
L 321.0000, 1063.0000, -30.0000,  320.0000, 1076.0000, -25.0000,  0, 0, 0
L 320.0000, 1076.0000, -25.0000,  331.0000, 1084.0000, -28.0000,  0, 0, 0
L 345.0000, 1104.0000, -44.0000,  363.0000, 1104.0000, -44.0000,  0, 0, 0
L 363.0000, 1104.0000, -44.0000,  364.0000, 1111.0000, -45.0000,  0, 0, 0
L 364.0000, 1111.0000, -45.0000,  349.0000, 1111.0000, -45.0000,  0, 0, 0
L 349.0000, 1111.0000, -45.0000,  349.0000, 1149.0000, -42.0000,  0, 0, 0
L 349.0000, 1149.0000, -42.0000,  387.0000, 1149.0000, -43.0000,  0, 0, 0
L 387.0000, 1149.0000, -43.0000,  387.0000, 1101.0000, -44.0000,  0, 0, 0
L 387.0000, 1101.0000, -44.0000,  407.0000, 1101.0000, -42.6000,  0, 0, 0
L 446.0000, 1101.0000, -40.0000,  443.0000, 1031.0000, -44.0000,  0, 0, 0
L 443.0000, 1031.0000, -44.0000,  390.0000, 1032.0000, -44.0000,  0, 0, 0
L 390.0000, 1032.0000, -44.0000,  388.0000, 1025.0000, -44.0000,  0, 0, 0
L 388.0000, 1025.0000, -44.0000,  386.0000, 1008.0000, -44.0000,  0, 0, 0
L 386.0000, 1008.0000, -44.0000,  362.0000, 1010.0000, -44.0000,  0, 0, 0
L 362.0000, 1010.0000, -44.0000,  361.0000, 1004.0000, -44.0000,  0, 0, 0
L 361.0000, 1004.0000, -44.0000,  361.0000, 935.0000, -42.0000,  0, 0, 0
L 361.0000, 935.0000, -42.0000,  336.0000, 934.0000, -44.0000,  0, 0, 0
L 336.0000, 934.0000, -44.0000,  337.0000, 927.0000, -44.0000,  0, 0, 0
L 337.0000, 927.0000, -44.0000,  361.0000, 925.0000, -44.0000,  0, 0, 0
L 361.0000, 925.0000, -44.0000,  360.0000, 898.0000, -46.0000,  0, 0, 0
L 360.0000, 898.0000, -46.0000,  382.0000, 896.0000, -30.0000,  0, 0, 0
L 382.0000, 896.0000, -30.0000,  384.0000, 873.0000, -44.0000,  0, 0, 0
L 384.0000, 873.0000, -44.0000,  388.0000, 869.0000, -44.0000,  0, 0, 0
L 388.0000, 869.0000, -44.0000,  447.0000, 871.0000, -44.0000,  0, 0, 0
L 447.0000, 871.0000, -44.0000,  445.0000, 907.0000, -46.0000,  0, 0, 0
L 445.0000, 907.0000, -46.0000,  396.0000, 906.0000, -42.0000,  0, 0, 0
L 396.0000, 906.0000, -42.0000,  396.0000, 962.0000, -39.0000,  0, 0, 0
L 396.0000, 962.0000, -39.0000,  406.0000, 962.0000, -43.0000,  0, 0, 0
L 406.0000, 962.0000, -43.0000,  408.0000, 969.0000, -56.0000,  0, 0, 0
L 408.0000, 969.0000, -56.0000,  398.0000, 969.0000, -55.0000,  0, 0, 0
L 398.0000, 969.0000, -55.0000,  398.0000, 1022.0000, -56.0000,  0, 0, 0
L 398.0000, 1022.0000, -56.0000,  451.0000, 1022.0000, -51.0000,  0, 0, 0
L 451.0000, 1022.0000, -51.0000,  451.0000, 969.0000, -56.0000,  0, 0, 0
L 451.0000, 969.0000, -56.0000,  427.0000, 969.0000, -56.0000,  0, 0, 0
L 427.0000, 969.0000, -56.0000,  430.0000, 963.0000, -46.0000,  0, 0, 0
L 430.0000, 963.0000, -46.0000,  467.0000, 962.0000, -44.0000,  0, 0, 0
L 467.0000, 962.0000, -44.0000,  467.0000, 933.0000, -46.0000,  0, 0, 0
L 467.0000, 933.0000, -46.0000,  423.0000, 933.0000, -46.0000,  0, 0, 0
L 423.0000, 933.0000, -46.0000,  423.0000, 926.0000, -46.0000,  0, 0, 0
L 423.0000, 926.0000, -46.0000,  467.0000, 926.0000, -46.0000,  0, 0, 0
L 467.0000, 926.0000, -46.0000,  470.0000, 871.0000, -44.0000,  0, 0, 0
L 470.0000, 871.0000, -44.0000,  477.0000, 869.0000, -45.0000,  0, 0, 0
L 477.0000, 869.0000, -45.0000,  500.0000, 879.0000, -48.0000,  0, 0, 0
L 500.0000, 879.0000, -48.0000,  522.0000, 879.0000, -52.0000,  0, 0, 0
L 522.0000, 879.0000, -52.0000,  549.0000, 892.0000, -58.0000,  0, 0, 0
L 549.0000, 892.0000, -58.0000,  548.0000, 911.0000, -58.0000,  0, 0, 0
L 548.0000, 911.0000, -58.0000,  547.0000, 918.0000, -58.0000,  0, 0, 0
L 547.0000, 918.0000, -58.0000,  493.0000, 917.0000, -57.0000,  0, 0, 0
L 493.0000, 917.0000, -57.0000,  490.0000, 987.0000, -56.0000,  0, 0, 0
L 490.0000, 987.0000, -56.0000,  505.0000, 990.0000, -54.0000,  0, 0, 0
L 505.0000, 990.0000, -54.0000,  501.0000, 994.0000, -39.0000,  0, 0, 0
L 501.0000, 994.0000, -39.0000,  491.0000, 995.0000, -43.0000,  0, 0, 0
L 491.0000, 995.0000, -43.0000,  467.0000, 1003.0000, -24.0000,  0, 0, 0
L 467.0000, 1003.0000, -24.0000,  467.0000, 1014.0000, -43.0000,  0, 0, 0
L 467.0000, 1014.0000, -43.0000,  491.0000, 1018.0000, -42.0000,  0, 0, 0
L 491.0000, 1018.0000, -42.0000,  490.0000, 1026.0000, -43.0000,  0, 0, 0
L 490.0000, 1026.0000, -43.0000,  512.0000, 1027.0000, -43.0000,  0, 0, 0
L 512.0000, 1027.0000, -43.0000,  509.0000, 1033.0000, -44.0000,  0, 0, 0
L 509.0000, 1033.0000, -44.0000,  497.0000, 1033.0000, -44.0000,  0, 0, 0
L 497.0000, 1033.0000, -44.0000,  468.0000, 1034.0000, -43.0000,  0, 0, 0
L 468.0000, 1034.0000, -43.0000,  468.0000, 1101.0000, -42.0000,  0, 0, 0
L 468.0000, 1101.0000, -42.0000,  482.0000, 1104.0000, -40.0000,  0, 0, 0
L 482.0000, 1104.0000, -40.0000,  480.0000, 1108.0000, -29.0000,  0, 0, 0
L 480.0000, 1108.0000, -29.0000,  468.0000, 1109.0000, -25.0000,  0, 0, 0
L 468.0000, 1109.0000, -25.0000,  469.0000, 1114.0000, -28.0000,  0, 0, 0
L 469.0000, 1114.0000, -28.0000,  445.0000, 1114.0000, -28.0000,  0, 0, 0
L 445.0000, 1114.0000, -28.0000,  446.0000, 1109.0000, -25.0000,  0, 0, 0
L 446.0000, 1109.0000, -25.0000,  439.0000, 1107.9999, -26.0000,  0, 0, 0
L 439.0000, 1107.9999, -26.0000,  438.0000, 1104.0000, -39.0000,  0, 0, 0
L 438.0000, 1104.0000, -39.0000,  446.0000, 1101.0000, -40.0000,  0, 0, 0
L -206.0000, -45.0000, 5.0000,  -247.0000, -49.0000, 4.0000,  0, 0, 0
L -247.0000, -49.0000, 4.0000,  -246.0000, -75.0000, 4.0000,  0, 0, 0
L -246.0000, -75.0000, 4.0000,  -223.0000, -75.0000, 2.0000,  0, 0, 0
L -223.0000, -75.0000, 2.0000,  -223.0000, -99.0000, 2.0000,  0, 0, 0
L -223.0000, -99.0000, 2.0000,  -321.0000, -99.0000, 2.0000,  0, 0, 0
L -321.0000, -99.0000, 2.0000,  -322.0000, -24.0000, 3.0000,  0, 0, 0
L -322.0000, -24.0000, 3.0000,  -211.0000, -26.0000, 3.0000,  0, 0, 0
L 496.0000, 475.0000, 24.0000,  495.0000, 499.0000, 24.0000,  0, 0, 0
L 495.0000, 499.0000, 24.0000,  468.0000, 499.0000, 24.0000,  0, 0, 0
L 470.0000, 848.0000, -44.0000,  477.0000, 851.0000, -45.0000,  0, 0, 0
L 477.0000, 851.0000, -45.0000,  498.0000, 860.0000, -52.0000,  0, 0, 0
L 498.0000, 860.0000, -52.0000,  524.0000, 861.0000, -53.0000,  0, 0, 0
L 524.0000, 861.0000, -53.0000,  542.0000, 869.0000, -56.0000,  0, 0, 0
L 542.0000, 869.0000, -56.0000,  549.0000, 868.0000, -55.0000,  0, 0, 0
L 549.0000, 868.0000, -55.0000,  548.0000, 865.0000, -53.0000,  0, 0, 0
L 548.0000, 865.0000, -53.0000,  621.0000, 865.0000, -56.0000,  0, 0, 0
L 621.0000, 865.0000, -56.0000,  621.0000, 992.0000, -54.0000,  0, 0, 0
L 621.0000, 992.0000, -54.0000,  574.0000, 990.0000, -56.0000,  0, 0, 0
L 574.0000, 990.0000, -56.0000,  575.0000, 971.0000, -58.0000,  0, 0, 0
L 575.0000, 971.0000, -58.0000,  568.0000, 970.0000, -58.0000,  0, 0, 0
L 568.0000, 970.0000, -58.0000,  566.0000, 992.0000, -54.0000,  0, 0, 0
L 566.0000, 992.0000, -54.0000,  531.0000, 990.0000, -58.0000,  0, 0, 0
L 531.0000, 990.0000, -58.0000,  530.0000, 995.0000, -43.0000,  0, 0, 0
L 530.0000, 995.0000, -43.0000,  544.0000, 995.0000, -43.0000,  0, 0, 0
L 544.0000, 995.0000, -43.0000,  544.0000, 1026.0000, -41.0000,  0, 0, 0
L 544.0000, 1026.0000, -41.0000,  534.0000, 1026.0000, -43.0000,  0, 0, 0
L 534.0000, 1026.0000, -43.0000,  535.0000, 1033.0000, -44.0000,  0, 0, 0
L 535.0000, 1033.0000, -44.0000,  547.0000, 1031.0000, -40.0000,  0, 0, 0
L 547.0000, 1031.0000, -40.0000,  546.0000, 1062.0000, -44.0000,  0, 0, 0
L 546.0000, 1062.0000, -44.0000,  568.0000, 1063.0000, -30.0000,  0, 0, 0
L 568.0000, 1063.0000, -30.0000,  570.0000, 1076.0000, -25.0000,  0, 0, 0
L 570.0000, 1076.0000, -25.0000,  553.0000, 1086.0000, -31.0000,  0, 0, 0
L 553.0000, 1086.0000, -31.0000,  553.0000, 1083.0000, -36.0000,  0, 0, 0
L 553.0000, 1083.0000, -36.0000,  546.0000, 1084.0000, -44.0000,  0, 0, 0
L 546.0000, 1084.0000, -44.0000,  544.0000, 1106.0000, -44.0000,  0, 0, 0
L 544.0000, 1106.0000, -44.0000,  506.0000, 1104.0000, -41.0000,  0, 0, 0
L 506.0000, 1104.0000, -41.0000,  507.0000, 1109.0000, -29.0000,  0, 0, 0
L 507.0000, 1109.0000, -29.0000,  522.0000, 1109.0000, -29.0000,  0, 0, 0
L 522.0000, 1109.0000, -29.0000,  521.0000, 1140.0000, -27.0000,  0, 0, 0
L 521.0000, 1140.0000, -27.0000,  511.0000, 1138.0000, -27.0000,  0, 0, 0
L 511.0000, 1138.0000, -27.0000,  510.0000, 1147.0000, -30.0000,  0, 0, 0
L 510.0000, 1147.0000, -30.0000,  513.0000, 1147.0000, -30.0000,  0, 0, 0
L 513.0000, 1147.0000, -30.0000,  513.0000, 1185.0000, -27.0000,  0, 0, 0
L 513.0000, 1185.0000, -27.0000,  475.0000, 1185.0000, -20.0000,  0, 0, 0
L 475.0000, 1185.0000, -20.0000,  475.0000, 1147.0000, -30.0000,  0, 0, 0
L 475.0000, 1147.0000, -30.0000,  490.0000, 1147.0000, -30.0000,  0, 0, 0
L 490.0000, 1147.0000, -30.0000,  488.0000, 1140.0000, -29.0000,  0, 0, 0
L 488.0000, 1140.0000, -29.0000,  468.0000, 1140.0000, -27.0000,  0, 0, 0
L 468.0000, 1140.0000, -27.0000,  469.0000, 1137.0000, -29.0000,  0, 0, 0
L 469.0000, 1137.0000, -29.0000,  462.0000, 1137.0000, -27.0000,  0, 0, 0
L 462.0000, 1137.0000, -27.0000,  452.0000, 1137.0000, -26.0000,  0, 0, 0
L 452.0000, 1137.0000, -26.0000,  426.0000, 1140.0000, -29.0000,  0, 0, 0
L 426.0000, 1140.0000, -29.0000,  425.0000, 1147.0000, -30.0000,  0, 0, 0
L 425.0000, 1147.0000, -30.0000,  439.0000, 1147.0000, -29.0000,  0, 0, 0
L 439.0000, 1147.0000, -29.0000,  439.0000, 1185.0000, -27.0000,  0, 0, 0
L 439.0000, 1185.0000, -27.0000,  406.0000, 1185.0000, -28.0000,  0, 0, 0
L 406.0000, 1185.0000, -28.0000,  401.0000, 1181.0000, -30.0000,  0, 0, 0
L 401.0000, 1181.0000, -30.0000,  401.0000, 1147.0000, -30.0000,  0, 0, 0
L 401.0000, 1147.0000, -30.0000,  404.0000, 1147.0000, -30.0000,  0, 0, 0
L 404.0000, 1147.0000, -30.0000,  404.0000, 1140.0000, -29.0000,  0, 0, 0
L 404.0000, 1140.0000, -29.0000,  392.0000, 1140.0000, -29.0000,  0, 0, 0
L 392.0000, 1140.0000, -29.0000,  392.0000, 1109.0000, -29.0000,  0, 0, 0
L 392.0000, 1109.0000, -29.0000,  409.0000, 1108.9999, -29.0000,  0, 0, 0
L 544.0000, 230.0000, 64.0000,  545.0000, 153.0000, 77.0000,  0, 0, 0
L 545.0000, 153.0000, 77.0000,  553.0000, 153.0000, 73.0000,  0, 0, 0
L 553.0000, 153.0000, 73.0000,  553.0000, 90.0000, 84.0000,  0, 0, 0
L 553.0000, 90.0000, 84.0000,  460.0000, 90.0000, 76.0000,  0, 0, 0
L 460.0000, 90.0000, 76.0000,  460.0000, 107.0000, 77.0000,  0, 0, 0
L 460.0000, 107.0000, 77.0000,  436.0000, 106.0000, 93.0000,  0, 0, 0
L 436.0000, 106.0000, 93.0000,  432.0000, 77.0000, 87.0000,  0, 0, 0
L 432.0000, 77.0000, 87.0000,  431.0000, 17.0000, 55.0000,  0, 0, 0
L 431.0000, 17.0000, 55.0000,  500.0000, 19.0000, 56.0000,  0, 0, 0
L 500.0000, 19.0000, 56.0000,  522.0000, -7.0000, 56.0000,  0, 0, 0
L 522.0000, -7.0000, 56.0000,  522.0000, -59.0000, 52.0000,  0, 0, 0
L 522.0000, -59.0000, 52.0000,  500.0000, -86.0000, 56.0000,  0, 0, 0
L 500.0000, -86.0000, 56.0000,  431.0000, -86.0000, 55.0000,  0, 0, 0
L 431.0000, -86.0000, 55.0000,  430.0000, -119.0000, 59.0000,  0, 0, 0
L 430.0000, -119.0000, 59.0000,  398.0000, -119.0000, 55.0000,  0, 0, 0
L 398.0000, -119.0000, 55.0000,  397.0000, -189.0000, 55.0000,  0, 0, 0
L 397.0000, -189.0000, 55.0000,  370.0000, -211.0000, 56.0000,  0, 0, 0
L 370.0000, -211.0000, 56.0000,  320.0000, -211.0000, 58.0000,  0, 0, 0
L 320.0000, -211.0000, 58.0000,  291.0000, -189.0000, 56.0000,  0, 0, 0
L 291.0000, -189.0000, 56.0000,  291.0000, -175.0000, 52.0000,  0, 0, 0
L 291.0000, -175.0000, 52.0000,  274.0000, -173.0000, 46.0000,  0, 0, 0
L 274.0000, -173.0000, 46.0000,  244.0000, -205.0000, 52.0000,  0, 0, 0
L 222.0000, -205.0000, 47.0000,  275.0000, -151.0000, 49.0000,  0, 0, 0
L 275.0000, -151.0000, 49.0000,  291.0000, -148.0000, 52.0000,  0, 0, 0
L 291.0000, -148.0000, 52.0000,  291.0000, -105.0000, 58.0000,  0, 0, 0
L 291.0000, -105.0000, 58.0000,  415.0000, -105.0000, 55.0000,  0, 0, 0
L 415.0000, -105.0000, 55.0000,  411.0000, 105.0000, 93.0000,  0, 0, 0
L 411.0000, 105.0000, 93.0000,  412.0000, 112.0000, 93.0000,  0, 0, 0
L 412.0000, 112.0000, 93.0000,  424.0000, 129.0000, 93.0000,  0, 0, 0
L 424.0000, 129.0000, 93.0000,  442.0000, 128.0000, 90.0000,  0, 0, 0
L 442.0000, 128.0000, 90.0000,  460.0000, 130.0000, 77.0000,  0, 0, 0
L 460.0000, 130.0000, 77.0000,  460.0000, 153.0000, 74.0000,  0, 0, 0
L 460.0000, 153.0000, 74.0000,  520.0000, 153.0000, 77.0000,  0, 0, 0
L 520.0000, 153.0000, 77.0000,  521.0000, 210.0000, 65.0000,  0, 0, 0
L 505.0000, -23.0000, 23.0000,  570.0000, -24.0000, 29.0000,  0, 255, 0
L 570.0000, -24.0000, 29.0000,  570.0000, -191.0000, 14.0000,  0, 255, 0
L 570.0000, -191.0000, 14.0000,  583.0000, -193.0000, 3.0000,  0, 255, 0
L 583.0000, -193.0000, 3.0000,  597.0000, -203.0000, 6.0000,  0, 255, 0
L 597.0000, -203.0000, 6.0000,  596.0000, -209.0000, 6.0000,  0, 255, 0
L 596.0000, -209.0000, 6.0000,  624.0000, -211.0000, 6.0000,  0, 255, 0
L 624.0000, -211.0000, 6.0000,  624.0000, -205.0000, 6.0000,  0, 255, 0
L 624.0000, -205.0000, 6.0000,  607.0000, -205.0000, 6.0000,  0, 255, 0
L 607.0000, -205.0000, 6.0000,  607.0000, -177.0000, 7.0000,  0, 255, 0
L 607.0000, -177.0000, 7.0000,  644.0000, -177.0000, 8.0000,  0, 255, 0
L 644.0000, -177.0000, 8.0000,  644.0000, -262.0000, 9.0000,  0, 255, 0
L 644.0000, -262.0000, 9.0000,  607.0000, -262.0000, 6.0000,  0, 255, 0
L 607.0000, -262.0000, 6.0000,  607.0000, -235.0000, 6.0000,  0, 255, 0
L 607.0000, -235.0000, 6.0000,  624.0000, -235.0000, 6.0000,  0, 255, 0
L 624.0000, -235.0000, 6.0000,  624.0000, -229.0000, 6.0000,  0, 255, 0
L 624.0000, -229.0000, 6.0000,  596.0000, -230.0000, 6.0000,  0, 255, 0
L 596.0000, -230.0000, 6.0000,  597.0000, -238.0000, 6.0000,  0, 255, 0
L 597.0000, -238.0000, 6.0000,  581.0000, -252.0000, 5.0000,  0, 255, 0
L 581.0000, -252.0000, 5.0000,  570.0000, -253.0000, 14.0000,  0, 255, 0
L 570.0000, -253.0000, 14.0000,  570.0000, -315.0000, 14.0000,  0, 255, 0
L 570.0000, -315.0000, 14.0000,  485.0000, -315.0000, 14.0000,  0, 255, 0
L 485.0000, -315.0000, 14.0000,  482.0000, -318.0000, 14.0000,  0, 255, 0
L 482.0000, -318.0000, 14.0000,  482.0000, -324.0000, 17.0000,  0, 255, 0
L 482.0000, -324.0000, 17.0000,  464.0000, -325.0000, 18.0000,  0, 255, 0
L 464.0000, -325.0000, 18.0000,  462.0000, -316.0000, 14.0000,  0, 255, 0
L 462.0000, -316.0000, 14.0000,  354.0000, -317.0000, 14.0000,  0, 255, 0
L 354.0000, -317.0000, 14.0000,  353.0000, -364.0000, 18.0000,  0, 255, 0
L 353.0000, -364.0000, 18.0000,  335.0000, -365.0000, 24.0000,  0, 255, 0
L 335.0000, -365.0000, 24.0000,  333.0000, -316.0000, 14.0000,  0, 255, 0
L 333.0000, -316.0000, 14.0000,  288.0000, -315.0000, 28.0000,  0, 255, 0
L 288.0000, -315.0000, 28.0000,  224.0000, -315.0000, 30.0000,  0, 255, 0
L 224.0000, -315.0000, 30.0000,  222.0000, -205.0000, 47.0000,  0, 255, 0
L 244.0000, -205.0000, 52.0000,  244.0000, -296.0000, 30.0000,  0, 255, 0
L 244.0000, -296.0000, 30.0000,  390.0000, -297.0000, 14.0000,  0, 255, 0
L 390.0000, -297.0000, 14.0000,  388.0000, -291.0000, 3.0000,  0, 255, 0
L 388.0000, -291.0000, 3.0000,  363.0000, -291.0000, 3.0000,  0, 255, 0
L 363.0000, -291.0000, 3.0000,  363.0000, -271.0000, -5.0000,  0, 255, 0
L 363.0000, -271.0000, -5.0000,  428.0000, -271.0000, 1.0000,  0, 255, 0
L 428.0000, -271.0000, 1.0000,  429.0000, -236.0000, -6.0000,  0, 255, 0
L 429.0000, -236.0000, -6.0000,  424.0000, -234.0000, -6.0000,  0, 255, 0
L 424.0000, -234.0000, -6.0000,  424.0000, -265.0000, -6.0000,  0, 255, 0
L 424.0000, -265.0000, -6.0000,  402.0000, -265.0000, -6.0000,  0, 255, 0
L 402.0000, -265.0000, -6.0000,  402.0000, -253.0000, -6.0000,  0, 255, 0
L 402.0000, -253.0000, -6.0000,  395.0000, -252.0000, -7.0000,  0, 255, 0
L 395.0000, -252.0000, -7.0000,  395.0000, -260.0000, -8.0000,  0, 255, 0
L 395.0000, -260.0000, -8.0000,  368.0000, -260.0000, -8.0000,  0, 255, 0
L 368.0000, -260.0000, -8.0000,  368.0000, -222.0000, -8.0000,  0, 255, 0
L 368.0000, -222.0000, -8.0000,  395.0000, -222.0000, -7.0000,  0, 255, 0
L 395.0000, -222.0000, -7.0000,  395.0000, -227.0000, -8.0000,  0, 255, 0
L 395.0000, -227.0000, -8.0000,  402.0000, -226.0000, -6.0000,  0, 255, 0
L 402.0000, -226.0000, -6.0000,  402.0000, -176.0000, -3.0000,  0, 255, 0
L 402.0000, -176.0000, -3.0000,  455.0000, -176.0000, -6.0000,  0, 255, 0
L 455.0000, -176.0000, -6.0000,  455.0000, -204.0000, -6.0000,  0, 255, 0
L 455.0000, -204.0000, -6.0000,  425.0000, -204.0000, -6.0000,  0, 255, 0
L 425.0000, -204.0000, -6.0000,  424.0000, -217.0000, -6.0000,  0, 255, 0
L 424.0000, -217.0000, -6.0000,  429.0000, -217.0000, -6.0000,  0, 255, 0
L 429.0000, -217.0000, -6.0000,  429.0000, -209.0000, -6.0000,  0, 255, 0
L 429.0000, -209.0000, -6.0000,  460.0000, -209.0000, -1.0000,  0, 255, 0
L 460.0000, -209.0000, -1.0000,  458.0000, -229.0000, -2.0000,  0, 255, 0
L 458.0000, -229.0000, -2.0000,  465.0000, -231.0000, 4.0000,  0, 255, 0
L 465.0000, -231.0000, 4.0000,  464.0000, -199.0000, 14.0000,  0, 255, 0
L 464.0000, -199.0000, 14.0000,  463.0000, -173.0000, 30.0000,  0, 255, 0
L 463.0000, -173.0000, 30.0000,  380.0000, -172.0000, 23.0000,  0, 255, 0
L 380.0000, -151.0000, 25.0000,  463.0000, -152.0000, 30.0000,  0, 255, 0
L 463.0000, -152.0000, 30.0000,  463.0000, -69.0000, 25.0000,  0, 255, 0
L 484.0000, -69.0000, 23.0000,  483.0000, -152.0000, 30.0000,  0, 255, 0
L 483.0000, -152.0000, 30.0000,  534.0000, -153.0000, 15.0000,  0, 255, 0
L 534.0000, -153.0000, 15.0000,  534.0000, -171.0000, 15.0000,  0, 255, 0
L 534.0000, -171.0000, 15.0000,  483.0000, -173.0000, 30.0000,  0, 255, 0
L 483.0000, -173.0000, 30.0000,  484.0000, -296.0000, 14.0000,  0, 255, 0
L 484.0000, -296.0000, 14.0000,  551.0000, -296.0000, 14.0000,  0, 255, 0
L 551.0000, -296.0000, 14.0000,  550.0000, -193.0000, 30.0000,  0, 255, 0
L 550.0000, -193.0000, 30.0000,  552.0000, -156.0000, 16.0000,  0, 255, 0
L 552.0000, -156.0000, 16.0000,  550.0000, -43.0000, 29.0000,  0, 255, 0
L 550.0000, -43.0000, 29.0000,  505.0000, -44.0000, 23.0000,  0, 255, 0
L 354.0000, -194.0000, 23.0000,  353.0000, -290.0000, 29.0000,  0, 255, 0
L 353.0000, -290.0000, 29.0000,  335.0000, -290.0000, 29.0000,  0, 255, 0
L 335.0000, -290.0000, 29.0000,  335.0000, -278.0000, 29.0000,  0, 255, 0
L 335.0000, -278.0000, 29.0000,  329.0000, -278.0000, 16.0000,  0, 255, 0
L 329.0000, -278.0000, 16.0000,  331.0000, -286.0000, 13.0000,  0, 255, 0
L 331.0000, -286.0000, 13.0000,  316.0000, -286.0000, 9.0000,  0, 255, 0
L 316.0000, -286.0000, 9.0000,  305.0000, -272.0000, 9.0000,  0, 255, 0
L 305.0000, -272.0000, 9.0000,  300.0000, -255.0000, 12.0000,  0, 255, 0
L 300.0000, -255.0000, 12.0000,  304.0000, -242.0000, 16.0000,  0, 255, 0
L 304.0000, -242.0000, 16.0000,  318.0000, -227.0000, 10.0000,  0, 255, 0
L 318.0000, -227.0000, 10.0000,  331.0000, -227.0000, 15.0000,  0, 255, 0
L 331.0000, -227.0000, 15.0000,  328.0000, -243.0000, 13.0000,  0, 255, 0
L 328.0000, -243.0000, 13.0000,  335.0000, -244.0000, 29.0000,  0, 255, 0
L 335.0000, -244.0000, 29.0000,  333.0000, -194.0000, 23.0000,  0, 255, 0
L 462.0000, 2.0000, 30.0000,  464.0000, 41.0000, 40.0000,  0, 255, 0
L 464.0000, 41.0000, 40.0000,  482.0000, 44.0000, 40.0000,  0, 255, 0
L 482.0000, 44.0000, 40.0000,  483.0000, 2.0000, 23.0000,  0, 255, 0
L 345.0000, 1104.0000, -44.0000,  331.0000, 1084.0000, -28.0000,  0, 0, 0
L 409.0000, 1108.9999, -29.0000,  407.0000, 1101.0000, -42.6000,  0, 0, 0
L 449.0000, 735.0000, 2.0000,  447.0000, 848.0000, -44.0000,  0, 0, 0
L 442.0000, 704.0000, 2.0000,  415.0000, 704.0000, 2.0000,  0, 0, 0
L 442.0000, 742.0000, 2.0000,  442.0000, 734.0000, 2.0000,  0, 0, 0
L 442.0000, 707.0000, 2.0000,  442.0000, 704.0000, 2.0000,  0, 0, 0
L 447.0000, 559.0000, 24.0000,  449.0000, 707.0000, 2.0000,  0, 0, 0
L 415.0000, 704.0000, 2.0000,  415.0000, 742.0000, 2.0000,  0, 0, 0
L 415.0000, 742.0000, 2.0000,  442.0000, 742.0000, 2.0000,  0, 0, 0
L 468.0000, 559.0000, 24.0000,  469.2000, 707.0000, 2.0000,  0, 0, 0
L 442.0000, 734.0000, 2.0000,  449.0000, 734.0000, 2.0000,  0, 0, 0
L 449.0000, 735.0000, 2.0000,  449.0000, 734.0000, 2.0000,  0, 0, 0
L 442.0000, 707.0000, 2.0000,  449.0000, 707.0000, 2.0000,  0, 0, 0
L 469.3000, 734.0000, 2.0000,  470.0000, 848.0000, -44.0000,  0, 0, 0
L 469.2000, 707.0000, 2.0000,  469.3000, 734.0000, 2.0000,  0, 0, 0
L 411.0000, 538.0000, 24.0000,  429.0000, 557.0000, 24.0000,  0, 0, 0
L 447.0000, 536.0000, 24.0000,  411.0000, 538.0000, 24.0000,  0, 0, 0
L 429.0000, 557.0000, 24.0000,  447.0000, 559.0000, 24.0000,  0, 0, 0
L 468.0000, 499.0000, 24.0000,  468.0000, 559.0000, 24.0000,  0, 0, 0
L 151.0000, 261.0000, 0.0000,  145.0000, 259.0000, 1.0000,  0, 0, 0
L 102.0000, 185.0000, 0.0000,  96.0000, 193.0000, 0.0000,  0, 0, 0
L 135.0000, 141.0000, 0.0000,  134.0000, 143.0000, 1.0000,  0, 0, 0
L -55.0000, -18.0000, 1.0000,  -52.0000, -20.0000, 0.0000,  0, 0, 0
L -35.0000, -6.0000, 1.0000,  -33.0000, -26.0000, 0.0000,  0, 0, 0
L -47.0000, 0.0000, 0.0000,  -45.0000, -18.0000, 1.0000,  0, 0, 0
L -47.0000, 0.0000, 0.0000,  -47.0000, 6.0000, 1.0000,  0, 0, 0
L -47.0000, 6.0000, 1.0000,  -46.0000, 7.0000, 1.0000,  0, 0, 0
L -206.0000, -45.0000, 5.0000,  -195.0000, -44.0000, 1.0000,  0, 0, 0
L -192.0000, -43.0000, 0.0000,  -184.0000, -43.0000, 1.0000,  0, 0, 0
L -191.0000, -27.0000, 1.0000,  -188.0000, -29.0000, 0.0000,  0, 0, 0
L -184.0000, -29.0000, 1.0000,  -177.0000, -27.0000, 0.0000,  0, 0, 0
L -171.0000, -45.0000, 1.0000,  -169.0000, -42.0000, 1.0000,  0, 0, 0
L -171.0000, -45.0000, 1.0000,  -170.0000, -55.0000, 0.0000,  0, 0, 0
L -163.0000, -55.0000, 1.0000,  -161.0000, -53.0000, 0.0000,  0, 0, 0
L -162.0000, -38.0000, 0.0000,  -161.0000, -51.0000, 1.0000,  0, 0, 0
L -305.0000, 372.0000, -69.0000,  -304.0000, 380.0000, -69.0000,  0, 0, 0
L -303.0000, 416.0000, -69.0000,  -307.0000, 429.0000, -68.0000,  0, 0, 0
L -307.0000, 429.0000, -68.0000,  -309.0000, 435.0000, -67.0000,  0, 0, 0
L -200.0000, 242.0000, -45.0000,  -199.0000, 251.0000, -46.0000,  0, 0, 0
L -200.0000, 218.0000, -44.0000,  -202.0000, 240.0000, -46.0000,  0, 0, 0
L -173.0000, 184.0000, -43.0000,  -158.0000, 183.0000, -45.0000,  0, 0, 0
L 134.0000, 205.0000, 1.0000,  150.0000, 204.0000, 4.0000,  0, 0, 0
L 164.0000, 21.0000, -6.0000,  148.0000, 34.0000, -13.0000,  0, 0, 0
L -100.0000, 124.0000, -40.0000,  -92.0000, 132.0000, -38.0000,  0, 0, 0
L -108.0000, 121.0000, -45.0000,  -113.0000, 111.0000, -46.0000,  0, 0, 0
L -127.0000, 107.0000, -45.0000,  -113.0000, 111.0000, -46.0000,  0, 0, 0
L -343.0000, 166.0000, -34.0000,  -360.0000, 165.0000, -45.0000,  0, 0, 0
L -480.6764, 211.0634, -56.9997,  -432.7190, 193.3964, -61.4803,  127, 64, 0
L -432.7190, 193.3964, -61.4803,  -430.2055, 200.3618, -63.3247,  127, 64, 0
L -430.2055, 200.3618, -63.3247,  -422.5753, 196.6521, -63.4814,  127, 64, 0
L -422.5753, 196.6521, -63.4814,  -423.8059, 192.5878, -62.4551,  127, 64, 0
L -423.8059, 192.5878, -62.4551,  -422.0239, 186.1238, -61.4787,  127, 64, 0
L -422.0239, 186.1238, -61.4787,  -378.8265, 211.0097, -58.5313,  127, 64, 0
L -379.4231, 199.8720, -57.7421,  -424.2141, 174.5489, -59.6288,  127, 64, 0
L -424.2141, 174.5489, -59.6288,  -413.6717, 139.5360, -59.7885,  127, 64, 0
L -413.6717, 139.5360, -59.7885,  -392.9337, 109.4900, -62.8167,  127, 64, 0
L -401.9801, 109.4003, -67.7782,  -422.4003, 140.2267, -63.4668,  127, 64, 0
L -422.4003, 140.2267, -63.4668,  -433.1233, 175.1492, -61.4832,  127, 64, 0
L -433.1233, 175.1492, -61.4832,  -432.3623, 183.1662, -61.4780,  127, 64, 0
L -432.3623, 183.1662, -61.4780,  -480.5889, 200.1449, -58.7240,  127, 64, 0
L -451.5311, 188.7328, -71.2304,  -452.9099, 175.2307, -70.5616,  0, 0, 240
L -452.9099, 175.2307, -70.5616,  -460.1215, 178.3223, -69.3761,  0, 0, 240
L -460.1215, 178.3223, -69.3761,  -461.4200, 155.3499, -71.8463,  0, 0, 240
L -461.4200, 155.3499, -71.8463,  -458.7289, 137.2337, -71.6132,  0, 0, 240
L -458.7289, 137.2337, -71.6132,  -444.4023, 141.4902, -70.4797,  0, 0, 240
L -444.4023, 141.4902, -70.4797,  -433.1907, 127.3020, -69.3722,  0, 0, 240
L -433.1907, 127.3020, -69.3722,  -434.1737, 119.1878, -68.4742,  0, 0, 240
L -434.1737, 119.1878, -68.4742,  -436.6927, 112.7072, -70.0943,  0, 0, 240
L -370.3328, 111.5750, -71.1464,  -381.7211, 119.7952, -68.3843,  0, 0, 240
L -381.7211, 119.7952, -68.3843,  -393.0138, 140.4134, -70.4156,  0, 0, 240
L -393.0138, 140.4134, -70.4156,  -380.5831, 144.3176, -70.3807,  0, 0, 240
L -380.5831, 144.3176, -70.3807,  -383.1558, 147.0203, -71.4175,  0, 0, 240
L -383.1558, 147.0203, -71.4175,  -396.1548, 156.4167, -70.9866,  0, 0, 240
L -396.1548, 156.4167, -70.9866,  -399.8123, 174.5103, -71.2552,  0, 0, 240
L -399.8123, 174.5103, -71.2552,  -406.1280, 175.9253, -70.9620,  0, 0, 240
L -406.1280, 175.9253, -70.9620,  -407.1678, 184.3708, -71.3390,  0, 0, 240
L -407.8181, 196.7968, -61.7510,  -408.6844, 203.8341, -65.6905,  0, 0, 240
L -408.6844, 203.8341, -65.6905,  -399.7464, 216.7803, -71.7398,  0, 0, 240
L -399.7464, 216.7803, -71.7398,  -397.0122, 226.5291, -71.2393,  0, 0, 240
L -397.0122, 226.5291, -71.2393,  -389.7440, 236.3239, -71.0732,  0, 0, 240
L -389.7440, 236.3239, -71.0732,  -384.3802, 243.5513, -70.1731,  0, 0, 240
L -384.3802, 243.5513, -70.1731,  -374.7437, 236.4060, -67.8966,  0, 0, 240
L -374.7437, 236.4060, -67.8966,  -372.0374, 256.5782, -71.3539,  0, 0, 240
L -439.8982, 256.4159, -70.9909,  -435.6391, 249.9612, -71.4124,  0, 0, 240
L -435.6391, 249.9612, -71.4124,  -439.1061, 239.0103, -70.6308,  0, 0, 240
L -439.1061, 239.0103, -70.6308,  -445.2225, 230.3785, -70.6308,  0, 0, 240
L -445.2225, 230.3785, -70.6308,  -457.6034, 219.2236, -70.6308,  0, 0, 240
L -457.6034, 219.2236, -70.6308,  -458.6146, 216.3923, -70.6308,  0, 0, 240
L -458.6146, 216.3923, -70.6308,  -451.6543, 206.8062, -69.2171,  0, 0, 240
L -451.6543, 206.8062, -69.2171,  -450.8407, 201.0802, -69.9231,  0, 0, 240
L -100.5673, -10.1612, -23.4699,  -100.0019, -37.9854, -16.7262,  240, 127, 0
L -100.0019, -37.9854, -16.7262,  -104.9795, -38.3328, -16.6488,  240, 127, 0
L -104.9795, -38.3328, -16.6488,  -107.8258, -10.4851, -19.2949,  240, 127, 0
L -107.8258, -10.4851, -19.2949,  -100.5673, -10.1612, -19.2949,  240, 127, 0
L -100.5744, 10.4257, -19.2949,  -98.5744, 8.4256, -19.5695,  0, 0, 0
L -98.5744, 8.4256, -19.5695,  -98.5746, -6.4251, -22.9738,  0, 0, 0
L -98.5746, -6.4251, -22.9738,  -100.5739, -8.9035, -23.4838,  0, 0, 0
L -100.5739, -8.9035, -23.4838,  -99.3584, -14.2620, -24.4678,  0, 0, 0
L -100.5736, 10.4264, -24.4607,  -127.0000, 10.4253, -24.4746,  0, 0, 0
L -81.9680, -79.4255, 1.5207,  -84.7705, -64.2638, 0.7987,  127, 127, 127
L -84.7705, -64.2638, 0.7987,  -134.9365, -68.2014, 1.5297,  127, 64, 0
L -134.9365, -68.2014, 1.5297,  -134.4529, -79.4254, 1.5119,  127, 127, 127
L -134.0208, -12.5749, 1.5283,  -133.4259, -55.7134, 1.3097,  127, 127, 127
L -133.4259, -55.7134, 1.3097,  -83.2289, -48.9217, 1.4208,  127, 64, 0
L -83.2289, -48.9217, 1.4208,  -82.2666, -12.5747, 1.5185,  127, 127, 127
L 569.4256, 912.4266, -59.4543,  608.5753, 912.4236, -59.2745,  0, 0, 0
L 608.5753, 912.4236, -59.2690,  608.5748, 949.4882, -58.9148,  0, 0, 0
L 608.5748, 949.4882, -58.9131,  569.4250, 950.6671, -56.2420,  0, 0, 0
L 569.4250, 950.6671, -56.2400,  569.4256, 912.4266, -56.2210,  0, 0, 0
L 514.5460, 980.2858, -61.9976,  514.2570, 991.8564, -47.0316,  240, 127, 0
L 514.2570, 991.8564, -47.0316,  517.8339, 991.9406, -47.0034,  240, 127, 0
L 517.8339, 991.9406, -47.0034,  518.1111, 980.3782, -61.9980,  240, 127, 0
L 518.1111, 980.3782, -61.9980,  514.5460, 980.2858, -61.9980,  240, 127, 0
L 514.6164, 992.2073, -46.9980,  502.1492, 992.5102, -42.9771,  127, 127, 127
L 518.6102, 992.0996, -46.9980,  530.8496, 991.7878, -41.9223,  127, 127, 127
L 495.6615, 1093.9631, -47.4421,  496.1211, 1106.4996, -32.9980,  240, 127, 0
L 496.1211, 1106.4996, -32.9980,  499.7087, 1106.3640, -32.9980,  240, 127, 0
L 499.7087, 1106.3640, -32.9980,  499.2453, 1093.8237, -47.9980,  240, 127, 0
L 495.6615, 1093.9631, -47.9980,  499.2453, 1093.8237, -47.9980,  240, 127, 0
L 495.4424, 1106.0449, -32.9980,  481.1355, 1105.7369, -29.1269,  127, 127, 127
L 499.2634, 1105.4924, -33.4101,  507.5680, 1106.4011, -26.9755,  127, 127, 127
L 507.5680, 1106.4011, -26.9755,  507.5680, 1106.4011, -26.9755,  127, 127, 127
L 418.8889, 1096.1522, -47.2322,  422.3650, 1094.5093, -47.9971,  240, 127, 0
L 422.3650, 1094.5093, -47.9971,  421.7712, 1106.4348, -32.9980,  240, 127, 0
L 421.7751, 1106.3575, -32.9980,  418.0457, 1106.5792, -32.9980,  240, 127, 0
L 418.0457, 1106.5792, -32.9980,  418.0457, 1106.5792, -32.9980,  240, 127, 0
L 418.0457, 1106.5792, -32.9980,  418.8889, 1096.1522, -47.9980,  240, 127, 0
L 418.6868, 1106.8367, -32.9980,  408.3150, 1106.2601, -32.9980,  127, 127, 127
L 421.7712, 1106.4348, -32.9980,  438.5520, 1106.2081, -32.5434,  127, 127, 127
