P 47.8167, 760.0240, -0.2148, 255, 0, 0, 3, to_Fortress_Mechantos_(click)
P 9.8705, 880.4279, -0.2914, 255, 0, 0, 2, Succor
P -2.0180, 298.2274, 601.7586, 128, 64, 0, 2, Zeka_Repairer_III
P -5.2452, 214.4195, 457.3188, 127, 64, 0, 2, Engineer_LXII_(Named,Roam)
P 53.8354, 160.4072, 457.3188, 127, 64, 0, 2, Technician_Masterwork_(Named)
P -12.3473, 301.4697, 621.3174, 127, 64, 0, 2, Shocktroop_Commander_XIX_(Named)
P -83.4552, 197.8339, 1.9369, 127, 64, 0, 2, Repair_Steamwork_XIV
P 1.3529, 274.8214, 602.9586, 240, 240, 240, 2, Breech_Room
P 9.9892, 257.4308, 464.1633, 240, 240, 240, 2, 3-Pipes_Room
P 63.2175, 222.7167, 350.2408, 240, 240, 240, 2, Secret_Room
P -89.3070, 254.5029, 1.3787, 240, 240, 240, 2, Meeting_Room
P -123.4545, 268.5853, -36.4065, 240, 240, 240, 2, Primary_Power_Plant
P -6.9663, 263.0489, 461.7422, 240, 240, 240, 2, Auxillary_Power_Plant
