P -120.0000, 66.0000, 7.0000,  255, 0, 0,  3,  to_Dranik's_Scar
P 1020.0000, -358.0000, -96.0000,  128, 64, 0,  2,  Overseer_Rowgar_(Named)
P 670.0000, -421.0000, -64.0000,  128, 64, 0,  2,  Trainer_Cyrum_(Named)
P 818.0000, 103.0000, -78.0000,  128, 64, 0,  2,  Toiler_Opian_(Named)
P 318.0000, 400.0000, -37.0000,  128, 64, 0,  2,  Guardsman_Quilm_(Named)
P 187.0000, -362.0000, -40.0000,  128, 64, 0,  2,  Loyal_Servant_(Named)
P 31.0000, 246.0000, -15.0000,  128, 64, 0,  2,  Inventor_Krang_(Named)
P 22.0000, 234.0000, -15.0000,  128, 64, 0,  2,  Revolter_Yernom_(Named)
P 1452.0000, -782.0000, 413.0000,  128, 64, 0,  2,  Taskmaster_Yarln_(Named)
P 1229.0000, -178.0000, 389.0000,  128, 64, 0,  2,  Girplan_Arcitect_(Named)
P 1546.0000, -105.0000, 264.0000,  128, 64, 0,  2,  Builder_Gorb_(Named)
P 1399.0000, 402.0000, 236.0000,  128, 64, 0,  2,  Foreman_Guppu_(Named)
P 1421.0000, -313.0000, 86.0000,  128, 64, 0,  2,  Varin_Deathclaw_(Named)
P 1756.0000, 324.0000, 66.0000,  128, 64, 0,  2,  Trainer_Dysarth_(Named)
P 1382.0000, -26.0000, -141.0000,  128, 64, 0,  2,  Retind_Oaln_(Named)
P 1449.8895, -200.7725, 670.3871,  0, 0, 240,  1,  GS:_Kuuan_Light
P 2043.5159, -579.1235, 416.8582,  0, 0, 0,  2,  Windrush
P 1338.3213, -81.9057, 568.8439,  0, 0, 0,  2,  Attendant_of_Light
