P 216.0000, 1950.0000, -53.0000,  255, 0, 0,  3,  to_Loping_Plains
P 216.0000, 1950.0000, -52.9486,  255, 0, 0,  2,  Succor
P -1743.3810, -2454.9561, 0.6843,  255, 255, 255,  2,  Statue:_Hand_Coming_Out_of_Water
P -1010.0000, 170.0000, 0.0000,  255, 255, 255,  2,  The_Crypts_of_Shade
P -1881.0000, 304.0000, 8.0000,  255, 255, 255,  2,  Kirathas_Village
P -965.0000, -1333.0000, 51.0000,  255, 255, 255,  2,  Paladins_of_Valour
P 330.0000, -1244.0000, 47.0000,  255, 255, 255,  2,  Blackwater_Fishermen
P -1189.3732, -766.5481, 9.1096,  255, 255, 255,  2,  Camp
P 173.1781, -826.3993, 33.1557,  255, 255, 255,  2,  Camp_Village
P 296.9600, -449.1620, 50.4485,  255, 255, 255,  2,  Camp
P 1040.0565, -864.6780, 55.9623,  255, 255, 255,  2,  Graveyard
P -357.8030, -407.8011, 63.6080,  255, 255, 255,  2,  Gnarled_Oak
P 1545.6895, 260.8693, -558.1836,  255, 255, 255,  2,  The_Decay
P -2064.7244, -1242.4681, 82.9136,  255, 255, 255,  2,  Borrower's_Roost
P -259.3985, -2781.6951, -2.6783,  255, 255, 255,  2,  Ship_of_the_Damned
P 664.9350, -1706.8870, 26.1218,  255, 255, 255,  2,  Port_of_the_Damned
P -796.5217, -1204.3833, 39.3969,  0, 128, 0,  2,  Hardrin_(General)
P -1483.3132, 62.4943, -2.2558,  0, 128, 0,  2,  Naene_Ebonlocke_(79_Spells)
P 586.5536, -970.7184, 62.3177,  0, 128, 0,  2,  Seyan_Ebonlocke_(80_Spells)
P 555.9753, -285.5784, 49.3760,  0, 128, 0,  2,  Lanika_Shadestepper_(General)
P -948.1830, -451.7690, 35.8268,  0, 128, 128,  2,  a_mysterious_stranger_(Quest)
P 296.8611, -1714.1232, 24.2903,  0, 128, 128,  2,  Jarvis_(Quest)
P -1017.6069, -1259.8317, 39.3788,  0, 128, 128,  2,  Sister_Daria_(Quest)
P -1821.1028, 335.5164, 8.7736,  0, 128, 128,  2,  Valthun_Woodswatcher_(Quest)
P 621.6379, -387.5638, 49.1366,  0, 128, 128,  2,  Nastel_Greygore_(Quest)
P -831.3458, -1353.1533, 39.8717,  0, 128, 128,  2,  Grom_(Quest)
P 575.5153, -331.5899, 49.1366,  0, 128, 128,  2,  Banty_Bourdizzle_(Quest)
P -1078.2283, -1317.8623, 42.8491,  0, 128, 128,  2,  Brother_Veras_(Quest)
P 571.4252, -440.1811, 49.1376,  0, 128, 128,  2,  Arreles_Bonescrounger_(Quest)
P 525.7247, -382.6169, 49.1366,  0, 240, 240,  2,  Reaver_Lebanezer_(Raid)
P 385.9923, -1330.1372, 33.1280,  0, 0, 0,  2,  Sister_Donna
P 248.1377, -32.5374, 8.4532,  0, 0, 0,  2,  Sheldon
P -946.0835, -1428.2075, 40.1053,  0, 0, 0,  2,  Shearon
P -1359.7960, -628.0880, 14.2552,  0, 0, 0,  2,  Paul
P -1864.9009, 542.4178, 1.2206,  0, 0, 0,  2,  Elder_Scout_Tuluria
P -521.7838, -64.5230, -29.5834,  0, 0, 0,  2,  Dabble_Splinewinder
P -1055.2098, 25.4387, -81.1509,  0, 0, 0,  2,  Cavalier_Devolah
P -655.0208, -2389.1614, 6.4564,  0, 0, 0,  2,  Castell_Cloudskate
P 83.3780, -1062.0522, 36.4449,  0, 0, 0,  2,  Stefani
P -323.6415, -626.1645, 77.4604,  0, 0, 0,  2,  Amber
P -2220.7524, 393.9310, 3.4821,  0, 0, 0,  2,  Aimilia
P -2133.5417, 80.5265, -0.8584,  0, 0, 0,  2,  Aramus_the_Elder
P -62.4215, -923.5305, 54.4515,  128, 64, 0,  2,  Scout_Leader_Aldin_(Named)
P -2008.5552, 284.1372, 1.3343,  128, 64, 0,  2,  Snowflower_(Named)
P -1962.9366, 358.0190, 3.1068,  0, 0, 0,  2,  Felwin
P -1890.8441, 699.2929, 4.5511,  0, 0, 0,  2,  Della
P -2111.7100, 667.4374, 4.0220,  0, 0, 0,  2,  Belreg
P -2188.1648, -1248.1025, 78.6939,  128, 64, 0,  2,  Ebontail_(Named)
P -1908.5039, -1424.8679, 82.3395,  128, 64, 0,  2,  Arak_Bladesoar_(Named)
P -1825.8505, 697.4247, 5.3552,  128, 64, 0,  2,  Lian_Swiftstalker_(Named)
P -2232.1047, 170.2249, 3.8060,  128, 64, 0,  2,  Loaris_(Named)
P 301.2350, -1430.5272, 37.0594,  0, 0, 0,  2,  Vester_Valance
P 612.4063, -1451.3245, 32.8052,  0, 0, 0,  2,  Fendel
P -757.7224, 541.1074, -71.0499,  128, 64, 0,  2,  Ancestral_Deathguard_(Named)
P 178.9863, -834.6577, 33.9305,  127, 64, 0,  2,  Silius_the_Gaffe_(Named)
P -1998.4757, -490.2797, 4.1135,  127, 64, 0,  2,  Scorn_(Avatar_of_Erollisi)_(Named)
P -1604.4172, -502.0636, 12.1246,  128, 64, 0,  2,  Thornheart_(Named)
P 329.3322, -1440.8975, 31.3157,  0, 0, 0,  2,  Captain_Jensen
P 636.1405, -431.2318, 49.1366,  0, 0, 0,  2,  Addle
P 322.9360, -1188.2445, 28.8861,  0, 0, 0,  2,  Old_Scheffer
P -1691.4601, -1084.3114, 86.9334,  128, 64, 0,  2,  The_Collector_(Named)
P -1423.0269, -528.9667, 19.6015,  128, 64, 0,  2,  Erollisi's_Spite_(Named)
P 189.8857, -859.9688, 34.7467,  127, 64, 0,  2,  Hester_Valence_(Named)
P -2000.0000, 300.0000, 0.0000,  0, 0, 0,  1,  Cart-2
P -2115.0000, -450.0000, 0.0000,  0, 0, 0,  1,  Cart-4
P -1700.0000, -1160.0000, 0.0000,  0, 0, 0,  1,  Cart-6
P -355.0000, -430.0000, 0.0000,  0, 0, 0,  1,  Cart-7
P -130.0000, -2715.0000, 0.0000,  0, 0, 0,  1,  Cart-9
P -1725.0000, -2375.0000, 0.0000,  0, 0, 0,  1,  Cart-10
P -1999.2809, -450.0341, 2.7062,  0, 0, 240,  1,  GS:_Gyrospire_Beza_Gyroscope_217'030'283
P 1471.4705, 280.9744, -647.0462,  0, 0, 0,  1,  Power_of_Decay_II
P 1430.3817, 828.3332, -646.9681,  0, 0, 0,  1,  Power_of_Decay_I
P -698.8835, 86.9725, -89.7378,  0, 0, 0,  2,  a_sorrowful_elf
P -515.3359, 224.2106, -110.3243,  0, 0, 0,  2,  a_weeping_elf
P -467.8204, 266.7646, -110.3243,  0, 0, 0,  2,  Bimbalicous_the_Soulbleeder
P -631.9008, 331.5690, -81.6799,  0, 0, 0,  2,  an_elderly_elf
P -757.0878, -2499.5913, 52.0098,  240, 240, 0,  2,  Altar
