L 1000.0, 0.0, 0.0, 1000.0, -50.0, 0.0, 255, 0, 0
L -20.0, 50.0, 0.0, -50.0, 20.0, 0.0, 255, 0, 0
L 50.0, 20.0, 0.0, 20.0, 50.0, 0.0, 255, 0, 0
L 20.0, -50.0, 0.0, 50.0, -20.0, 0.0, 255, 0, 0
L -50.0, -20.0, 0.0, -20.0, -50.0, 0.0, 255, 0, 0
L -50.0, 20.0, 0.0, -50.0, -20.0, 0.0, 255, 0, 0
L 20.0, 50.0, 0.0, -20.0, 50.0, 0.0, 255, 0, 0
L 50.0, -20.0, 0.0, 50.0, 20.0, 0.0, 255, 0, 0
L -20.0, -50.0, 0.0, 20.0, -50.0, 0.0, 255, 0, 0
L 580.0, -20.0, 0.0, 540.0, -20.0, 0.0, 255, 0, 0
L 580.0, -90.0, 0.0, 580.0, -20.0, 0.0, 255, 0, 0
L 540.0, -90.0, 0.0, 580.0, -90.0, 0.0, 255, 0, 0
L 540.0, -20.0, 0.0, 540.0, -90.0, 0.0, 255, 0, 0
L 520.0, -20.0, 0.0, 480.0, -20.0, 0.0, 255, 0, 0
L 520.0, -90.0, 0.0, 520.0, -20.0, 0.0, 255, 0, 0
L 480.0, -90.0, 0.0, 520.0, -90.0, 0.0, 255, 0, 0
L 480.0, -20.0, 0.0, 480.0, -90.0, 0.0, 255, 0, 0
L 460.0, -90.0, 0.0, 450.0, -80.0, 0.0, 255, 0, 0
L 460.0, -20.0, 0.0, 460.0, -90.0, 0.0, 255, 0, 0
L 0.0, -250.0, 0.0, 0.0, 250.0, 0.0, 255, 0, 0
L -250.0, 0.0, 0.0, 1000.0, 0.0, 0.0, 255, 0, 0
L -120.0, -80.0, 0.0, -120.0, -60.0, 0.0, 255, 0, 0
L -120.0, -60.0, 0.0, -120.0, -40.0, 0.0, 255, 0, 0
L -100.0, -60.0, 0.0, -120.0, -60.0, 0.0, 255, 0, 0
L -120.0, -60.0, 0.0, -140.0, -60.0, 0.0, 255, 0, 0
L -90.0, -50.0, 0.0, -100.0, -30.0, 0.0, 255, 0, 0
L -60.0, -80.0, 0.0, -60.0, -60.0, 0.0, 255, 0, 0
L -60.0, -60.0, 0.0, -60.0, -40.0, 0.0, 255, 0, 0
L -40.0, -60.0, 0.0, -60.0, -60.0, 0.0, 255, 0, 0
L -60.0, -60.0, 0.0, -80.0, -60.0, 0.0, 255, 0, 0
L 100.0, 60.0, 0.0, 120.0, 60.0, 0.0, 255, 0, 0
L 120.0, 60.0, 0.0, 140.0, 60.0, 0.0, 255, 0, 0
L 90.0, 70.0, 0.0, 80.0, 90.0, 0.0, 255, 0, 0
L 40.0, 60.0, 0.0, 60.0, 60.0, 0.0, 255, 0, 0
L 60.0, 60.0, 0.0, 80.0, 60.0, 0.0, 255, 0, 0
L -100.0, 60.0, 0.0, -120.0, 60.0, 0.0, 255, 0, 0
L -120.0, 60.0, 0.0, -140.0, 60.0, 0.0, 255, 0, 0
L -90.0, 70.0, 0.0, -100.0, 90.0, 0.0, 255, 0, 0
L -60.0, 80.0, 0.0, -60.0, 60.0, 0.0, 255, 0, 0
L -60.0, 60.0, 0.0, -60.0, 40.0, 0.0, 255, 0, 0
L -40.0, 60.0, 0.0, -60.0, 60.0, 0.0, 255, 0, 0
L -60.0, 60.0, 0.0, -80.0, 60.0, 0.0, 255, 0, 0
L 100.0, -60.0, 0.0, 120.0, -60.0, 0.0, 255, 0, 0
L 120.0, -60.0, 0.0, 140.0, -60.0, 0.0, 255, 0, 0
L 90.0, -50.0, 0.0, 80.0, -30.0, 0.0, 255, 0, 0
L 60.0, -80.0, 0.0, 60.0, -60.0, 0.0, 255, 0, 0
L 60.0, -60.0, 0.0, 60.0, -40.0, 0.0, 255, 0, 0
L 40.0, -60.0, 0.0, 60.0, -60.0, 0.0, 255, 0, 0
L 60.0, -60.0, 0.0, 80.0, -60.0, 0.0, 255, 0, 0
L 599.0, -90.0, 0.0, 637.3, -90.0, 0.0, 255, 0, 0
L 599.0, -20.0, 0.0, 637.3, -20.0, 0.0, 255, 0, 0
L 599.0, -90.0, 0.0, 599.0, -20.0, 0.0, 255, 0, 0
L 637.3, -90.0, 0.0, 637.3, -20.0, 0.0, 255, 0, 0
L 800, 2200, 0, 800, 2260, 0, 0, 0, 0
L 840, 2260, 0, 800, 2260, 0, 0, 0, 0
L 860, 2230, 0, 890, 2230, 0, 0, 0, 0
L 860, 2260, 0, 890, 2260, 0, 0, 0, 0
L 860, 2200, 0, 860, 2260, 0, 0, 0, 0
L 890, 2200, 0, 860, 2200, 0, 0, 0, 0
L 940, 2260, 0, 910, 2260, 0, 0, 0, 0
L 910, 2200, 0, 940, 2200, 0, 0, 0, 0
L 910, 2260, 0, 910, 2200, 0, 0, 0, 0
L 940, 2260, 0, 940, 2230, 0, 0, 0, 0
L 940, 2230, 0, 920, 2230, 0, 0, 0, 0
L 960, 2230, 0, 990, 2230, 0, 0, 0, 0
L 960, 2260, 0, 990, 2260, 0, 0, 0, 0
L 960, 2200, 0, 960, 2260, 0, 0, 0, 0
L 990, 2200, 0, 960, 2200, 0, 0, 0, 0
L 1040, 2260, 0, 1040, 2200, 0, 0, 0, 0
L 1010, 2200, 0, 1040, 2260, 0, 0, 0, 0
L 1010, 2260, 0, 1010, 2200, 0, 0, 0, 0
L 1070, 2260, 0, 1070, 2200, 0, 0, 0, 0
L 1080, 2260, 0, 1060, 2260, 0, 0, 0, 0
L 1090, 2230, 0, 1080, 2260, 0, 0, 0, 0
L 1080, 2200, 0, 1090, 2230, 0, 0, 0, 0
L 1060, 2200, 0, 1080, 2200, 0, 0, 0, 0
L 800, 2370, 0, 860, 2370, 0, 0, 0, 0
L 800, 2290, 0, 860, 2290, 0, 0, 0, 0
L 830, 2343, 0, 830, 2317, 0, 205, 133, 63
L 860, 2370, 0, 920, 2370, 0, 0, 0, 0
L 860, 2370, 0, 860, 2343, 0, 205, 133, 63
L 830, 2343, 0, 890, 2343, 0, 205, 133, 63
L 830, 2317, 0, 860, 2317, 0, 205, 133, 63
L 860, 2317, 0, 890, 2317, 0, 205, 133, 63
L 860, 2290, 0, 920, 2290, 0, 0, 0, 0
L 860, 2317, 0, 860, 2290, 0, 205, 133, 63
L 890, 2343, 0, 890, 2317, 0, 205, 133, 63
L 970, 2360, 0, 970, 2300, 0, 0, 0, 0
L 980, 2360, 0, 960, 2360, 0, 0, 0, 0
L 990, 2330, 0, 980, 2360, 0, 0, 0, 0
L 980, 2300, 0, 990, 2330, 0, 0, 0, 0
L 960, 2300, 0, 980, 2300, 0, 0, 0, 0
L 1010, 2300, 0, 1040, 2300, 0, 0, 0, 0
L 1010, 2360, 0, 1040, 2360, 0, 0, 0, 0
L 1010, 2300, 0, 1010, 2360, 0, 0, 0, 0
L 1040, 2300, 0, 1040, 2360, 0, 0, 0, 0
L 1060, 2300, 0, 1090, 2300, 0, 0, 0, 0
L 1060, 2360, 0, 1090, 2360, 0, 0, 0, 0
L 1060, 2300, 0, 1060, 2360, 0, 0, 0, 0
L 1090, 2300, 0, 1090, 2360, 0, 0, 0, 0
L 1110, 2300, 0, 1110, 2330, 0, 0, 0, 0
L 1110, 2330, 0, 1110, 2360, 0, 0, 0, 0
L 1110, 2330, 0, 1130, 2330, 0, 0, 0, 0
L 1150, 2330, 0, 1150, 2300, 0, 0, 0, 0
L 1110, 2300, 0, 1150, 2300, 0, 0, 0, 0
L 1130, 2330, 0, 1150, 2330, 0, 0, 0, 0
L 1150, 2360, 0, 1130, 2330, 0, 0, 0, 0
L 800, 2410, 0, 800, 2440, 0, 255, 210, 0
L 800, 2410, 0, 820, 2410, 0, 255, 210, 0
L 820, 2470, 0, 800, 2470, 0, 255, 210, 0
L 800, 2440, 0, 800, 2470, 0, 255, 210, 0
L 820, 2440, 0, 800, 2440, 0, 255, 210, 0
L 820, 2440, 0, 840, 2425, 0, 255, 210, 0
L 820, 2410, 0, 840, 2425, 0, 255, 210, 0
L 820, 2440, 0, 840, 2455, 0, 255, 210, 0
L 840, 2455, 0, 820, 2470, 0, 255, 210, 0
L 870, 2440, 0, 890, 2440, 0, 255, 210, 0
L 880, 2410, 0, 900, 2470, 0, 255, 210, 0
L 860, 2470, 0, 880, 2410, 0, 255, 210, 0
L 950, 2470, 0, 950, 2410, 0, 255, 210, 0
L 920, 2410, 0, 950, 2470, 0, 255, 210, 0
L 920, 2470, 0, 920, 2410, 0, 255, 210, 0
L 970, 2410, 0, 970, 2440, 0, 255, 210, 0
L 970, 2440, 0, 970, 2470, 0, 255, 210, 0
L 970, 2440, 0, 1010, 2470, 0, 255, 210, 0
L 970, 2440, 0, 1010, 2410, 0, 255, 210, 0
L 1030, 2440, 0, 1060, 2440, 0, 255, 210, 0
L 1030, 2470, 0, 1060, 2470, 0, 255, 210, 0
L 1030, 2410, 0, 1030, 2470, 0, 255, 210, 0
L 1060, 2410, 0, 1030, 2410, 0, 255, 210, 0
L 1080, 2410, 0, 1080, 2440, 0, 255, 210, 0
L 1080, 2440, 0, 1080, 2470, 0, 255, 210, 0
L 1080, 2440, 0, 1100, 2440, 0, 255, 210, 0
L 1120, 2440, 0, 1120, 2410, 0, 255, 210, 0
L 1080, 2410, 0, 1120, 2410, 0, 255, 210, 0
L 1100, 2440, 0, 1120, 2440, 0, 255, 210, 0
L 1120, 2470, 0, 1100, 2440, 0, 255, 210, 0
L 830, 2560, 0, 800, 2560, 0, 255, 255, 255
L 800, 2500, 0, 830, 2500, 0, 255, 255, 255
L 800, 2560, 0, 800, 2500, 0, 255, 255, 255
L 850, 2500, 0, 880, 2500, 0, 255, 255, 255
L 850, 2560, 0, 880, 2560, 0, 255, 255, 255
L 850, 2500, 0, 850, 2560, 0, 255, 255, 255
L 880, 2500, 0, 880, 2560, 0, 255, 255, 255
L 940, 2500, 0, 940, 2560, 0, 255, 255, 255
L 920, 2530, 0, 940, 2500, 0, 255, 255, 255
L 900, 2500, 0, 920, 2530, 0, 255, 255, 255
L 900, 2560, 0, 900, 2500, 0, 255, 255, 255
L 1000, 2500, 0, 1000, 2560, 0, 255, 255, 255
L 980, 2530, 0, 1000, 2500, 0, 255, 255, 255
L 960, 2500, 0, 980, 2530, 0, 255, 255, 255
L 960, 2560, 0, 960, 2500, 0, 255, 255, 255
L 1020, 2530, 0, 1050, 2530, 0, 255, 255, 255
L 1020, 2560, 0, 1050, 2560, 0, 255, 255, 255
L 1020, 2500, 0, 1020, 2560, 0, 255, 255, 255
L 1050, 2500, 0, 1020, 2500, 0, 255, 255, 255
L 1100, 2560, 0, 1100, 2500, 0, 255, 255, 255
L 1070, 2500, 0, 1100, 2560, 0, 255, 255, 255
L 1070, 2560, 0, 1070, 2500, 0, 255, 255, 255
L 1140, 2500, 0, 1140, 2560, 0, 255, 255, 255
L 1120, 2500, 0, 1160, 2500, 0, 255, 255, 255
L 830, 2650, 0, 800, 2650, 0, 0, 0, 0
L 800, 2590, 0, 830, 2590, 0, 0, 0, 0
L 800, 2650, 0, 800, 2590, 0, 0, 0, 0
L 830, 2650, 0, 830, 2620, 0, 0, 0, 0
L 830, 2620, 0, 810, 2620, 0, 0, 0, 0
L 850, 2620, 0, 880, 2620, 0, 0, 0, 0
L 850, 2650, 0, 880, 2650, 0, 0, 0, 0
L 850, 2590, 0, 850, 2650, 0, 0, 0, 0
L 880, 2590, 0, 850, 2590, 0, 0, 0, 0
L 930, 2650, 0, 930, 2590, 0, 0, 0, 0
L 900, 2590, 0, 930, 2650, 0, 0, 0, 0
L 900, 2650, 0, 900, 2590, 0, 0, 0, 0
L 950, 2620, 0, 980, 2620, 0, 0, 0, 0
L 950, 2650, 0, 980, 2650, 0, 0, 0, 0
L 950, 2590, 0, 950, 2650, 0, 0, 0, 0
L 980, 2590, 0, 950, 2590, 0, 0, 0, 0
L 1000, 2590, 0, 1000, 2620, 0, 0, 0, 0
L 1000, 2620, 0, 1000, 2650, 0, 0, 0, 0
L 1000, 2620, 0, 1020, 2620, 0, 0, 0, 0
L 1040, 2620, 0, 1040, 2590, 0, 0, 0, 0
L 1000, 2590, 0, 1040, 2590, 0, 0, 0, 0
L 1020, 2620, 0, 1040, 2620, 0, 0, 0, 0
L 1040, 2650, 0, 1020, 2620, 0, 0, 0, 0
L 1070, 2620, 0, 1090, 2620, 0, 0, 0, 0
L 1080, 2590, 0, 1100, 2650, 0, 0, 0, 0
L 1060, 2650, 0, 1080, 2590, 0, 0, 0, 0
L 1120, 2590, 0, 1120, 2650, 0, 0, 0, 0
L 1160, 2650, 0, 1120, 2650, 0, 0, 0, 0
L 830, 2740, 0, 800, 2740, 0, 0, 0, 255
L 800, 2680, 0, 830, 2680, 0, 0, 0, 255
L 800, 2740, 0, 800, 2680, 0, 0, 0, 255
L 830, 2740, 0, 830, 2710, 0, 0, 0, 255
L 830, 2710, 0, 810, 2710, 0, 0, 0, 255
L 850, 2680, 0, 850, 2710, 0, 0, 0, 255
L 850, 2710, 0, 850, 2740, 0, 0, 0, 255
L 850, 2710, 0, 870, 2710, 0, 0, 0, 255
L 890, 2710, 0, 890, 2680, 0, 0, 0, 255
L 850, 2680, 0, 890, 2680, 0, 0, 0, 255
L 870, 2710, 0, 890, 2710, 0, 0, 0, 255
L 890, 2740, 0, 870, 2710, 0, 0, 0, 255
L 910, 2680, 0, 940, 2680, 0, 0, 0, 255
L 910, 2740, 0, 940, 2740, 0, 0, 0, 255
L 910, 2680, 0, 910, 2740, 0, 0, 0, 255
L 940, 2680, 0, 940, 2740, 0, 0, 0, 255
L 1000, 2680, 0, 1000, 2740, 0, 0, 0, 255
L 960, 2680, 0, 960, 2740, 0, 0, 0, 255
L 960, 2740, 0, 1000, 2740, 0, 0, 0, 255
L 1050, 2740, 0, 1050, 2680, 0, 0, 0, 255
L 1020, 2680, 0, 1050, 2740, 0, 0, 0, 255
L 1020, 2740, 0, 1020, 2680, 0, 0, 0, 255
L 1080, 2740, 0, 1080, 2680, 0, 0, 0, 255
L 1090, 2740, 0, 1070, 2740, 0, 0, 0, 255
L 1100, 2710, 0, 1090, 2740, 0, 0, 0, 255
L 1090, 2680, 0, 1100, 2710, 0, 0, 0, 255
L 1070, 2680, 0, 1090, 2680, 0, 0, 0, 255
L 1180, 2680, 0, 1180, 2710, 0, 0, 0, 255
L 1180, 2740, 0, 1220, 2740, 0, 0, 0, 255
L 1220, 2710, 0, 1180, 2710, 0, 0, 0, 255
L 1180, 2680, 0, 1220, 2680, 0, 0, 0, 255
L 1220, 2710, 0, 1220, 2740, 0, 0, 0, 255
L 1270, 2710, 0, 1240, 2710, 0, 0, 0, 255
L 1270, 2680, 0, 1270, 2710, 0, 0, 0, 255
L 1240, 2680, 0, 1270, 2680, 0, 0, 0, 255
L 1240, 2740, 0, 1240, 2680, 0, 0, 0, 255
L 1300, 2710, 0, 1320, 2710, 0, 0, 0, 255
L 1310, 2680, 0, 1330, 2740, 0, 0, 0, 255
L 1290, 2740, 0, 1310, 2680, 0, 0, 0, 255
L 1380, 2740, 0, 1390, 2680, 0, 0, 0, 255
L 1370, 2710, 0, 1380, 2740, 0, 0, 0, 255
L 1360, 2740, 0, 1370, 2710, 0, 0, 0, 255
L 1350, 2680, 0, 1360, 2740, 0, 0, 0, 255
L 1440, 2740, 0, 1440, 2680, 0, 0, 0, 255
L 1410, 2680, 0, 1440, 2740, 0, 0, 0, 255
L 1410, 2740, 0, 1410, 2680, 0, 0, 0, 255
L 830, 2830, 0, 800, 2830, 0, 128, 128, 128
L 800, 2770, 0, 830, 2770, 0, 128, 128, 128
L 800, 2830, 0, 800, 2770, 0, 128, 128, 128
L 830, 2830, 0, 830, 2800, 0, 128, 128, 128
L 830, 2800, 0, 810, 2800, 0, 128, 128, 128
L 890, 2770, 0, 890, 2830, 0, 128, 128, 128
L 850, 2770, 0, 850, 2830, 0, 128, 128, 128
L 850, 2830, 0, 890, 2830, 0, 128, 128, 128
L 910, 2770, 0, 910, 2830, 0, 128, 128, 128
L 930, 2770, 0, 930, 2830, 0, 128, 128, 128
L 970, 2830, 0, 930, 2830, 0, 128, 128, 128
L 1000, 2830, 0, 1000, 2770, 0, 128, 128, 128
L 1010, 2830, 0, 990, 2830, 0, 128, 128, 128
L 1020, 2800, 0, 1010, 2830, 0, 128, 128, 128
L 1010, 2770, 0, 1020, 2800, 0, 128, 128, 128
L 990, 2770, 0, 1010, 2770, 0, 128, 128, 128
L 1140, 2770, 0, 1140, 2830, 0, 128, 128, 128
L 1120, 2800, 0, 1140, 2770, 0, 128, 128, 128
L 1100, 2770, 0, 1120, 2800, 0, 128, 128, 128
L 1100, 2830, 0, 1100, 2770, 0, 128, 128, 128
L 1170, 2800, 0, 1190, 2800, 0, 128, 128, 128
L 1180, 2770, 0, 1200, 2830, 0, 128, 128, 128
L 1160, 2830, 0, 1180, 2770, 0, 128, 128, 128
L 1220, 2770, 0, 1220, 2800, 0, 128, 128, 128
L 1220, 2830, 0, 1260, 2830, 0, 128, 128, 128
L 1260, 2800, 0, 1220, 2800, 0, 128, 128, 128
L 1220, 2770, 0, 1260, 2770, 0, 128, 128, 128
L 1260, 2800, 0, 1260, 2830, 0, 128, 128, 128
L 1300, 2770, 0, 1300, 2830, 0, 128, 128, 128
L 1280, 2770, 0, 1320, 2770, 0, 128, 128, 128
L 1340, 2800, 0, 1370, 2800, 0, 128, 128, 128
L 1340, 2830, 0, 1370, 2830, 0, 128, 128, 128
L 1340, 2770, 0, 1340, 2830, 0, 128, 128, 128
L 1370, 2770, 0, 1340, 2770, 0, 128, 128, 128
L 1390, 2770, 0, 1390, 2800, 0, 128, 128, 128
L 1390, 2800, 0, 1390, 2830, 0, 128, 128, 128
L 1390, 2800, 0, 1410, 2800, 0, 128, 128, 128
L 1430, 2800, 0, 1430, 2770, 0, 128, 128, 128
L 1390, 2770, 0, 1430, 2770, 0, 128, 128, 128
L 1410, 2800, 0, 1430, 2800, 0, 128, 128, 128
L 1430, 2830, 0, 1410, 2800, 0, 128, 128, 128
L 800, 2860, 0, 800, 2890, 0, 127, 64, 0
L 840, 2920, 0, 840, 2890, 0, 127, 64, 0
L 800, 2890, 0, 800, 2920, 0, 127, 64, 0
L 840, 2890, 0, 840, 2860, 0, 127, 64, 0
L 800, 2890, 0, 840, 2890, 0, 127, 64, 0
L 900, 2860, 0, 900, 2920, 0, 127, 64, 0
L 860, 2860, 0, 860, 2920, 0, 127, 64, 0
L 860, 2920, 0, 900, 2920, 0, 127, 64, 0
L 950, 2920, 0, 950, 2860, 0, 127, 64, 0
L 920, 2860, 0, 950, 2920, 0, 127, 64, 0
L 920, 2920, 0, 920, 2860, 0, 127, 64, 0
L 990, 2860, 0, 990, 2920, 0, 127, 64, 0
L 970, 2860, 0, 1010, 2860, 0, 127, 64, 0
L 1030, 2890, 0, 1060, 2890, 0, 127, 64, 0
L 1030, 2920, 0, 1060, 2920, 0, 127, 64, 0
L 1030, 2860, 0, 1030, 2920, 0, 127, 64, 0
L 1060, 2860, 0, 1030, 2860, 0, 127, 64, 0
L 1080, 2860, 0, 1080, 2890, 0, 127, 64, 0
L 1080, 2890, 0, 1080, 2920, 0, 127, 64, 0
L 1080, 2890, 0, 1100, 2890, 0, 127, 64, 0
L 1120, 2890, 0, 1120, 2860, 0, 127, 64, 0
L 1080, 2860, 0, 1120, 2860, 0, 127, 64, 0
L 1100, 2890, 0, 1120, 2890, 0, 127, 64, 0
L 1120, 2920, 0, 1100, 2890, 0, 127, 64, 0
L 840, 2950, 0, 840, 3010, 0, 0, 127, 0
L 820, 2980, 0, 840, 2950, 0, 0, 127, 0
L 800, 2950, 0, 820, 2980, 0, 0, 127, 0
L 800, 3010, 0, 800, 2950, 0, 0, 127, 0
L 860, 2980, 0, 890, 2980, 0, 0, 127, 0
L 860, 3010, 0, 890, 3010, 0, 0, 127, 0
L 860, 2950, 0, 860, 3010, 0, 0, 127, 0
L 890, 2950, 0, 860, 2950, 0, 0, 127, 0
L 910, 2950, 0, 910, 2980, 0, 0, 127, 0
L 910, 2980, 0, 910, 3010, 0, 0, 127, 0
L 910, 2980, 0, 930, 2980, 0, 0, 127, 0
L 950, 2980, 0, 950, 2950, 0, 0, 127, 0
L 910, 2950, 0, 950, 2950, 0, 0, 127, 0
L 930, 2980, 0, 950, 2980, 0, 0, 127, 0
L 950, 3010, 0, 930, 2980, 0, 0, 127, 0
L 1000, 3010, 0, 970, 3010, 0, 0, 127, 0
L 970, 2950, 0, 1000, 2950, 0, 0, 127, 0
L 970, 3010, 0, 970, 2950, 0, 0, 127, 0
L 1020, 2950, 0, 1020, 2980, 0, 0, 127, 0
L 1060, 3010, 0, 1060, 2980, 0, 0, 127, 0
L 1020, 2980, 0, 1020, 3010, 0, 0, 127, 0
L 1060, 2980, 0, 1060, 2950, 0, 0, 127, 0
L 1020, 2980, 0, 1060, 2980, 0, 0, 127, 0
L 1090, 2980, 0, 1110, 2980, 0, 0, 127, 0
L 1100, 2950, 0, 1120, 3010, 0, 0, 127, 0
L 1080, 3010, 0, 1100, 2950, 0, 0, 127, 0
L 1170, 3010, 0, 1170, 2950, 0, 0, 127, 0
L 1140, 2950, 0, 1170, 3010, 0, 0, 127, 0
L 1140, 3010, 0, 1140, 2950, 0, 0, 127, 0
L 1210, 2950, 0, 1210, 3010, 0, 0, 127, 0
L 1190, 2950, 0, 1230, 2950, 0, 0, 127, 0
L 840, 3040, 0, 840, 3100, 0, 0, 127, 127
L 820, 3070, 0, 840, 3040, 0, 0, 127, 127
L 800, 3040, 0, 820, 3070, 0, 0, 127, 127
L 800, 3100, 0, 800, 3040, 0, 0, 127, 127
L 860, 3040, 0, 860, 3100, 0, 0, 127, 127
L 880, 3040, 0, 880, 3070, 0, 0, 127, 127
L 880, 3100, 0, 920, 3100, 0, 0, 127, 127
L 920, 3070, 0, 880, 3070, 0, 0, 127, 127
L 880, 3040, 0, 920, 3040, 0, 0, 127, 127
L 920, 3070, 0, 920, 3100, 0, 0, 127, 127
L 940, 3040, 0, 940, 3070, 0, 0, 127, 127
L 940, 3100, 0, 980, 3100, 0, 0, 127, 127
L 980, 3070, 0, 940, 3070, 0, 0, 127, 127
L 940, 3040, 0, 980, 3040, 0, 0, 127, 127
L 980, 3070, 0, 980, 3100, 0, 0, 127, 127
L 1000, 3040, 0, 1000, 3100, 0, 0, 127, 127
L 1020, 3040, 0, 1050, 3040, 0, 0, 127, 127
L 1020, 3100, 0, 1050, 3100, 0, 0, 127, 127
L 1020, 3040, 0, 1020, 3100, 0, 0, 127, 127
L 1050, 3040, 0, 1050, 3100, 0, 0, 127, 127
L 1100, 3100, 0, 1100, 3040, 0, 0, 127, 127
L 1070, 3040, 0, 1100, 3100, 0, 0, 127, 127
L 1070, 3100, 0, 1070, 3040, 0, 0, 127, 127
L 830, 3190, 0, 830, 3130, 0, 127, 64, 0
L 800, 3130, 0, 830, 3190, 0, 127, 64, 0
L 800, 3190, 0, 800, 3130, 0, 127, 64, 0
L 860, 3160, 0, 880, 3160, 0, 127, 64, 0
L 870, 3130, 0, 890, 3190, 0, 127, 64, 0
L 850, 3190, 0, 870, 3130, 0, 127, 64, 0
L 950, 3130, 0, 950, 3190, 0, 127, 64, 0
L 930, 3160, 0, 950, 3130, 0, 127, 64, 0
L 910, 3130, 0, 930, 3160, 0, 127, 64, 0
L 910, 3190, 0, 910, 3130, 0, 127, 64, 0
L 970, 3160, 0, 1000, 3160, 0, 127, 64, 0
L 970, 3190, 0, 1000, 3190, 0, 127, 64, 0
L 970, 3130, 0, 970, 3190, 0, 127, 64, 0
L 1000, 3130, 0, 970, 3130, 0, 127, 64, 0
L 1030, 3190, 0, 1030, 3130, 0, 127, 64, 0
L 1040, 3190, 0, 1020, 3190, 0, 127, 64, 0
L 1050, 3160, 0, 1040, 3190, 0, 127, 64, 0
L 1040, 3130, 0, 1050, 3160, 0, 127, 64, 0
L 1020, 3130, 0, 1040, 3130, 0, 127, 64, 0
L 830, 3250, 0, 800, 3250, 0, 0, 255, 0
L 830, 3220, 0, 830, 3250, 0, 0, 255, 0
L 800, 3220, 0, 830, 3220, 0, 0, 255, 0
L 800, 3280, 0, 800, 3220, 0, 0, 255, 0
L 860, 3250, 0, 880, 3250, 0, 0, 255, 0
L 870, 3220, 0, 890, 3280, 0, 0, 255, 0
L 850, 3280, 0, 870, 3220, 0, 0, 255, 0
L 910, 3220, 0, 910, 3250, 0, 0, 255, 0
L 910, 3250, 0, 910, 3280, 0, 0, 255, 0
L 910, 3250, 0, 930, 3250, 0, 0, 255, 0
L 950, 3250, 0, 950, 3220, 0, 0, 255, 0
L 910, 3220, 0, 950, 3220, 0, 0, 255, 0
L 930, 3250, 0, 950, 3250, 0, 0, 255, 0
L 950, 3280, 0, 930, 3250, 0, 0, 255, 0
L 1000, 3280, 0, 970, 3280, 0, 0, 255, 0
L 970, 3220, 0, 1000, 3220, 0, 0, 255, 0
L 970, 3280, 0, 970, 3220, 0, 0, 255, 0
L 1020, 3250, 0, 1050, 3250, 0, 0, 255, 0
L 1020, 3280, 0, 1050, 3280, 0, 0, 255, 0
L 1020, 3220, 0, 1020, 3280, 0, 0, 255, 0
L 1050, 3220, 0, 1020, 3220, 0, 0, 255, 0
L 1070, 3220, 0, 1070, 3280, 0, 0, 255, 0
L 1110, 3280, 0, 1070, 3280, 0, 0, 255, 0
L 1130, 3220, 0, 1130, 3250, 0, 0, 255, 0
L 1130, 3280, 0, 1170, 3280, 0, 0, 255, 0
L 1170, 3250, 0, 1130, 3250, 0, 0, 255, 0
L 1130, 3220, 0, 1170, 3220, 0, 0, 255, 0
L 1170, 3250, 0, 1170, 3280, 0, 0, 255, 0
L 800, 3310, 0, 800, 3340, 0, 0, 240, 240
L 800, 3340, 0, 800, 3370, 0, 0, 240, 240
L 800, 3340, 0, 820, 3340, 0, 0, 240, 240
L 840, 3340, 0, 840, 3310, 0, 0, 240, 240
L 800, 3310, 0, 840, 3310, 0, 0, 240, 240
L 820, 3340, 0, 840, 3340, 0, 0, 240, 240
L 840, 3370, 0, 820, 3340, 0, 0, 240, 240
L 870, 3340, 0, 890, 3340, 0, 0, 240, 240
L 880, 3310, 0, 900, 3370, 0, 0, 240, 240
L 860, 3370, 0, 880, 3310, 0, 0, 240, 240
L 920, 3310, 0, 920, 3370, 0, 0, 240, 240
L 950, 3370, 0, 950, 3310, 0, 0, 240, 240
L 960, 3370, 0, 940, 3370, 0, 0, 240, 240
L 970, 3340, 0, 960, 3370, 0, 0, 240, 240
L 960, 3310, 0, 970, 3340, 0, 0, 240, 240
L 940, 3310, 0, 960, 3310, 0, 0, 240, 240
L 800, 3400, 0, 800, 3430, 0, 0, 255, 0
L 800, 3460, 0, 840, 3460, 0, 0, 255, 0
L 840, 3430, 0, 800, 3430, 0, 0, 255, 0
L 800, 3400, 0, 840, 3400, 0, 0, 255, 0
L 840, 3430, 0, 840, 3460, 0, 0, 255, 0
L 890, 3430, 0, 860, 3430, 0, 0, 255, 0
L 890, 3400, 0, 890, 3430, 0, 0, 255, 0
L 860, 3400, 0, 890, 3400, 0, 0, 255, 0
L 860, 3460, 0, 860, 3400, 0, 0, 255, 0
L 910, 3430, 0, 940, 3430, 0, 0, 255, 0
L 910, 3460, 0, 940, 3460, 0, 0, 255, 0
L 910, 3400, 0, 910, 3460, 0, 0, 255, 0
L 940, 3400, 0, 910, 3400, 0, 0, 255, 0
L 990, 3460, 0, 960, 3460, 0, 0, 255, 0
L 960, 3400, 0, 990, 3400, 0, 0, 255, 0
L 960, 3460, 0, 960, 3400, 0, 0, 255, 0
L 1010, 3400, 0, 1010, 3460, 0, 0, 255, 0
L 1040, 3430, 0, 1060, 3430, 0, 0, 255, 0
L 1050, 3400, 0, 1070, 3460, 0, 0, 255, 0
L 1030, 3460, 0, 1050, 3400, 0, 0, 255, 0
L 1090, 3400, 0, 1090, 3460, 0, 0, 255, 0
L 1130, 3460, 0, 1090, 3460, 0, 0, 255, 0
L 1240, 3460, 0, 1210, 3460, 0, 0, 255, 0
L 1210, 3400, 0, 1240, 3400, 0, 0, 255, 0
L 1210, 3460, 0, 1210, 3400, 0, 0, 255, 0
L 1300, 3400, 0, 1300, 3460, 0, 0, 255, 0
L 1260, 3400, 0, 1260, 3460, 0, 0, 255, 0
L 1260, 3460, 0, 1300, 3460, 0, 0, 255, 0
L 1320, 3400, 0, 1320, 3430, 0, 0, 255, 0
L 1320, 3430, 0, 1320, 3460, 0, 0, 255, 0
L 1320, 3430, 0, 1340, 3430, 0, 0, 255, 0
L 1360, 3430, 0, 1360, 3400, 0, 0, 255, 0
L 1320, 3400, 0, 1360, 3400, 0, 0, 255, 0
L 1340, 3430, 0, 1360, 3430, 0, 0, 255, 0
L 1360, 3460, 0, 1340, 3430, 0, 0, 255, 0
L 1380, 3400, 0, 1380, 3430, 0, 0, 255, 0
L 1380, 3430, 0, 1380, 3460, 0, 0, 255, 0
L 1380, 3430, 0, 1400, 3430, 0, 0, 255, 0
L 1420, 3430, 0, 1420, 3400, 0, 0, 255, 0
L 1380, 3400, 0, 1420, 3400, 0, 0, 255, 0
L 1400, 3430, 0, 1420, 3430, 0, 0, 255, 0
L 1420, 3460, 0, 1400, 3430, 0, 0, 255, 0
L 1440, 3430, 0, 1470, 3430, 0, 0, 255, 0
L 1440, 3460, 0, 1470, 3460, 0, 0, 255, 0
L 1440, 3400, 0, 1440, 3460, 0, 0, 255, 0
L 1470, 3400, 0, 1440, 3400, 0, 0, 255, 0
L 1520, 3460, 0, 1520, 3400, 0, 0, 255, 0
L 1490, 3400, 0, 1520, 3460, 0, 0, 255, 0
L 1490, 3460, 0, 1490, 3400, 0, 0, 255, 0
L 1570, 3460, 0, 1540, 3460, 0, 0, 255, 0
L 1540, 3400, 0, 1570, 3400, 0, 0, 255, 0
L 1540, 3460, 0, 1540, 3400, 0, 0, 255, 0
L 1610, 3430, 0, 1610, 3460, 0, 0, 255, 0
L 1610, 3430, 0, 1630, 3400, 0, 0, 255, 0
L 1590, 3400, 0, 1610, 3430, 0, 0, 255, 0
L 800, 3490, 0, 800, 3520, 0, 255, 0, 0
L 800, 3550, 0, 840, 3550, 0, 255, 0, 0
L 840, 3520, 0, 800, 3520, 0, 255, 0, 0
L 800, 3490, 0, 840, 3490, 0, 255, 0, 0
L 840, 3520, 0, 840, 3550, 0, 255, 0, 0
L 900, 3490, 0, 900, 3550, 0, 255, 0, 0
L 860, 3490, 0, 860, 3550, 0, 255, 0, 0
L 860, 3550, 0, 900, 3550, 0, 255, 0, 0
L 950, 3550, 0, 920, 3550, 0, 255, 0, 0
L 920, 3490, 0, 950, 3490, 0, 255, 0, 0
L 920, 3550, 0, 920, 3490, 0, 255, 0, 0
L 1000, 3550, 0, 970, 3550, 0, 255, 0, 0
L 970, 3490, 0, 1000, 3490, 0, 255, 0, 0
L 970, 3550, 0, 970, 3490, 0, 255, 0, 0
L 1020, 3490, 0, 1050, 3490, 0, 255, 0, 0
L 1020, 3550, 0, 1050, 3550, 0, 255, 0, 0
L 1020, 3490, 0, 1020, 3550, 0, 255, 0, 0
L 1050, 3490, 0, 1050, 3550, 0, 255, 0, 0
L 1070, 3490, 0, 1070, 3520, 0, 255, 0, 0
L 1070, 3520, 0, 1070, 3550, 0, 255, 0, 0
L 1070, 3520, 0, 1090, 3520, 0, 255, 0, 0
L 1110, 3520, 0, 1110, 3490, 0, 255, 0, 0
L 1070, 3490, 0, 1110, 3490, 0, 255, 0, 0
L 1090, 3520, 0, 1110, 3520, 0, 255, 0, 0
L 1110, 3550, 0, 1090, 3520, 0, 255, 0, 0
L 820, 3580, 0, 820, 3640, 0, 255, 255, 0
L 800, 3580, 0, 840, 3580, 0, 255, 255, 0
L 860, 3610, 0, 890, 3610, 0, 255, 255, 0
L 860, 3640, 0, 890, 3640, 0, 255, 255, 0
L 860, 3580, 0, 860, 3640, 0, 255, 255, 0
L 890, 3580, 0, 860, 3580, 0, 255, 255, 0
L 910, 3580, 0, 910, 3640, 0, 255, 255, 0
L 950, 3640, 0, 910, 3640, 0, 255, 255, 0
L 970, 3610, 0, 1000, 3610, 0, 255, 255, 0
L 970, 3640, 0, 1000, 3640, 0, 255, 255, 0
L 970, 3580, 0, 970, 3640, 0, 255, 255, 0
L 1000, 3580, 0, 970, 3580, 0, 255, 255, 0
L 1050, 3610, 0, 1020, 3610, 0, 255, 255, 0
L 1050, 3580, 0, 1050, 3610, 0, 255, 255, 0
L 1020, 3580, 0, 1050, 3580, 0, 255, 255, 0
L 1020, 3640, 0, 1020, 3580, 0, 255, 255, 0
L 1070, 3580, 0, 1100, 3580, 0, 255, 255, 0
L 1070, 3640, 0, 1100, 3640, 0, 255, 255, 0
L 1070, 3580, 0, 1070, 3640, 0, 255, 255, 0
L 1100, 3580, 0, 1100, 3640, 0, 255, 255, 0
L 1120, 3580, 0, 1120, 3610, 0, 255, 255, 0
L 1120, 3610, 0, 1120, 3640, 0, 255, 255, 0
L 1120, 3610, 0, 1140, 3610, 0, 255, 255, 0
L 1160, 3610, 0, 1160, 3580, 0, 255, 255, 0
L 1120, 3580, 0, 1160, 3580, 0, 255, 255, 0
L 1140, 3610, 0, 1160, 3610, 0, 255, 255, 0
L 1160, 3640, 0, 1140, 3610, 0, 255, 255, 0
L 1200, 3580, 0, 1200, 3640, 0, 255, 255, 0
L 1180, 3580, 0, 1220, 3580, 0, 255, 255, 0
L 820, 3670, 0, 820, 3730, 0, 128, 0, 128
L 800, 3670, 0, 840, 3670, 0, 128, 0, 128
L 860, 3670, 0, 860, 3700, 0, 128, 0, 128
L 860, 3700, 0, 860, 3730, 0, 128, 0, 128
L 860, 3700, 0, 880, 3700, 0, 128, 0, 128
L 900, 3700, 0, 900, 3670, 0, 128, 0, 128
L 860, 3670, 0, 900, 3670, 0, 128, 0, 128
L 880, 3700, 0, 900, 3700, 0, 128, 0, 128
L 900, 3730, 0, 880, 3700, 0, 128, 0, 128
L 930, 3700, 0, 950, 3700, 0, 128, 0, 128
L 940, 3670, 0, 960, 3730, 0, 128, 0, 128
L 920, 3730, 0, 940, 3670, 0, 128, 0, 128
L 990, 3730, 0, 990, 3670, 0, 128, 0, 128
L 1000, 3730, 0, 980, 3730, 0, 128, 0, 128
L 1010, 3700, 0, 1000, 3730, 0, 128, 0, 128
L 1000, 3670, 0, 1010, 3700, 0, 128, 0, 128
L 980, 3670, 0, 1000, 3670, 0, 128, 0, 128
L 1030, 3700, 0, 1060, 3700, 0, 128, 0, 128
L 1030, 3730, 0, 1060, 3730, 0, 128, 0, 128
L 1030, 3670, 0, 1030, 3730, 0, 128, 0, 128
L 1060, 3670, 0, 1030, 3670, 0, 128, 0, 128
L 1080, 3670, 0, 1080, 3700, 0, 128, 0, 128
L 1080, 3730, 0, 1120, 3730, 0, 128, 0, 128
L 1120, 3700, 0, 1080, 3700, 0, 128, 0, 128
L 1080, 3670, 0, 1120, 3670, 0, 128, 0, 128
L 1120, 3700, 0, 1120, 3730, 0, 128, 0, 128
L 1140, 3670, 0, 1140, 3700, 0, 128, 0, 128
L 1140, 3700, 0, 1140, 3730, 0, 128, 0, 128
L 1140, 3700, 0, 1180, 3730, 0, 128, 0, 128
L 1140, 3700, 0, 1180, 3670, 0, 128, 0, 128
L 1200, 3670, 0, 1200, 3730, 0, 128, 0, 128
L 1220, 3670, 0, 1220, 3730, 0, 128, 0, 128
L 1260, 3730, 0, 1220, 3730, 0, 128, 0, 128
L 1280, 3670, 0, 1280, 3730, 0, 128, 0, 128
L 1320, 3730, 0, 1280, 3730, 0, 128, 0, 128
L 1430, 3730, 0, 1400, 3730, 0, 128, 0, 128
L 1400, 3670, 0, 1430, 3670, 0, 128, 0, 128
L 1400, 3730, 0, 1400, 3670, 0, 128, 0, 128
L 1450, 3670, 0, 1480, 3670, 0, 128, 0, 128
L 1450, 3730, 0, 1480, 3730, 0, 128, 0, 128
L 1450, 3670, 0, 1450, 3730, 0, 128, 0, 128
L 1480, 3670, 0, 1480, 3730, 0, 128, 0, 128
L 1530, 3730, 0, 1530, 3670, 0, 128, 0, 128
L 1500, 3670, 0, 1530, 3730, 0, 128, 0, 128
L 1500, 3730, 0, 1500, 3670, 0, 128, 0, 128
L 1570, 3670, 0, 1570, 3730, 0, 128, 0, 128
L 1550, 3670, 0, 1590, 3670, 0, 128, 0, 128
L 1620, 3700, 0, 1640, 3700, 0, 128, 0, 128
L 1630, 3670, 0, 1650, 3730, 0, 128, 0, 128
L 1610, 3730, 0, 1630, 3670, 0, 128, 0, 128
L 1670, 3670, 0, 1670, 3730, 0, 128, 0, 128
L 1720, 3730, 0, 1720, 3670, 0, 128, 0, 128
L 1690, 3670, 0, 1720, 3730, 0, 128, 0, 128
L 1690, 3730, 0, 1690, 3670, 0, 128, 0, 128
L 1740, 3700, 0, 1770, 3700, 0, 128, 0, 128
L 1740, 3730, 0, 1770, 3730, 0, 128, 0, 128
L 1740, 3670, 0, 1740, 3730, 0, 128, 0, 128
L 1770, 3670, 0, 1740, 3670, 0, 128, 0, 128
L 1790, 3670, 0, 1790, 3700, 0, 128, 0, 128
L 1790, 3700, 0, 1790, 3730, 0, 128, 0, 128
L 1790, 3700, 0, 1810, 3700, 0, 128, 0, 128
L 1830, 3700, 0, 1830, 3670, 0, 128, 0, 128
L 1790, 3670, 0, 1830, 3670, 0, 128, 0, 128
L 1810, 3700, 0, 1830, 3700, 0, 128, 0, 128
L 1830, 3730, 0, 1810, 3700, 0, 128, 0, 128
L 820, 3760, 0, 820, 3820, 0, 255, 255, 0
L 800, 3760, 0, 840, 3760, 0, 255, 255, 0
L 860, 3760, 0, 860, 3790, 0, 255, 255, 0
L 860, 3790, 0, 860, 3820, 0, 255, 255, 0
L 860, 3790, 0, 880, 3790, 0, 255, 255, 0
L 900, 3790, 0, 900, 3760, 0, 255, 255, 0
L 860, 3760, 0, 900, 3760, 0, 255, 255, 0
L 880, 3790, 0, 900, 3790, 0, 255, 255, 0
L 900, 3820, 0, 880, 3790, 0, 255, 255, 0
L 930, 3790, 0, 950, 3790, 0, 255, 255, 0
L 940, 3760, 0, 960, 3820, 0, 255, 255, 0
L 920, 3820, 0, 940, 3760, 0, 255, 255, 0
L 1010, 3790, 0, 980, 3790, 0, 255, 255, 0
L 1010, 3760, 0, 1010, 3790, 0, 255, 255, 0
L 980, 3760, 0, 1010, 3760, 0, 255, 255, 0
L 980, 3820, 0, 980, 3760, 0, 255, 255, 0
L 830, 3850, 0, 800, 3850, 0, 255, 0, 0
L 800, 3910, 0, 830, 3850, 0, 255, 0, 0
L 800, 3910, 0, 830, 3910, 0, 255, 0, 0
L 850, 3850, 0, 880, 3850, 0, 255, 0, 0
L 850, 3910, 0, 880, 3910, 0, 255, 0, 0
L 850, 3850, 0, 850, 3910, 0, 255, 0, 0
L 880, 3850, 0, 880, 3910, 0, 255, 0, 0
L 930, 3910, 0, 930, 3850, 0, 255, 0, 0
L 900, 3850, 0, 930, 3910, 0, 255, 0, 0
L 900, 3910, 0, 900, 3850, 0, 255, 0, 0
L 950, 3880, 0, 980, 3880, 0, 255, 0, 0
L 950, 3910, 0, 980, 3910, 0, 255, 0, 0
L 950, 3850, 0, 950, 3910, 0, 255, 0, 0
L 980, 3850, 0, 950, 3850, 0, 255, 0, 0
P -200, 2200, 0, 0, 0, 0, 2, Original_Map:_Blindheart_of_Drinal
P -200, 2400, 0, 0, 0, 0, 2, Revised_Map:_Brewall_Rainsiger_(Cazic-Thule)
P -200, 2600, 0, 0, 0, 0, 2, http://www.eqmaps.info
P -200, 2800, 0, 0, 0, 0, 2, Return_of_the_Exiled_(www.roteguild.org)
