P -3028.4199, 1638.6149, -126.7346,  255, 0, 0,  3,  to_Paludal_Caverns
P 2528.0000, -3326.0000, 262.6884,  255, 0, 0,  3,  to_Grimling_Forest
P -3242.2554, -1155.5834, 108.2197,  255, 0, 0,  3,  to_Shar_Vahl
P -2420.0000, -1241.0000, 0.0000,  255, 0, 0,  2,  Succor
P -1924.0000, -1095.0000, 24.5947,  0, 128, 0,  2,  Kerr_(Armor)
P -1928.0000, -1141.0000, 24.5947,  0, 128, 0,  2,  Tolah_(Weapons)
P -2035.0000, -1070.0000, 24.5947,  0, 128, 0,  2,  Rittuh_(Merchant)
P -1993.0000, -1063.0000, 24.5947,  0, 128, 0,  2,  Tokk_(Merchant)
P -2529.3079, 1100.2881, -122.2168,  0, 0, 0,  2,  Gamali
P -1944.8146, 1409.4816, -122.5993,  0, 0, 240,  1,  GS:_Black_Silt_Clay
P -1044.2096, -1932.0807, 153.5947,  0, 0, 0,  2,  Brysta_Ducorran
P -1231.7013, 1307.3696, -99.7882,  0, 0, 240,  1,  GS:_Hollow_palm_Roots
P -1061.0575, 1221.0533, -120.5241,  0, 0, 240,  1,  GS:_Hollow_palm_Roots
P -1717.1583, 1073.3959, -123.1175,  0, 0, 240,  1,  GS:_Black_Silt_Clay
P -1972.5627, 1276.4510, -113.3061,  0, 0, 240,  1,  GS:_Hollow_palm_Root
P -931.0018, 932.3611, -115.1994,  0, 0, 240,  1,  GS:_Hollow_palm_Roots
P -379.5446, 1137.6603, -110.7113,  0, 0, 240,  1,  GS:_Black_Silt_Clay
P 14.7397, 993.8063, -123.2894,  0, 0, 240,  1,  GS:_Black_Silt_Clay
P -1468.4814, -537.5904, 34.4706,  127, 64, 0,  2,  Gorehorn_(Hunter,Roam)
P -1928.1929, -1141.4288, 26.1241,  127, 64, 0,  2,  Prince_Garzemort_(Hunter)
P -1995.4226, -3040.6489, 158.0490,  127, 64, 0,  2,  Skrietat'Cha_(Hunter)
P -1994.7728, -3532.8044, 152.9870,  127, 64, 0,  2,  Skrietat'Chu_(Hunter)
P 2968.7185, -451.6992, 54.4645,  127, 64, 0,  2,  Ghowlik_(Hunter)
P 1436.9622, -875.7733, 98.4324,  127, 64, 0,  2,  Curfang_(Hunter,Roam)
P -1991.1171, -3533.4536, 153.6939,  127, 64, 0,  2,  Dreadmaw_Wolfkin_(Hunter)
P -1995.0757, -3044.4082, 158.5348,  127, 64, 0,  2,  Fireclaw_Wolfkin_(Hunter)
P 1691.5408, -692.3190, 38.6351,  127, 64, 0,  2,  Gamtoine_Cursmakk_(Hunter,Roam)
P -1991.1530, -3043.2639, 157.8040,  127, 64, 0,  2,  Gleeknot_Gnitrat_(Hunter)
P -1991.1215, -3534.2903, 162.6767,  127, 64, 0,  2,  Gniktar_Grinwit_(Hunter)
P 2967.8745, -455.8173, 53.2453,  127, 64, 0,  2,  Grurn_No_Eyes_(Hunter)
P 2970.2480, -452.1437, 53.1879,  127, 64, 0,  2,  Skriat`Chee_(Hunter)
P 1465.3430, -758.6041, 142.3940,  127, 64, 0,  2,  Skriat`Chet_(Hunter)
P -451.0546, -2076.8044, 110.1053,  127, 64, 0,  2,  Prince_Skriatat_(Hunter)
P -1958.7048, -1150.5688, 27.6206,  127, 64, 0,  2,  Skriat'Chakku_(Hunter)
P -153.3646, -977.4778, 35.3326,  127, 64, 0,  2,  Warpaw_Dankpelt_(Hunter,Roam)
P 143.2931, -1346.8634, 94.2136,  127, 64, 0,  2,  Wiknak_Grimglom_(Hunter,Roam)
P -1944.5276, -1109.8722, 26.1618,  127, 64, 0,  2,  Gnarlick_(Hunter,Roam)
P -2182.8098, -51.2254, 57.7380,  127, 64, 0,  2,  Dirtchomp_(Hunter,Roam)
P -2983.8320, 1833.9720, -130.0240,  0, 0, 0,  2,  Sellenna_Helmark
P 2471.2786, -3008.1672, 264.2007,  0, 0, 0,  2,  Lezeara_Veristar
P 2396.1067, -2998.2051, 264.1939,  0, 0, 0,  2,  Ahom_Guzhin
P -122.5035, -1469.9406, 101.4204,  0, 0, 240,  1,  GS:_Porous_Ore