P -844.0000, 2056.0000, -94.0000,  255, 0, 0,  3,  to_The_Steppes
P 4.0000, -2491.0000, 641.0000,  255, 0, 0,  3,  to_Valdeholm
P -1065.0000, -2245.0000, 83.0000,  255, 0, 0,  2,  Wizard_Spires
P 662.9470, 762.0439, -100.5010,  255, 255, 255,  2,  Lake_Okeian
P -225.6350, 1344.3290, -95.4010,  255, 255, 255,  2,  Okeian_River
P 1085.8467, 2229.2190, 32.7850,  255, 255, 255,  2,  Timmi's_Well
P 1119.9022, 2073.8740, 25.8445,  0, 128, 0,  2,  Tavin_of_the_Wild_(Beastlord_Spells)
P 1138.8867, 2103.4038, 35.4409,  0, 128, 0,  2,  Ezna_Connoy_(Shaman_Spells)
P 1291.0000, -1672.0000, 536.0000,  0, 128, 128,  2,  Gnashclaw_Stonefe_(Quest)
P 1277.0000, -1755.0000, 549.0000,  0, 128, 128,  2,  War_Captain_Rockfist_(Quest)
P 1329.0000, -1665.0000, 569.0000,  0, 128, 128,  2,  Gorbak_(Quest)
P 1353.0000, -1620.0000, 562.0000,  0, 128, 128,  2,  Togtak_(Quest)
P 1316.0000, -1753.0000, 570.0000,  0, 128, 128,  2,  Ironskull_(Quest)
P 1139.0000, -1898.0000, 540.0000,  0, 128, 128,  2,  Pack_Leader_Orgak_(Quest)
P -1628.0000, -603.0000, 58.0000,  0, 128, 128,  2,  War_Master_Brutak_(Quest)
P -1650.0000, -786.0000, 54.0000,  0, 128, 128,  2,  Verkorn_(Quest)
P -1768.0000, -555.0000, 52.0000,  0, 128, 128,  2,  Longbrow_(Quest)
P -1138.0000, -718.0000, -58.0000,  0, 128, 128,  2,  Goreman_(Kobold_Quests)
P 790.2244, -1952.7776, 584.2126,  0, 128, 128,  2,  Kregnad_(Orc_Quests)
P -51.9290, -1641.1338, 54.6220,  0, 128, 128,  2,  Thunderfist_(Quest)
P 118.1640, -1542.8180, 47.5550,  0, 128, 128,  2,  Malgen_(Quest)
P 1201.0000, -1617.0000, 552.0000,  0, 0, 240,  2,  Sayrook
P 1054.0000, 2231.0000, 36.0000,  0, 0, 0,  2,  La`See
P -559.0000, -882.0000, 1.0000,  0, 0, 0,  2,  Snowblind
P 1111.0000, -1873.0000, 534.0000,  0, 0, 0,  2,  Lowfire_(Named)
P 3096.0889, 2108.3589, -210.7490,  0, 0, 0,  2,  Avalanche
P -1797.0099, -536.0980, 59.9760,  0, 0, 0,  2,  NIghtmoon_Chieftain_Blacktooth
P -710.0750, -1956.4308, 21.2270,  0, 0, 0,  2,  Taruskor
P -740.0980, -2155.4500, 85.6570,  0, 0, 0,  2,  Berzok_the_Reclue
P -282.7020, 763.6720, -49.3370,  127, 64, 0,  2,  Stalker_of_the_Plains(Named,Roam)
P 714.2820, 168.6030, 100.1410,  127, 64, 0,  2,  Blueface_the_Hoard(Named,Roam)
P 353.4720, 438.7940, -19.7670,  127, 64, 0,  2,  Tarnuk_/_Lowfire_(Named,Roam)
P 94.3840, -1379.0298, 44.8270,  0, 0, 0,  2,  Ironeyes
P 1199.4950, -1683.0811, 568.7289,  0, 0, 0,  2,  Coldeye_Keymaster
P 2418.2959, -709.1390, 396.7810,  127, 64, 0,  2,  Chillbone_(Named,Roam)
P 346.6750, -1792.4860, 483.4200,  0, 0, 0,  2,  Grimjaw
P 1413.7378, -1646.2378, 548.3250,  0, 0, 0,  2,  Kaldimar
P 1244.8987, -1565.6790, 534.4850,  0, 0, 0,  2,  Coldeye_Chieftan_Blizzard
P -680.4659, 2141.9197, 4.5200,  0, 0, 0,  2,  Alibee
P -1160.0380, 1815.7111, 31.6300,  127, 64, 0,  2,  Frostpaw_(Named,Roam)
P 836.6299, 1865.2389, -52.6090,  127, 64, 0,  2,  Hunter_(Named,Roam)
P 183.9920, -1154.2460, 46.2950,  0, 0, 0,  2,  Nightmoon_Chieftain_Snowmane
P 1560.2328, 2006.3080, -178.4050,  0, 0, 240,  1,  a_wounded_kobold
P 2916.6360, 1743.1830, -213.1990,  0, 0, 240,  1,  a_trapped_Wraithguard
P 130.0000, -2310.0000, 705.0000,  0, 0, 240,  1,  GS:_Relic
P 1159.9607, 2041.1758, 26.9519,  0, 0, 240,  1,  GS:_Shattered_Krithgor_Keystone
P -1647.9052, -788.5728, 55.3511,  0, 0, 0,  2,  Verkorn
P -1627.7957, -606.0258, 59.4694,  0, 0, 0,  2,  War_Master_Brutak
P -223.1627, -1515.6355, 61.6815,  0, 0, 0,  1,  
P -38.8282, -1632.6858, 56.1940,  127, 64, 0,  2,  Thunderfist_(Named)
