P -19.7000, 83.0500, -44.2980,  255, 0, 0,  2,  to_The_Undershore
P 1326.8781, 748.7520, 55.2720,  255, 255, 0,  2,  Instance
P 1193.6898, 1191.3458, 106.9680,  255, 255, 0,  2,  Instance
P 505.0620, 2276.7371, 106.4170,  255, 255, 0,  2,  Fake_Wall
P -50.1500, 2014.9180, 63.4970,  255, 255, 0,  2,  Fake_Wall
P 617.2230, 1076.6859, 106.8560,  128, 64, 0,  2,  Hiveleader
P 1600.8999, 1176.7520, -23.9590,  128, 64, 0,  2,  GloomFang
P 773.3910, 177.3940, 86.4640,  128, 64, 0,  2,  Larva_+_Named
P 60.9720, 1447.0919, -40.6010,  128, 64, 0,  2,  A_Forgotten_Guardian
P -365.2870, 1596.4020, 63.7320,  128, 64, 0,  2,  Drill_Master_Zarthin
P -242.4450, 1847.7780, 63.5710,  128, 64, 0,  2,  Battlemaster_Rygosh_(Named)
P -396.4360, 2226.1829, -30.8700,  128, 64, 0,  2,  Clergyman_Gryfil_(Named)
P 238.8820, 719.1250, -40.9400,  0, 127, 127,  2,  Vorgannoth_(Mission)
P 10.6910, 1583.6530, -22.6810,  0, 0, 0,  2,  Slave_Regert
P -802.2510, 720.0240, 54.3400,  0, 0, 0,  2,  Ritesmaster_Verok
P 771.1609, 159.6740, 85.4090,  0, 0, 0,  2,  Neran_(inside_cocoon)
P 8.8190, 1520.1089, -37.0130,  255, 255, 255,  2,  Gallowglass_Arena
P -295.4900, 1933.1499, 67.7200,  255, 255, 255,  2,  Battlemaster's_Conclave
P 464.1700, 2267.1897, 111.8100,  255, 255, 255,  2,  Imperial_Audience_Chamber
P 639.7599, 199.0800, 89.1100,  255, 255, 255,  2,  Wallwatcher's_Citadel
P 538.5099, 923.7599, 110.6800,  255, 255, 255,  2,  Statue_of_the_Deep_Ray
P -542.3310, 366.4750, 52.0700,  255, 255, 255,  2,  Safe_areas.._Top/Bottom
P -295.3980, 387.9650, -136.4940,  255, 255, 255,  2,  Infested_Water_Caves
P -308.0000, 182.0000, -35.3880,  255, 255, 255,  2,  Safe_spot
P 511.3104, 1656.3306, 105.6801,  240, 240, 0,  2,  Instance
