L -803.0, -130.0, 89.0, -812.0, -130.0, 90.0, 100, 50, 0
L -781.0, -129.0, 89.0, -792.0, -130.0, 89.0, 100, 50, 0
L -782.0, -87.0, 89.0, -781.0, -129.0, 89.0, 100, 50, 0
L -813.0, -88.0, 89.0, -782.0, -87.0, 89.0, 100, 50, 0
L -812.0, -130.0, 90.0, -813.0, -88.0, 89.0, 100, 50, 0
L -88.0, -221.0, -18.0, -91.0, -220.0, -16.0, 100, 50, 0
L -85.0, -208.0, -17.0, -88.0, -221.0, -18.0, 100, 50, 0
L -130.0, -196.0, -16.0, -85.0, -208.0, -17.0, 100, 50, 0
L -133.0, -209.0, -16.0, -130.0, -196.0, -16.0, 100, 50, 0
L -137.0, -207.0, -16.0, -133.0, -209.0, -16.0, 100, 50, 0
L -140.0, -216.0, -16.0, -137.0, -207.0, -16.0, 100, 50, 0
L -136.0, -217.0, -17.0, -140.0, -216.0, -16.0, 100, 50, 0
L -139.0, -229.0, -17.0, -136.0, -217.0, -17.0, 100, 50, 0
L -95.0, -242.0, -18.0, -139.0, -229.0, -17.0, 100, 50, 0
L -91.0, -230.0, -18.0, -95.0, -242.0, -18.0, 100, 50, 0
L -128.0, -198.0, -16.0, -136.0, -228.0, -16.0, 100, 50, 0
L -88.0, -209.0, -16.0, -128.0, -198.0, -16.0, 100, 50, 0
L -91.0, -220.0, -16.0, -88.0, -209.0, -16.0, 100, 50, 0
L -96.0, -240.0, -16.0, -91.0, -230.0, -18.0, 100, 50, 0
L -136.0, -228.0, -16.0, -96.0, -240.0, -16.0, 100, 50, 0
L 533.0, 87.0, -38.0, 491.0, 84.0, -37.0, 100, 50, 0
L 533.0, 76.0, -38.0, 533.0, 87.0, -38.0, 100, 50, 0
L 535.0, 56.0, -38.0, 534.0, 65.0, -38.0, 100, 50, 0
L 493.0, 53.0, -37.0, 535.0, 56.0, -38.0, 100, 50, 0
L 491.0, 84.0, -37.0, 493.0, 53.0, -37.0, 100, 50, 0
L 690.0, -1173.0, -43.0, 700.0, -1173.0, -43.0, 0, 0, 0
L 690.0, -1176.0, -43.0, 690.0, -1173.0, -43.0, 0, 0, 0
L 701.0, -1176.0, -44.0, 690.0, -1176.0, -43.0, 0, 0, 0
L 702.0, -1085.0, -44.0, 701.0, -1176.0, -44.0, 0, 0, 0
L 688.0, -1084.0, -43.0, 702.0, -1085.0, -44.0, 0, 0, 0
L 688.0, -1080.0, -43.0, 688.0, -1084.0, -43.0, 0, 0, 0
L 679.0, -1080.0, -43.0, 688.0, -1080.0, -43.0, 0, 0, 0
L 679.0, -1084.0, -43.0, 679.0, -1080.0, -43.0, 0, 0, 0
L 667.0, -1085.0, -43.0, 679.0, -1084.0, -43.0, 0, 0, 0
L 667.0, -1176.0, -43.0, 667.0, -1085.0, -43.0, 0, 0, 0
L 679.0, -1176.0, -43.0, 667.0, -1176.0, -43.0, 0, 0, 0
L 679.0, -1173.0, -43.0, 679.0, -1176.0, -43.0, 0, 0, 0
L 669.0, -1173.0, -43.0, 679.0, -1173.0, -43.0, 0, 0, 0
L 669.0, -1156.0, -43.0, 669.0, -1173.0, -43.0, 0, 0, 0
L 676.0, -1156.0, -43.0, 669.0, -1156.0, -43.0, 205, 133, 63
L 676.0, -1145.0, -43.0, 676.0, -1156.0, -43.0, 205, 133, 63
L 673.0, -1145.0, -43.0, 676.0, -1145.0, -43.0, 205, 133, 63
L 673.0, -1153.0, -43.0, 673.0, -1145.0, -43.0, 205, 133, 63
L 669.0, -1153.0, -43.0, 673.0, -1153.0, -43.0, 205, 133, 63
L 669.0, -1131.0, -43.0, 669.0, -1153.0, -43.0, 0, 0, 0
L 669.0, -1131.0, -43.0, 679.0, -1131.0, -43.0, 0, 0, 0
L 669.0, -1087.0, -43.0, 669.0, -1129.0, -43.0, 0, 0, 0
L 700.0, -1087.0, -43.0, 669.0, -1087.0, -43.0, 0, 0, 0
L 700.0, -1129.0, -43.0, 700.0, -1087.0, -43.0, 0, 0, 0
L 700.0, -1131.0, -43.0, 689.0, -1131.0, -43.0, 0, 0, 0
L 700.0, -1173.0, -43.0, 700.0, -1131.0, -43.0, 0, 0, 0
L 829.0, -1412.0, -47.0, 818.0, -1412.0, -47.0, 100, 50, 0
L 829.0, -1409.0, -47.0, 829.0, -1412.0, -47.0, 100, 50, 0
L 816.0, -1409.0, -47.0, 829.0, -1409.0, -47.0, 100, 50, 0
L 816.0, -1456.0, -47.0, 816.0, -1409.0, -47.0, 100, 50, 0
L 829.0, -1456.0, -47.0, 816.0, -1456.0, -47.0, 100, 50, 0
L 829.0, -1460.0, -47.0, 829.0, -1456.0, -47.0, 100, 50, 0
L 839.0, -1460.0, -47.0, 829.0, -1460.0, -47.0, 100, 50, 0
L 838.0, -1456.0, -47.0, 839.0, -1460.0, -47.0, 100, 50, 0
L 851.0, -1456.0, -48.0, 838.0, -1456.0, -47.0, 100, 50, 0
L 851.0, -1410.0, -48.0, 851.0, -1456.0, -48.0, 100, 50, 0
L 838.0, -1409.0, -47.0, 851.0, -1410.0, -48.0, 100, 50, 0
L 838.0, -1412.0, -46.0, 838.0, -1409.0, -47.0, 100, 50, 0
L 849.0, -1412.0, -47.0, 838.0, -1412.0, -46.0, 100, 50, 0
L 849.0, -1454.0, -47.0, 849.0, -1412.0, -47.0, 100, 50, 0
L 818.0, -1454.0, -47.0, 849.0, -1454.0, -47.0, 100, 50, 0
L 818.0, -1412.0, -47.0, 818.0, -1454.0, -47.0, 100, 50, 0
L -4039.0, 47.0, 485.0, -4027.0, 190.0, 491.0, 205, 133, 63
L -3914.0, -46.0, 466.0, -4039.0, 47.0, 485.0, 205, 133, 63
L -3910.0, -153.0, 464.0, -3914.0, -46.0, 466.0, 205, 133, 63
L -3921.0, -316.0, 471.0, -3910.0, -153.0, 464.0, 205, 133, 63
L -3795.0, -390.0, 449.0, -3921.0, -316.0, 471.0, 205, 133, 63
L -3787.0, -447.0, 448.0, -3795.0, -390.0, 449.0, 205, 133, 63
L -3678.0, -514.0, 437.0, -3787.0, -447.0, 448.0, 205, 133, 63
L -3668.0, -570.0, 437.0, -3678.0, -514.0, 437.0, 205, 133, 63
L -3578.0, -624.0, 428.0, -3668.0, -570.0, 437.0, 205, 133, 63
L -3551.0, -693.0, 429.0, -3578.0, -624.0, 428.0, 205, 133, 63
L -3446.0, -757.0, 409.0, -3551.0, -693.0, 429.0, 205, 133, 63
L -3453.0, -787.0, 411.0, -3446.0, -757.0, 409.0, 205, 133, 63
L -3358.0, -902.0, 396.0, -3453.0, -787.0, 411.0, 205, 133, 63
L -3250.0, -904.0, 382.0, -3358.0, -902.0, 396.0, 205, 133, 63
L -1157.0, -641.0, 152.0, -1149.0, -539.0, 130.0, 205, 133, 63
L -1262.0, -679.0, 143.0, -1157.0, -641.0, 152.0, 205, 133, 63
L -1269.0, -720.0, 146.0, -1262.0, -679.0, 143.0, 205, 133, 63
L -1259.0, -752.0, 146.0, -1269.0, -720.0, 146.0, 205, 133, 63
L -1268.0, -786.0, 146.0, -1259.0, -752.0, 146.0, 205, 133, 63
L -1265.0, -1079.0, 139.0, -1268.0, -786.0, 146.0, 205, 133, 63
L 906.0, -1380.0, -49.0, 984.0, -1379.0, -51.0, 205, 133, 63
L 862.0, -1312.0, -48.0, 906.0, -1380.0, -49.0, 205, 133, 63
L 818.0, -1254.0, -46.0, 862.0, -1312.0, -48.0, 205, 133, 63
L 597.0, -1271.0, -34.0, 818.0, -1254.0, -46.0, 205, 133, 63
L 586.0, -1256.0, -33.0, 597.0, -1271.0, -34.0, 205, 133, 63
L 448.0, -1257.0, -22.0, 586.0, -1256.0, -33.0, 205, 133, 63
L 412.0, -1304.0, -12.0, 448.0, -1257.0, -22.0, 205, 133, 63
L 405.0, -1327.0, -8.0, 412.0, -1304.0, -12.0, 205, 133, 63
L 359.0, -1385.0, -5.0, 405.0, -1327.0, -8.0, 205, 133, 63
L 299.0, -1385.0, -9.0, 359.0, -1385.0, -5.0, 205, 133, 63
L 100.0, -1380.0, -27.0, 299.0, -1385.0, -9.0, 205, 133, 63
L 53.0, -1304.0, -27.0, 100.0, -1380.0, -27.0, 205, 133, 63
L -4.0, -1283.0, -25.0, 53.0, -1304.0, -27.0, 205, 133, 63
L -5.0, -1246.0, -25.0, -4.0, -1283.0, -25.0, 205, 133, 63
L -119.0, -1172.0, -22.0, -5.0, -1246.0, -25.0, 205, 133, 63
L -122.0, -1140.0, -21.0, -119.0, -1172.0, -22.0, 205, 133, 63
L -216.0, -1018.0, -20.0, -122.0, -1140.0, -21.0, 205, 133, 63
L -341.0, -1020.0, -16.0, -216.0, -1018.0, -20.0, 205, 133, 63
L -342.0, -1020.0, -16.0, -344.0, -893.0, -16.0, 205, 133, 63
L -479.0, -1024.0, 10.0, -342.0, -1020.0, -16.0, 205, 133, 63
L -521.0, -959.0, 24.0, -479.0, -1024.0, 10.0, 205, 133, 63
L -564.0, -896.0, 31.0, -521.0, -959.0, 24.0, 205, 133, 63
L -703.0, -891.0, 64.0, -564.0, -896.0, 31.0, 205, 133, 63
L -754.0, -966.0, 76.0, -703.0, -891.0, 64.0, 205, 133, 63
L -786.0, -1028.0, 80.0, -754.0, -966.0, 76.0, 205, 133, 63
L -837.0, -1043.0, 87.0, -786.0, -1028.0, 80.0, 205, 133, 63
L -911.0, -1145.0, 96.0, -837.0, -1043.0, 87.0, 205, 133, 63
L -1267.0, -1143.0, 139.0, -911.0, -1145.0, 96.0, 205, 133, 63
L -1267.0, -1144.0, 139.0, -1266.0, -1080.0, 139.0, 205, 133, 63
L -1287.0, -1136.0, 141.0, -1267.0, -1144.0, 139.0, 205, 133, 63
L -1313.0, -1142.0, 145.0, -1287.0, -1136.0, 141.0, 205, 133, 63
L -1399.0, -1135.0, 156.0, -1313.0, -1142.0, 145.0, 205, 133, 63
L -1472.0, -1273.0, 164.0, -1399.0, -1135.0, 156.0, 205, 133, 63
L -1524.0, -1280.0, 171.0, -1472.0, -1273.0, 164.0, 205, 133, 63
L -1599.0, -1384.0, 181.0, -1524.0, -1280.0, 171.0, 205, 133, 63
L -1752.0, -1377.0, 199.0, -1599.0, -1384.0, 181.0, 205, 133, 63
L -1849.0, -1273.0, 212.0, -1752.0, -1377.0, 199.0, 205, 133, 63
L -1856.0, -1138.0, 225.0, -1849.0, -1273.0, 212.0, 205, 133, 63
L -1948.0, -1134.0, 225.0, -1856.0, -1138.0, 225.0, 205, 133, 63
L -1989.0, -1017.0, 230.0, -1948.0, -1134.0, 225.0, 205, 133, 63
L -2088.0, -1017.0, 240.0, -1989.0, -1017.0, 230.0, 205, 133, 63
L -2164.0, -1149.0, 251.0, -2088.0, -1017.0, 240.0, 205, 133, 63
L -2217.0, -1157.0, 258.0, -2164.0, -1149.0, 251.0, 205, 133, 63
L -2290.0, -1262.0, 280.0, -2217.0, -1157.0, 258.0, 205, 133, 63
L -2397.0, -1269.0, 287.0, -2290.0, -1262.0, 280.0, 205, 133, 63
L -2550.0, -1265.0, 296.0, -2397.0, -1269.0, 287.0, 205, 133, 63
L -2592.0, -1205.0, 302.0, -2550.0, -1265.0, 296.0, 205, 133, 63
L -2633.0, -1176.0, 307.0, -2592.0, -1205.0, 302.0, 205, 133, 63
L -2641.0, -1116.0, 308.0, -2633.0, -1176.0, 307.0, 205, 133, 63
L -2691.0, -1094.0, 314.0, -2641.0, -1116.0, 308.0, 205, 133, 63
L -2747.0, -1050.0, 322.0, -2691.0, -1094.0, 314.0, 205, 133, 63
L -2755.0, -995.0, 323.0, -2747.0, -1050.0, 322.0, 205, 133, 63
L -2808.0, -969.0, 328.0, -2755.0, -995.0, 323.0, 205, 133, 63
L -2855.0, -904.0, 336.0, -2808.0, -969.0, 328.0, 205, 133, 63
L -3244.0, -903.0, 382.0, -2855.0, -904.0, 336.0, 205, 133, 63
L -3299.0, -970.0, 388.0, -3246.0, -904.0, 382.0, 205, 133, 63
L -3314.0, -1029.0, 391.0, -3299.0, -970.0, 388.0, 205, 133, 63
L -3372.0, -1043.0, 397.0, -3314.0, -1029.0, 391.0, 205, 133, 63
L -3404.0, -1087.0, 401.0, -3372.0, -1043.0, 397.0, 205, 133, 63
L -3433.0, -1146.0, 405.0, -3404.0, -1087.0, 401.0, 205, 133, 63
L -3484.0, -1158.0, 411.0, -3433.0, -1146.0, 405.0, 205, 133, 63
L -3548.0, -1271.0, 419.0, -3484.0, -1158.0, 411.0, 205, 133, 63
L -3599.0, -1277.0, 425.0, -3548.0, -1271.0, 419.0, 205, 133, 63
L -3635.0, -1325.0, 430.0, -3599.0, -1277.0, 425.0, 205, 133, 63
L -3664.0, -1389.0, 433.0, -3635.0, -1325.0, 430.0, 205, 133, 63
L -3714.0, -1398.0, 439.0, -3664.0, -1389.0, 433.0, 205, 133, 63
L -3789.0, -1504.0, 449.0, -3714.0, -1398.0, 439.0, 205, 133, 63
L -3979.0, -1499.0, 478.0, -3789.0, -1504.0, 449.0, 205, 133, 63
L -4016.0, -1514.0, 486.0, -3979.0, -1499.0, 478.0, 205, 133, 63
L -4041.0, -1494.0, 489.0, -4016.0, -1514.0, 486.0, 205, 133, 63
L -4072.0, -1509.0, 495.0, -4041.0, -1494.0, 489.0, 205, 133, 63
L -4090.0, -1497.0, 496.0, -4072.0, -1509.0, 495.0, 205, 133, 63
L -4141.0, -1513.0, 500.0, -4090.0, -1497.0, 496.0, 205, 133, 63
L -4716.0, -413.0, 662.0, -4765.0, -421.0, 665.0, 205, 133, 63
L -4692.0, -424.0, 656.0, -4716.0, -413.0, 662.0, 205, 133, 63
L -4615.0, -413.0, 658.0, -4692.0, -424.0, 656.0, 205, 133, 63
L -4603.0, -555.0, 636.0, -4615.0, -413.0, 658.0, 205, 133, 63
L -4531.0, -604.0, 649.0, -4603.0, -555.0, 636.0, 205, 133, 63
L -4474.0, -652.0, 649.0, -4531.0, -604.0, 649.0, 205, 133, 63
L -4479.0, -765.0, 643.0, -4474.0, -652.0, 649.0, 205, 133, 63
L -4478.0, -874.0, 627.0, -4479.0, -765.0, 643.0, 205, 133, 63
L -4486.0, -897.0, 621.0, -4478.0, -874.0, 627.0, 205, 133, 63
L -4470.0, -1125.0, 582.0, -4486.0, -897.0, 621.0, 205, 133, 63
L -4392.0, -1139.0, 579.0, -4470.0, -1125.0, 582.0, 205, 133, 63
L -4374.0, -1201.0, 573.0, -4392.0, -1139.0, 579.0, 205, 133, 63
L -4370.0, -1359.0, 552.0, -4374.0, -1201.0, 573.0, 205, 133, 63
L -4384.0, -1392.0, 546.0, -4370.0, -1359.0, 552.0, 205, 133, 63
L -4355.0, -1500.0, 526.0, -4384.0, -1392.0, 546.0, 205, 133, 63
L -4266.0, -1502.0, 522.0, -4355.0, -1500.0, 526.0, 205, 133, 63
L -4247.0, -1510.0, 520.0, -4266.0, -1502.0, 522.0, 205, 133, 63
L -4213.0, -1497.0, 521.0, -4247.0, -1510.0, 520.0, 205, 133, 63
L -4146.0, -1510.0, 500.0, -4213.0, -1497.0, 521.0, 205, 133, 63
L -4108.0, -1528.0, 501.0, -4146.0, -1510.0, 500.0, 205, 133, 63
L -4082.0, -1563.0, 503.0, -4108.0, -1528.0, 501.0, 205, 133, 63
L -4042.0, -1606.0, 489.0, -4082.0, -1563.0, 503.0, 205, 133, 63
L -4042.0, -1643.0, 484.0, -4042.0, -1606.0, 489.0, 205, 133, 63
L -3904.0, -1711.0, 465.0, -4042.0, -1643.0, 484.0, 205, 133, 63
L -3912.0, -1739.0, 468.0, -3904.0, -1711.0, 465.0, 205, 133, 63
L -3903.0, -1769.0, 466.0, -3912.0, -1739.0, 468.0, 205, 133, 63
L -3794.0, -1854.0, 451.0, -3903.0, -1769.0, 466.0, 205, 133, 63
L -3802.0, -1907.0, 453.0, -3794.0, -1854.0, 451.0, 205, 133, 63
L -3819.0, -2024.0, 462.0, -3830.0, -2024.0, 462.0, 199, 21, 133
L -3818.0, -2012.0, 462.0, -3819.0, -2024.0, 462.0, 0, 0, 0
L -3783.0, -2012.0, 462.0, -3818.0, -2012.0, 462.0, 0, 0, 0
L -3792.0, -1955.0, 458.0, -3783.0, -1976.0, 462.0, 0, 0, 0
L -3791.0, -1926.0, 458.0, -3792.0, -1955.0, 458.0, 0, 0, 0
L -3785.0, -1925.0, 456.0, -3791.0, -1926.0, 458.0, 0, 0, 0
L -3813.0, -1923.0, 457.0, -3821.0, -1922.0, 457.0, 0, 0, 0
L -3812.0, -1955.0, 458.0, -3813.0, -1923.0, 457.0, 0, 0, 0
L -3794.0, -1975.0, 462.0, -3812.0, -1955.0, 458.0, 0, 0, 0
L -3794.0, -2000.0, 462.0, -3794.0, -1975.0, 462.0, 0, 0, 0
L -3830.0, -2000.0, 462.0, -3794.0, -2000.0, 462.0, 0, 0, 0
L -3830.0, -2024.0, 462.0, -3830.0, -2000.0, 462.0, 0, 0, 0
L 660.0, 624.0, -49.0, 686.0, 598.0, -48.0, 0, 0, 255
L 638.0, 663.0, -49.0, 660.0, 624.0, -49.0, 0, 0, 255
L 553.0, 599.0, -49.0, 638.0, 663.0, -49.0, 0, 0, 255
L 524.0, 599.0, -46.0, 553.0, 599.0, -49.0, 0, 0, 255
L 445.0, 598.0, -49.0, 524.0, 599.0, -46.0, 0, 0, 255
L 416.0, 611.0, -49.0, 445.0, 598.0, -49.0, 0, 0, 255
L 393.0, 598.0, -49.0, 416.0, 611.0, -49.0, 0, 0, 255
L 285.0, 591.0, -49.0, 393.0, 598.0, -49.0, 0, 0, 255
L 245.0, 600.0, -48.0, 285.0, 591.0, -49.0, 0, 0, 255
L 204.0, 623.0, -48.0, 245.0, 600.0, -48.0, 0, 0, 255
L 177.0, 622.0, -49.0, 204.0, 623.0, -48.0, 0, 0, 255
L 124.0, 601.0, -47.0, 177.0, 622.0, -49.0, 0, 0, 255
L 55.0, 583.0, -48.0, 124.0, 601.0, -47.0, 0, 0, 255
L 44.0, 584.0, -49.0, 55.0, 583.0, -48.0, 0, 0, 255
L -31.0, 599.0, -49.0, 44.0, 584.0, -49.0, 0, 0, 255
L -47.0, 608.0, -48.0, -31.0, 599.0, -49.0, 0, 0, 255
L -85.0, 601.0, -48.0, -47.0, 608.0, -48.0, 0, 0, 255
L -169.0, 591.0, -47.0, -85.0, 601.0, -48.0, 0, 0, 255
L -294.0, 576.0, -48.0, -169.0, 591.0, -47.0, 0, 0, 255
L -376.0, 509.0, -48.0, -294.0, 576.0, -48.0, 0, 0, 255
L -401.0, 505.0, -49.0, -376.0, 509.0, -48.0, 0, 0, 255
L -410.0, 500.0, -47.0, -401.0, 505.0, -49.0, 0, 0, 255
L -419.0, 479.0, -48.0, -410.0, 500.0, -47.0, 0, 0, 255
L -419.0, 465.0, -48.0, -419.0, 479.0, -48.0, 0, 0, 255
L -405.0, 450.0, -48.0, -419.0, 465.0, -48.0, 0, 0, 255
L -384.0, 385.0, -49.0, -405.0, 450.0, -48.0, 0, 0, 255
L -327.0, 359.0, -49.0, -384.0, 385.0, -49.0, 0, 0, 255
L -290.0, 320.0, -49.0, -327.0, 359.0, -49.0, 0, 0, 255
L -271.0, 263.0, -47.0, -290.0, 320.0, -49.0, 0, 0, 255
L -232.0, 240.0, -48.0, -271.0, 263.0, -47.0, 0, 0, 255
L -207.0, 207.0, -48.0, -232.0, 240.0, -48.0, 0, 0, 255
L -177.0, 199.0, -50.0, -207.0, 207.0, -48.0, 0, 0, 255
L -141.0, 158.0, -50.0, -177.0, 199.0, -50.0, 0, 0, 255
L -67.0, 140.0, -49.0, -141.0, 158.0, -50.0, 0, 0, 255
L 66.0, 128.0, -48.0, -67.0, 140.0, -49.0, 0, 0, 255
L 99.0, 118.0, -48.0, 66.0, 128.0, -48.0, 0, 0, 255
L 132.0, 83.0, -46.0, 99.0, 118.0, -48.0, 0, 0, 255
L 274.0, 104.0, -49.0, 132.0, 83.0, -46.0, 0, 0, 255
L 288.0, 98.0, -49.0, 274.0, 104.0, -49.0, 0, 0, 255
L 354.0, 118.0, -48.0, 288.0, 98.0, -49.0, 0, 0, 255
L 409.0, 124.0, -46.0, 354.0, 118.0, -48.0, 0, 0, 255
L 521.0, 130.0, -49.0, 409.0, 124.0, -46.0, 0, 0, 255
L 633.0, 241.0, -49.0, 521.0, 130.0, -49.0, 0, 0, 255
L 728.0, 355.0, -48.0, 633.0, 241.0, -49.0, 0, 0, 255
L 737.0, 461.0, -49.0, 728.0, 355.0, -48.0, 0, 0, 255
L 637.0, 467.0, -50.0, 737.0, 461.0, -49.0, 0, 0, 255
L 638.0, 502.0, -49.0, 637.0, 467.0, -50.0, 0, 0, 255
L 686.0, 598.0, -49.0, 638.0, 502.0, -49.0, 0, 0, 255
L 908.0, -1166.0, 3.0, 931.0, 882.0, 135.0, 0, 0, 0
L 897.0, -1197.0, -27.0, 908.0, -1166.0, 3.0, 0, 0, 0
L 983.0, -1265.0, -15.0, 897.0, -1197.0, -27.0, 0, 0, 0
L 1005.0, -1277.0, -1.0, 983.0, -1265.0, -15.0, 0, 0, 0
L 1030.0, -1335.0, -51.0, 1017.0, -1306.0, -26.0, 0, 0, 0
L 1058.0, -1307.0, -51.0, 1030.0, -1335.0, -51.0, 0, 0, 0
L 1086.0, -1290.0, -51.0, 1058.0, -1307.0, -51.0, 0, 0, 0
L 1119.0, -1294.0, -51.0, 1086.0, -1290.0, -51.0, 0, 0, 0
L 1155.0, -1354.0, -51.0, 1119.0, -1294.0, -51.0, 0, 0, 0
L 1150.0, -1418.0, -51.0, 1155.0, -1354.0, -51.0, 0, 0, 0
L 1118.0, -1431.0, -51.0, 1150.0, -1418.0, -51.0, 0, 0, 0
L 1099.0, -1447.0, -51.0, 1118.0, -1431.0, -51.0, 0, 0, 0
L 1098.0, -1466.0, -51.0, 1099.0, -1447.0, -51.0, 0, 0, 0
L 1079.0, -1466.0, -51.0, 1076.0, -1441.0, -51.0, 0, 0, 0
L 1098.0, -1467.0, -51.0, 1079.0, -1466.0, -51.0, 199, 21, 133
L 931.0, 882.0, 135.0, -4702.0, 906.0, 768.0, 0, 0, 0
L -4702.0, 906.0, 768.0, -4702.0, 154.0, 674.0, 0, 0, 0
L -4702.0, 154.0, 674.0, -4702.0, -79.0, 750.0, 0, 0, 0
L -4702.0, -79.0, 750.0, -4822.0, -358.0, 691.0, 0, 0, 0
L -4822.0, -358.0, 691.0, -4878.0, -390.0, 686.0, 0, 0, 0
L -4934.0, -423.0, 681.0, -4981.0, -474.0, 686.0, 0, 0, 0
L -4981.0, -474.0, 686.0, -4982.0, -509.0, 690.0, 0, 0, 0
L -4982.0, -509.0, 690.0, -4954.0, -537.0, 690.0, 0, 0, 0
L -4954.0, -537.0, 690.0, -4912.0, -537.0, 690.0, 0, 0, 0
L -4912.0, -537.0, 690.0, -4899.0, -551.0, 690.0, 0, 0, 0
L -4899.0, -551.0, 690.0, -4899.0, -561.0, 690.0, 0, 0, 0
L -4899.0, -565.0, 690.0, -4913.0, -579.0, 690.0, 0, 0, 0
L -4899.0, -593.0, 690.0, -4885.0, -578.0, 690.0, 0, 0, 0
L -4885.0, -578.0, 690.0, -4885.0, -561.0, 690.0, 0, 0, 0
L -4885.0, -538.0, 690.0, -4900.0, -524.0, 690.0, 0, 0, 0
L -4900.0, -524.0, 690.0, -4942.0, -524.0, 690.0, 0, 0, 0
L -4942.0, -524.0, 690.0, -4955.0, -510.0, 690.0, 0, 0, 0
L -4955.0, -510.0, 690.0, -4962.0, -482.0, 686.0, 0, 0, 0
L -4962.0, -482.0, 686.0, -4922.0, -465.0, 681.0, 0, 0, 0
L -4922.0, -465.0, 681.0, -4874.0, -470.0, 676.0, 0, 0, 0
L -4874.0, -470.0, 676.0, -4832.0, -474.0, 672.0, 0, 0, 0
L -3690.0, -1987.0, 565.0, -3477.0, -1992.0, 626.0, 0, 0, 0
L -3477.0, -1992.0, 626.0, -3302.0, -1992.0, 583.0, 0, 0, 0
L -3302.0, -1992.0, 583.0, -3011.0, -1991.0, 563.0, 0, 0, 0
L -3011.0, -1991.0, 563.0, -2961.0, -1991.0, 560.0, 0, 0, 0
L -2961.0, -1991.0, 560.0, 896.0, -1987.0, 159.0, 0, 0, 0
L 896.0, -1987.0, 159.0, 898.0, -1904.0, 72.0, 0, 0, 0
L 898.0, -1904.0, 72.0, 904.0, -1634.0, 6.0, 0, 0, 0
L 904.0, -1634.0, 6.0, 906.0, -1559.0, -25.0, 0, 0, 0
L 906.0, -1559.0, -25.0, 933.0, -1501.0, -45.0, 0, 0, 0
L 933.0, -1501.0, -45.0, 978.0, -1452.0, -44.0, 0, 0, 0
L 1023.0, -1403.0, -44.0, 1029.0, -1386.0, -48.0, 0, 0, 0
L 1029.0, -1386.0, -48.0, 1073.0, -1333.0, -51.0, 0, 0, 0
L 1073.0, -1333.0, -51.0, 1081.0, -1326.0, -51.0, 0, 0, 0
L 1081.0, -1326.0, -51.0, 1093.0, -1318.0, -51.0, 0, 0, 0
L 1093.0, -1318.0, -51.0, 1106.0, -1325.0, -51.0, 0, 0, 0
L 1106.0, -1325.0, -51.0, 1128.0, -1363.0, -51.0, 0, 0, 0
L 1128.0, -1363.0, -51.0, 1103.0, -1410.0, -51.0, 0, 0, 0
L 1103.0, -1410.0, -51.0, 1076.0, -1442.0, -51.0, 0, 0, 0
L -1312.0, 235.0, 148.0, -1327.0, 242.0, 149.0, 0, 0, 0
L -1327.0, 242.0, 149.0, -1321.0, 258.0, 150.0, 0, 0, 0
L -1321.0, 258.0, 150.0, -1305.0, 252.0, 148.0, 0, 0, 0
L -1305.0, 252.0, 148.0, -1312.0, 235.0, 148.0, 0, 0, 0
L -1338.0, 227.0, 149.0, -1330.0, 223.0, 149.0, 0, 0, 0
L -1330.0, 223.0, 149.0, -1334.0, 215.0, 149.0, 0, 0, 0
L -1334.0, 215.0, 149.0, -1341.0, 219.0, 150.0, 0, 0, 0
L -1341.0, 219.0, 150.0, -1338.0, 227.0, 149.0, 0, 0, 0
L -1324.0, 221.0, 148.0, -1316.0, 217.0, 150.0, 0, 0, 0
L -1316.0, 217.0, 150.0, -1319.0, 209.0, 149.0, 0, 0, 0
L -1319.0, 209.0, 149.0, -1328.0, 214.0, 149.0, 0, 0, 0
L -1328.0, 214.0, 149.0, -1324.0, 221.0, 149.0, 0, 0, 0
L -1299.0, 225.0, 148.0, -1295.0, 233.0, 148.0, 0, 0, 0
L -1295.0, 233.0, 148.0, -1288.0, 229.0, 148.0, 0, 0, 0
L -1288.0, 229.0, 148.0, -1291.0, 221.0, 149.0, 0, 0, 0
L -1291.0, 221.0, 149.0, -1299.0, 225.0, 148.0, 0, 0, 0
L -1290.0, 232.0, 148.0, -1283.0, 238.0, 148.0, 0, 0, 0
L -1283.0, 238.0, 148.0, -1265.0, 218.0, 149.0, 0, 0, 0
L -1265.0, 218.0, 149.0, -1272.0, 212.0, 149.0, 0, 0, 0
L -1272.0, 212.0, 149.0, -1290.0, 232.0, 148.0, 0, 0, 0
L -1287.0, 238.0, 148.0, -1288.0, 246.0, 148.0, 0, 0, 0
L -1288.0, 246.0, 148.0, -1280.0, 247.0, 148.0, 0, 0, 0
L -1280.0, 247.0, 148.0, -1279.0, 239.0, 148.0, 0, 0, 0
L -1279.0, 239.0, 148.0, -1287.0, 238.0, 148.0, 0, 0, 0
L -1294.0, 266.0, 148.0, -1302.0, 270.0, 149.0, 0, 0, 0
L -1302.0, 270.0, 149.0, -1298.0, 277.0, 150.0, 0, 0, 0
L -1298.0, 277.0, 150.0, -1290.0, 274.0, 148.0, 0, 0, 0
L -1290.0, 274.0, 148.0, -1294.0, 266.0, 148.0, 0, 0, 0
L -1308.0, 272.0, 150.0, -1316.0, 276.0, 152.0, 0, 0, 0
L -1316.0, 276.0, 152.0, -1313.0, 284.0, 152.0, 0, 0, 0
L -1313.0, 284.0, 152.0, -1305.0, 280.0, 151.0, 0, 0, 0
L -1305.0, 280.0, 151.0, -1308.0, 272.0, 150.0, 0, 0, 0
L -1341.0, 270.0, 153.0, -1344.0, 262.0, 153.0, 0, 0, 0
L -1344.0, 262.0, 153.0, -1352.0, 265.0, 154.0, 0, 0, 0
L -1352.0, 265.0, 154.0, -1349.0, 273.0, 155.0, 0, 0, 0
L -1349.0, 273.0, 155.0, -1341.0, 270.0, 154.0, 0, 0, 0
L -1347.0, 255.0, 152.0, -1350.0, 247.0, 152.0, 0, 0, 0
L -1350.0, 247.0, 152.0, -1359.0, 251.0, 153.0, 0, 0, 0
L -1359.0, 251.0, 153.0, -1355.0, 259.0, 154.0, 0, 0, 0
L -1355.0, 259.0, 154.0, -1347.0, 255.0, 153.0, 0, 0, 0
L -1332.0, 194.0, 150.0, -1349.0, 215.0, 151.0, 0, 0, 0
L -1349.0, 215.0, 151.0, -1342.0, 219.0, 150.0, 0, 0, 0
L -1342.0, 219.0, 150.0, -1325.0, 200.0, 149.0, 0, 0, 0
L -1325.0, 200.0, 149.0, -1332.0, 194.0, 150.0, 0, 0, 0
L -1952.0, 449.0, 235.0, -1952.0, 502.0, 235.0, 0, 0, 0
L -2774.0, -264.0, 335.0, -2809.0, -287.0, 339.0, 0, 0, 0
L -2809.0, -287.0, 339.0, -2793.0, -313.0, 333.0, 0, 0, 0
L -2793.0, -313.0, 333.0, -2757.0, -291.0, 332.0, 0, 0, 0
L -2757.0, -291.0, 332.0, -2762.0, -282.0, 332.0, 0, 0, 0
L -2768.0, -273.0, 333.0, -2774.0, -264.0, 335.0, 0, 0, 0
L -2317.0, -792.0, 272.0, -2313.0, -834.0, 272.0, 0, 0, 0
L -2313.0, -834.0, 272.0, -2282.0, -831.0, 269.0, 0, 0, 0
L -2282.0, -831.0, 269.0, -2286.0, -789.0, 269.0, 0, 0, 0
L -2286.0, -789.0, 269.0, -2296.0, -790.0, 269.0, 0, 0, 0
L -2308.0, -791.0, 270.0, -2317.0, -792.0, 272.0, 0, 0, 0
L -2321.0, -1489.0, 295.0, -2333.0, -1489.0, 295.0, 0, 0, 0
L -2333.0, -1489.0, 295.0, -2333.0, -1536.0, 295.0, 0, 0, 0
L -2333.0, -1536.0, 295.0, -2320.0, -1535.0, 295.0, 0, 0, 0
L -2320.0, -1535.0, 295.0, -2320.0, -1540.0, 295.0, 0, 0, 0
L -2320.0, -1540.0, 295.0, -2310.0, -1540.0, 295.0, 0, 0, 0
L -2310.0, -1540.0, 295.0, -2311.0, -1535.0, 295.0, 0, 0, 0
L -2311.0, -1535.0, 295.0, -2298.0, -1535.0, 295.0, 0, 0, 0
L -2298.0, -1535.0, 295.0, -2298.0, -1489.0, 295.0, 0, 0, 0
L -2298.0, -1489.0, 295.0, -2310.0, -1489.0, 295.0, 0, 0, 0
L -2300.0, -1491.0, 296.0, -2300.0, -1533.0, 296.0, 0, 0, 0
L -2331.0, -1533.0, 296.0, -2331.0, -1491.0, 296.0, 0, 0, 0
L -2290.0, -1472.0, 295.0, -2248.0, -1472.0, 295.0, 0, 0, 0
L -2248.0, -1472.0, 295.0, -2248.0, -1440.0, 296.0, 0, 0, 0
L -2248.0, -1440.0, 296.0, -2290.0, -1440.0, 296.0, 0, 0, 0
L -2290.0, -1440.0, 296.0, -2290.0, -1450.0, 296.0, 0, 0, 0
L -2290.0, -1461.0, 296.0, -2290.0, -1472.0, 295.0, 0, 0, 0
L -2290.0, -1461.0, 296.0, -2293.0, -1461.0, 295.0, 0, 0, 0
L -2293.0, -1461.0, 295.0, -2293.0, -1473.0, 295.0, 0, 0, 0
L -2293.0, -1473.0, 295.0, -2246.0, -1473.0, 295.0, 0, 0, 0
L -2246.0, -1473.0, 295.0, -2246.0, -1460.0, 295.0, 0, 0, 0
L -2246.0, -1460.0, 295.0, -2242.0, -1460.0, 294.0, 0, 0, 0
L -2242.0, -1460.0, 294.0, -2242.0, -1451.0, 294.0, 0, 0, 0
L -2242.0, -1451.0, 294.0, -2246.0, -1451.0, 295.0, 0, 0, 0
L -2246.0, -1451.0, 295.0, -2246.0, -1438.0, 295.0, 0, 0, 0
L -2246.0, -1438.0, 295.0, -2293.0, -1438.0, 295.0, 0, 0, 0
L -2293.0, -1438.0, 295.0, -2293.0, -1450.0, 295.0, 0, 0, 0
L -2293.0, -1450.0, 295.0, -2290.0, -1450.0, 296.0, 0, 0, 0
L -3845.0, 199.0, 493.0, -3803.0, 199.0, 493.0, 0, 0, 0
L -3803.0, 199.0, 493.0, -3803.0, 231.0, 493.0, 0, 0, 0
L -3803.0, 231.0, 493.0, -3845.0, 231.0, 493.0, 0, 0, 0
L -3845.0, 231.0, 493.0, -3845.0, 222.0, 493.0, 0, 0, 0
L -3845.0, 210.0, 493.0, -3845.0, 199.0, 493.0, 0, 0, 0
L -3845.0, 210.0, 493.0, -3848.0, 209.0, 493.0, 0, 0, 0
L -3848.0, 209.0, 493.0, -3848.0, 198.0, 493.0, 0, 0, 0
L -3848.0, 198.0, 493.0, -3801.0, 198.0, 492.0, 0, 0, 0
L -3801.0, 198.0, 492.0, -3801.0, 211.0, 492.0, 0, 0, 0
L -3801.0, 211.0, 492.0, -3797.0, 211.0, 492.0, 0, 0, 0
L -3797.0, 211.0, 492.0, -3797.0, 220.0, 492.0, 0, 0, 0
L -3797.0, 220.0, 492.0, -3801.0, 220.0, 492.0, 0, 0, 0
L -3801.0, 220.0, 492.0, -3802.0, 233.0, 492.0, 0, 0, 0
L -3802.0, 233.0, 492.0, -3848.0, 232.0, 493.0, 0, 0, 0
L -3848.0, 232.0, 493.0, -3848.0, 222.0, 493.0, 0, 0, 0
L -3848.0, 222.0, 493.0, -3845.0, 222.0, 493.0, 0, 0, 0
L -4899.0, -561.0, 690.0, -4899.0, -565.0, 690.0, 0, 0, 0
L -4885.0, -561.0, 690.0, -4885.0, -538.0, 690.0, 0, 0, 0
L -4899.0, -561.0, 690.0, -4885.0, -561.0, 690.0, 199, 21, 133
L -4713.0, -1986.0, 832.0, -4713.0, -1944.0, 832.0, 0, 0, 0
L -4713.0, -1944.0, 832.0, -4714.0, -1900.0, 826.0, 0, 0, 0
L -4714.0, -1900.0, 826.0, -4714.0, -1860.0, 815.0, 0, 0, 0
L -4714.0, -1860.0, 815.0, -4715.0, -1817.0, 817.0, 0, 0, 0
L -4715.0, -1817.0, 817.0, -4715.0, -1770.0, 802.0, 0, 0, 0
L -4715.0, -1770.0, 802.0, -4716.0, -1729.0, 790.0, 0, 0, 0
L -4716.0, -1729.0, 790.0, -4716.0, -1685.0, 790.0, 0, 0, 0
L -4716.0, -1685.0, 790.0, -4717.0, -1646.0, 789.0, 0, 0, 0
L -4717.0, -1646.0, 789.0, -4717.0, -1603.0, 798.0, 0, 0, 0
L -4717.0, -1603.0, 798.0, -4718.0, -1561.0, 810.0, 0, 0, 0
L -4718.0, -1561.0, 810.0, -4718.0, -1517.0, 818.0, 0, 0, 0
L -4718.0, -1517.0, 818.0, -4719.0, -1477.0, 802.0, 0, 0, 0
L -4719.0, -1477.0, 802.0, -4719.0, -1436.0, 788.0, 0, 0, 0
L -4719.0, -1436.0, 788.0, -4720.0, -1392.0, 783.0, 0, 0, 0
L -4720.0, -1392.0, 783.0, -4720.0, -1350.0, 774.0, 0, 0, 0
L -4720.0, -1350.0, 774.0, -4721.0, -1309.0, 767.0, 0, 0, 0
L -4721.0, -1309.0, 767.0, -4721.0, -1268.0, 767.0, 0, 0, 0
L -4721.0, -1268.0, 767.0, -4722.0, -1225.0, 767.0, 0, 0, 0
L -4722.0, -1225.0, 767.0, -4723.0, -1183.0, 767.0, 0, 0, 0
L -4723.0, -1183.0, 767.0, -4723.0, -1141.0, 766.0, 0, 0, 0
L -4723.0, -1141.0, 766.0, -4724.0, -1101.0, 762.0, 0, 0, 0
L -4724.0, -1101.0, 762.0, -4724.0, -1057.0, 762.0, 0, 0, 0
L -4724.0, -1057.0, 762.0, -4725.0, -1017.0, 764.0, 0, 0, 0
L -4725.0, -1017.0, 764.0, -4725.0, -974.0, 766.0, 0, 0, 0
L -4725.0, -974.0, 766.0, -4726.0, -934.0, 769.0, 0, 0, 0
L -4726.0, -934.0, 769.0, -4726.0, -891.0, 767.0, 0, 0, 0
L -4726.0, -891.0, 767.0, -4727.0, -849.0, 762.0, 0, 0, 0
L -4727.0, -849.0, 762.0, -4727.0, -807.0, 749.0, 0, 0, 0
L -4727.0, -807.0, 749.0, -4728.0, -765.0, 763.0, 0, 0, 0
L -4728.0, -765.0, 763.0, -4728.0, -724.0, 780.0, 0, 0, 0
L -4728.0, -724.0, 780.0, -4729.0, -680.0, 783.0, 0, 0, 0
L -4729.0, -680.0, 783.0, -4729.0, -638.0, 749.0, 0, 0, 0
L -4729.0, -638.0, 749.0, -4730.0, -598.0, 714.0, 0, 0, 0
L -4730.0, -598.0, 714.0, -4730.0, -568.0, 718.0, 0, 0, 0
L -4730.0, -568.0, 718.0, -4733.0, -562.0, 722.0, 0, 0, 0
L -4733.0, -562.0, 722.0, -4738.0, -553.0, 721.0, 0, 0, 0
L -4738.0, -553.0, 721.0, -4747.0, -537.0, 706.0, 0, 0, 0
L -4747.0, -537.0, 706.0, -4796.0, -509.0, 723.0, 0, 0, 0
L -4832.0, -474.0, 672.0, -4776.0, -478.0, 666.0, 150, 150, 150
L -4776.0, -478.0, 666.0, -4761.0, -479.0, 664.0, 150, 150, 150
L -4761.0, -479.0, 664.0, -4752.0, -481.0, 662.0, 150, 150, 150
L -4752.0, -481.0, 662.0, -4699.0, -489.0, 652.0, 150, 150, 150
L -4699.0, -489.0, 652.0, -4695.0, -490.0, 652.0, 150, 150, 150
L -4695.0, -490.0, 652.0, -4688.0, -494.0, 653.0, 150, 150, 150
L -4688.0, -494.0, 653.0, -4679.0, -502.0, 657.0, 150, 150, 150
L -4679.0, -502.0, 657.0, -4656.0, -521.0, 643.0, 150, 150, 150
L -4656.0, -521.0, 643.0, -4651.0, -526.0, 629.0, 150, 150, 150
L -4651.0, -526.0, 629.0, -4652.0, -534.0, 629.0, 150, 150, 150
L -4652.0, -534.0, 629.0, -4652.0, -544.0, 628.0, 150, 150, 150
L -4652.0, -544.0, 628.0, -4653.0, -550.0, 627.0, 150, 150, 150
L -4653.0, -550.0, 627.0, -4653.0, -560.0, 626.0, 150, 150, 150
L -4653.0, -560.0, 626.0, -4654.0, -568.0, 626.0, 150, 150, 150
L -4654.0, -568.0, 626.0, -4654.0, -575.0, 625.0, 150, 150, 150
L -4654.0, -575.0, 625.0, -4655.0, -585.0, 624.0, 150, 150, 150
L -4655.0, -585.0, 624.0, -4656.0, -593.0, 624.0, 150, 150, 150
L -4656.0, -593.0, 624.0, -4656.0, -601.0, 623.0, 150, 150, 150
L -4656.0, -601.0, 623.0, -4656.0, -628.0, 622.0, 150, 150, 150
L -4656.0, -628.0, 622.0, -4655.0, -649.0, 622.0, 150, 150, 150
L -4655.0, -649.0, 622.0, -4655.0, -672.0, 622.0, 150, 150, 150
L -4655.0, -672.0, 622.0, -4654.0, -691.0, 621.0, 150, 150, 150
L -4654.0, -691.0, 621.0, -4654.0, -714.0, 621.0, 150, 150, 150
L -4654.0, -714.0, 621.0, -4653.0, -735.0, 625.0, 150, 150, 150
L -4653.0, -735.0, 625.0, -4653.0, -756.0, 632.0, 150, 150, 150
L -4653.0, -756.0, 632.0, -4652.0, -776.0, 638.0, 150, 150, 150
L -4652.0, -776.0, 638.0, -4652.0, -799.0, 646.0, 150, 150, 150
L -4652.0, -799.0, 646.0, -4651.0, -819.0, 652.0, 150, 150, 150
L -4651.0, -819.0, 652.0, -4651.0, -840.0, 658.0, 150, 150, 150
L -4651.0, -840.0, 658.0, -4650.0, -863.0, 656.0, 150, 150, 150
L -4650.0, -863.0, 656.0, -4649.0, -882.0, 654.0, 150, 150, 150
L -4649.0, -882.0, 654.0, -4649.0, -906.0, 653.0, 150, 150, 150
L -4649.0, -906.0, 653.0, -4648.0, -925.0, 651.0, 150, 150, 150
L -4648.0, -925.0, 651.0, -4648.0, -946.0, 649.0, 150, 150, 150
L -4648.0, -946.0, 649.0, -4648.0, -957.0, 648.0, 150, 150, 150
L -4648.0, -957.0, 648.0, -4649.0, -966.0, 647.0, 150, 150, 150
L -4649.0, -966.0, 647.0, -4650.0, -972.0, 647.0, 150, 150, 150
L -4650.0, -972.0, 647.0, -4650.0, -980.0, 647.0, 150, 150, 150
L -4650.0, -980.0, 647.0, -4650.0, -1008.0, 646.0, 150, 150, 150
L -4650.0, -1008.0, 646.0, -4650.0, -1046.0, 644.0, 150, 150, 150
L -4650.0, -1046.0, 644.0, -4651.0, -1061.0, 643.0, 150, 150, 150
L -4651.0, -1061.0, 643.0, -4651.0, -1078.0, 643.0, 150, 150, 150
L -4651.0, -1078.0, 643.0, -4652.0, -1092.0, 643.0, 150, 150, 150
L -4652.0, -1092.0, 643.0, -4652.0, -1109.0, 643.0, 150, 150, 150
L -4652.0, -1109.0, 643.0, -4653.0, -1124.0, 643.0, 150, 150, 150
L -4653.0, -1124.0, 643.0, -4653.0, -1143.0, 642.0, 150, 150, 150
L -4653.0, -1143.0, 642.0, -4652.0, -1154.0, 642.0, 150, 150, 150
L -4652.0, -1154.0, 642.0, -4651.0, -1164.0, 641.0, 150, 150, 150
L -4651.0, -1164.0, 641.0, -4651.0, -1182.0, 641.0, 150, 150, 150
L -4651.0, -1182.0, 641.0, -4650.0, -1222.0, 641.0, 150, 150, 150
L -4650.0, -1222.0, 641.0, -4650.0, -1261.0, 642.0, 150, 150, 150
L -4650.0, -1261.0, 642.0, -4649.0, -1301.0, 643.0, 150, 150, 150
L -4649.0, -1301.0, 643.0, -4649.0, -1341.0, 646.0, 150, 150, 150
L -4649.0, -1341.0, 646.0, -4648.0, -1378.0, 650.0, 150, 150, 150
L -4648.0, -1378.0, 650.0, -4649.0, -1410.0, 653.0, 150, 150, 150
L -4649.0, -1410.0, 653.0, -4649.0, -1427.0, 655.0, 150, 150, 150
L -4649.0, -1427.0, 655.0, -4650.0, -1441.0, 657.0, 150, 150, 150
L -4650.0, -1441.0, 657.0, -4650.0, -1458.0, 655.0, 150, 150, 150
L -4650.0, -1458.0, 655.0, -4651.0, -1474.0, 654.0, 150, 150, 150
L -4651.0, -1474.0, 654.0, -4651.0, -1489.0, 652.0, 150, 150, 150
L -4651.0, -1489.0, 652.0, -4651.0, -1534.0, 646.0, 150, 150, 150
L -4651.0, -1534.0, 646.0, -4650.0, -1574.0, 643.0, 150, 150, 150
L -4650.0, -1574.0, 643.0, -4650.0, -1613.0, 645.0, 150, 150, 150
L -4650.0, -1613.0, 645.0, -4649.0, -1645.0, 646.0, 150, 150, 150
L -4649.0, -1645.0, 646.0, -4648.0, -1651.0, 646.0, 150, 150, 150
L -4648.0, -1651.0, 646.0, -4647.0, -1653.0, 645.0, 150, 150, 150
L -4647.0, -1653.0, 645.0, -4645.0, -1658.0, 645.0, 150, 150, 150
L -4645.0, -1658.0, 645.0, -4642.0, -1662.0, 644.0, 150, 150, 150
L -4642.0, -1662.0, 644.0, -4640.0, -1664.0, 643.0, 150, 150, 150
L -4640.0, -1664.0, 643.0, -4631.0, -1671.0, 639.0, 150, 150, 150
L -4631.0, -1671.0, 639.0, -4607.0, -1690.0, 634.0, 150, 150, 150
L -4607.0, -1690.0, 634.0, -4584.0, -1708.0, 635.0, 150, 150, 150
L -4584.0, -1708.0, 635.0, -4577.0, -1716.0, 637.0, 150, 150, 150
L -4577.0, -1716.0, 637.0, -4569.0, -1726.0, 636.0, 150, 150, 150
L -4569.0, -1726.0, 636.0, -4563.0, -1737.0, 635.0, 150, 150, 150
L -4563.0, -1737.0, 635.0, -4547.0, -1767.0, 635.0, 150, 150, 150
L -4547.0, -1767.0, 635.0, -4547.0, -1768.0, 635.0, 150, 150, 150
L -4547.0, -1768.0, 635.0, -4543.0, -1779.0, 636.0, 150, 150, 150
L -4543.0, -1779.0, 636.0, -4531.0, -1814.0, 635.0, 150, 150, 150
L -4531.0, -1814.0, 635.0, -4531.0, -1824.0, 635.0, 150, 150, 150
L -4531.0, -1824.0, 635.0, -4532.0, -1832.0, 635.0, 150, 150, 150
L -4532.0, -1832.0, 635.0, -4533.0, -1839.0, 635.0, 150, 150, 150
L -4533.0, -1839.0, 635.0, -4534.0, -1846.0, 635.0, 150, 150, 150
L -4534.0, -1846.0, 635.0, -4535.0, -1849.0, 635.0, 150, 150, 150
L -4535.0, -1849.0, 635.0, -4536.0, -1855.0, 635.0, 150, 150, 150
L -4536.0, -1855.0, 635.0, -4536.0, -1860.0, 635.0, 150, 150, 150
L -4536.0, -1860.0, 635.0, -4537.0, -1865.0, 635.0, 150, 150, 150
L -4537.0, -1865.0, 635.0, -4538.0, -1870.0, 635.0, 150, 150, 150
L -4538.0, -1870.0, 635.0, -4535.0, -1915.0, 632.0, 150, 150, 150
L -4535.0, -1915.0, 632.0, -4534.0, -1918.0, 631.0, 150, 150, 150
L -4534.0, -1918.0, 631.0, -4533.0, -1919.0, 631.0, 150, 150, 150
L -4533.0, -1919.0, 631.0, -4529.0, -1922.0, 634.0, 150, 150, 150
L -4529.0, -1922.0, 634.0, -4432.0, -1916.0, 622.0, 150, 150, 150
L -4432.0, -1916.0, 622.0, -4417.0, -1913.0, 621.0, 150, 150, 150
L -4417.0, -1913.0, 621.0, -4406.0, -1908.0, 619.0, 150, 150, 150
L -4406.0, -1908.0, 619.0, -4389.0, -1903.0, 606.0, 150, 150, 150
L -4389.0, -1903.0, 606.0, -4368.0, -1911.0, 603.0, 150, 150, 150
L -4368.0, -1911.0, 603.0, -4357.0, -1913.0, 601.0, 150, 150, 150
L -4357.0, -1913.0, 601.0, -4318.0, -1919.0, 591.0, 150, 150, 150
L -4318.0, -1919.0, 591.0, -4310.0, -1919.0, 589.0, 150, 150, 150
L -4310.0, -1919.0, 589.0, -4290.0, -1919.0, 585.0, 150, 150, 150
L -4290.0, -1919.0, 585.0, -4241.0, -1920.0, 575.0, 150, 150, 150
L -4241.0, -1920.0, 575.0, -4231.0, -1920.0, 574.0, 150, 150, 150
L -4231.0, -1920.0, 574.0, -4201.0, -1919.0, 567.0, 150, 150, 150
L -4201.0, -1919.0, 567.0, -4127.0, -1916.0, 556.0, 150, 150, 150
L -4127.0, -1916.0, 556.0, -4118.0, -1916.0, 554.0, 150, 150, 150
L -4118.0, -1916.0, 554.0, -4108.0, -1917.0, 553.0, 150, 150, 150
L -4108.0, -1917.0, 553.0, -4098.0, -1918.0, 552.0, 150, 150, 150
L -4098.0, -1918.0, 552.0, -4088.0, -1918.0, 551.0, 150, 150, 150
L -4088.0, -1918.0, 551.0, -3849.0, -1924.0, 463.0, 150, 150, 150
L -3849.0, -1924.0, 463.0, -3843.0, -1925.0, 463.0, 150, 150, 150
L -3843.0, -1925.0, 463.0, -3834.0, -1914.0, 465.0, 150, 150, 150
L -3834.0, -1914.0, 465.0, -3821.0, -1922.0, 457.0, 150, 150, 150
L -3785.0, -1925.0, 456.0, -3756.0, -1920.0, 448.0, 150, 150, 150
L -3756.0, -1920.0, 448.0, -3753.0, -1920.0, 447.0, 150, 150, 150
L -3753.0, -1920.0, 447.0, -3742.0, -1915.0, 445.0, 150, 150, 150
L -3742.0, -1915.0, 445.0, -3714.0, -1903.0, 452.0, 150, 150, 150
L -3714.0, -1903.0, 452.0, -3606.0, -1855.0, 481.0, 150, 150, 150
L -3606.0, -1855.0, 481.0, -3604.0, -1855.0, 481.0, 150, 150, 150
L -3604.0, -1855.0, 481.0, -3593.0, -1855.0, 479.0, 150, 150, 150
L -3593.0, -1855.0, 479.0, -3564.0, -1854.0, 478.0, 150, 150, 150
L -3564.0, -1854.0, 478.0, -3494.0, -1852.0, 471.0, 150, 150, 150
L -3494.0, -1852.0, 471.0, -3487.0, -1853.0, 470.0, 150, 150, 150
L -3487.0, -1853.0, 470.0, -3478.0, -1855.0, 469.0, 150, 150, 150
L -3478.0, -1855.0, 469.0, -3448.0, -1860.0, 466.0, 150, 150, 150
L -3448.0, -1860.0, 466.0, -3321.0, -1884.0, 464.0, 150, 150, 150
L -3321.0, -1884.0, 464.0, -3310.0, -1884.0, 463.0, 150, 150, 150
L -3310.0, -1884.0, 463.0, -3280.0, -1886.0, 461.0, 150, 150, 150
L -3280.0, -1886.0, 461.0, -3200.0, -1890.0, 460.0, 150, 150, 150
L -3200.0, -1890.0, 460.0, -3188.0, -1891.0, 459.0, 150, 150, 150
L -3188.0, -1891.0, 459.0, -2993.0, -1917.0, 446.0, 150, 150, 150
L -2993.0, -1917.0, 446.0, -2963.0, -1918.0, 446.0, 150, 150, 150
L -2963.0, -1918.0, 446.0, -2943.0, -1918.0, 446.0, 150, 150, 150
L -2943.0, -1918.0, 446.0, -2768.0, -1914.0, 418.0, 150, 150, 150
L -2768.0, -1914.0, 418.0, -2738.0, -1915.0, 413.0, 150, 150, 150
L -2738.0, -1915.0, 413.0, -2558.0, -1919.0, 390.0, 150, 150, 150
L -2558.0, -1919.0, 390.0, -2548.0, -1919.0, 389.0, 150, 150, 150
L -2548.0, -1919.0, 389.0, -1728.0, -1920.0, 299.0, 150, 150, 150
L -1728.0, -1920.0, 299.0, -1722.0, -1921.0, 299.0, 150, 150, 150
L -1722.0, -1921.0, 299.0, -1718.0, -1921.0, 298.0, 150, 150, 150
L -1718.0, -1921.0, 298.0, -1688.0, -1920.0, 294.0, 150, 150, 150
L -1688.0, -1920.0, 294.0, -1668.0, -1920.0, 291.0, 150, 150, 150
L -1668.0, -1920.0, 291.0, -1659.0, -1919.0, 289.0, 150, 150, 150
L -1659.0, -1919.0, 289.0, -1573.0, -1917.0, 276.0, 150, 150, 150
L -1573.0, -1917.0, 276.0, -1572.0, -1917.0, 276.0, 150, 150, 150
L -1572.0, -1917.0, 276.0, -1565.0, -1914.0, 275.0, 150, 150, 150
L -1565.0, -1914.0, 275.0, -1556.0, -1911.0, 274.0, 150, 150, 150
L -1556.0, -1911.0, 274.0, -1548.0, -1906.0, 273.0, 150, 150, 150
L -1548.0, -1906.0, 273.0, -1546.0, -1905.0, 273.0, 150, 150, 150
L -1546.0, -1905.0, 273.0, -1537.0, -1897.0, 273.0, 150, 150, 150
L -1537.0, -1897.0, 273.0, -1515.0, -1877.0, 271.0, 150, 150, 150
L -1515.0, -1877.0, 271.0, -1450.0, -1816.0, 267.0, 150, 150, 150
L -1450.0, -1816.0, 267.0, -1447.0, -1815.0, 267.0, 150, 150, 150
L -1447.0, -1815.0, 267.0, -1446.0, -1814.0, 267.0, 150, 150, 150
L -1446.0, -1814.0, 267.0, -1435.0, -1810.0, 266.0, 150, 150, 150
L -1435.0, -1810.0, 266.0, -1421.0, -1804.0, 269.0, 150, 150, 150
L -1421.0, -1804.0, 269.0, -1407.0, -1800.0, 263.0, 150, 150, 150
L -1407.0, -1800.0, 263.0, -1396.0, -1802.0, 261.0, 150, 150, 150
L -1396.0, -1802.0, 261.0, -1367.0, -1809.0, 259.0, 150, 150, 150
L -1367.0, -1809.0, 259.0, -1355.0, -1811.0, 259.0, 150, 150, 150
L -1355.0, -1811.0, 259.0, -1336.0, -1813.0, 257.0, 150, 150, 150
L -1336.0, -1813.0, 257.0, -1304.0, -1817.0, 256.0, 150, 150, 150
L -1304.0, -1817.0, 256.0, -1301.0, -1817.0, 255.0, 150, 150, 150
L -1301.0, -1817.0, 255.0, -1291.0, -1817.0, 254.0, 150, 150, 150
L -1291.0, -1817.0, 254.0, -1261.0, -1817.0, 251.0, 150, 150, 150
L -1261.0, -1817.0, 251.0, -1106.0, -1821.0, 236.0, 150, 150, 150
L -1106.0, -1821.0, 236.0, -1103.0, -1822.0, 237.0, 150, 150, 150
L -1103.0, -1822.0, 237.0, -1093.0, -1827.0, 235.0, 150, 150, 150
L -1093.0, -1827.0, 235.0, -1070.0, -1840.0, 210.0, 150, 150, 150
L -1070.0, -1840.0, 210.0, -1064.0, -1849.0, 205.0, 150, 150, 150
L -1064.0, -1849.0, 205.0, -1025.0, -1900.0, 195.0, 150, 150, 150
L -1025.0, -1900.0, 195.0, -1021.0, -1903.0, 195.0, 150, 150, 150
L -1021.0, -1903.0, 195.0, -1016.0, -1905.0, 196.0, 150, 150, 150
L -1016.0, -1905.0, 196.0, -1013.0, -1906.0, 196.0, 150, 150, 150
L -1013.0, -1906.0, 196.0, -1002.0, -1909.0, 196.0, 150, 150, 150
L -1002.0, -1909.0, 196.0, -974.0, -1914.0, 196.0, 150, 150, 150
L -974.0, -1914.0, 196.0, -960.0, -1915.0, 195.0, 150, 150, 150
L -960.0, -1915.0, 195.0, -930.0, -1917.0, 192.0, 150, 150, 150
L -930.0, -1917.0, 192.0, -904.0, -1918.0, 190.0, 150, 150, 150
L -904.0, -1918.0, 190.0, -895.0, -1918.0, 189.0, 150, 150, 150
L -895.0, -1918.0, 189.0, -93.0, -1919.0, 56.0, 150, 150, 150
L -93.0, -1919.0, 56.0, -84.0, -1919.0, 54.0, 150, 150, 150
L -84.0, -1919.0, 54.0, -35.0, -1922.0, 54.0, 150, 150, 150
L -35.0, -1922.0, 54.0, -26.0, -1922.0, 55.0, 150, 150, 150
L -26.0, -1922.0, 55.0, 3.0, -1921.0, 56.0, 150, 150, 150
L 3.0, -1921.0, 56.0, 169.0, -1919.0, 71.0, 150, 150, 150
L 169.0, -1919.0, 71.0, 201.0, -1912.0, 68.0, 150, 150, 150
L 201.0, -1912.0, 68.0, 207.0, -1912.0, 67.0, 150, 150, 150
L 207.0, -1912.0, 67.0, 217.0, -1913.0, 66.0, 150, 150, 150
L 217.0, -1913.0, 66.0, 247.0, -1916.0, 63.0, 150, 150, 150
L 247.0, -1916.0, 63.0, 268.0, -1916.0, 61.0, 150, 150, 150
L 268.0, -1916.0, 61.0, 486.0, -1918.0, 56.0, 150, 150, 150
L 486.0, -1918.0, 56.0, 493.0, -1918.0, 56.0, 150, 150, 150
L 493.0, -1918.0, 56.0, 576.0, -1913.0, 54.0, 150, 150, 150
L 576.0, -1913.0, 54.0, 586.0, -1913.0, 55.0, 150, 150, 150
L 586.0, -1913.0, 55.0, 597.0, -1914.0, 55.0, 150, 150, 150
L 597.0, -1914.0, 55.0, 607.0, -1915.0, 55.0, 150, 150, 150
L 607.0, -1915.0, 55.0, 628.0, -1917.0, 56.0, 150, 150, 150
L 628.0, -1917.0, 56.0, 649.0, -1917.0, 56.0, 150, 150, 150
L 649.0, -1917.0, 56.0, 658.0, -1918.0, 54.0, 150, 150, 150
L 658.0, -1918.0, 54.0, 667.0, -1918.0, 53.0, 150, 150, 150
L 667.0, -1918.0, 53.0, 697.0, -1918.0, 48.0, 150, 150, 150
L 697.0, -1918.0, 48.0, 857.0, -1918.0, 49.0, 150, 150, 150
L 857.0, -1918.0, 49.0, 857.0, -1917.0, 49.0, 150, 150, 150
L 857.0, -1917.0, 49.0, 858.0, -1910.0, 49.0, 150, 150, 150
L 858.0, -1910.0, 49.0, 859.0, -1906.0, 48.0, 150, 150, 150
L 859.0, -1906.0, 48.0, 860.0, -1901.0, 48.0, 150, 150, 150
L 860.0, -1901.0, 48.0, 860.0, -1898.0, 47.0, 150, 150, 150
L 860.0, -1898.0, 47.0, 861.0, -1892.0, 47.0, 150, 150, 150
L 861.0, -1892.0, 47.0, 862.0, -1887.0, 46.0, 150, 150, 150
L 862.0, -1887.0, 46.0, 863.0, -1882.0, 45.0, 150, 150, 150
L 863.0, -1882.0, 45.0, 863.0, -1875.0, 45.0, 150, 150, 150
L 863.0, -1875.0, 45.0, 864.0, -1867.0, 44.0, 150, 150, 150
L 864.0, -1867.0, 44.0, 865.0, -1860.0, 43.0, 150, 150, 150
L 865.0, -1860.0, 43.0, 865.0, -1688.0, 5.0, 150, 150, 150
L 865.0, -1688.0, 5.0, 867.0, -1677.0, 2.0, 150, 150, 150
L 867.0, -1677.0, 2.0, 870.0, -1668.0, 0.0, 150, 150, 150
L 870.0, -1668.0, 0.0, 872.0, -1660.0, -4.0, 150, 150, 150
L 872.0, -1660.0, -4.0, 874.0, -1650.0, -6.0, 150, 150, 150
L 874.0, -1650.0, -6.0, 902.0, -1552.0, -32.0, 150, 150, 150
L 902.0, -1552.0, -32.0, 905.0, -1544.0, -36.0, 150, 150, 150
L 905.0, -1544.0, -36.0, 906.0, -1525.0, -46.0, 150, 150, 150
L 906.0, -1525.0, -46.0, 908.0, -1520.0, -49.0, 150, 150, 150
L 908.0, -1520.0, -49.0, 918.0, -1501.0, -50.0, 150, 150, 150
L 918.0, -1501.0, -50.0, 920.0, -1498.0, -50.0, 150, 150, 150
L 920.0, -1498.0, -50.0, 922.0, -1496.0, -50.0, 150, 150, 150
L 922.0, -1496.0, -50.0, 933.0, -1487.0, -50.0, 150, 150, 150
L 933.0, -1487.0, -50.0, 933.0, -1483.0, -49.0, 150, 150, 150
L 933.0, -1483.0, -49.0, 978.0, -1452.0, -44.0, 150, 150, 150
L 1017.0, -1306.0, -26.0, 973.0, -1321.0, -52.0, 150, 150, 150
L 973.0, -1321.0, -52.0, 962.0, -1322.0, -51.0, 150, 150, 150
L 962.0, -1322.0, -51.0, 953.0, -1322.0, -51.0, 150, 150, 150
L 953.0, -1322.0, -51.0, 920.0, -1324.0, -50.0, 150, 150, 150
L 920.0, -1324.0, -50.0, 908.0, -1324.0, -50.0, 150, 150, 150
L 908.0, -1324.0, -50.0, 886.0, -1323.0, -49.0, 150, 150, 150
L 886.0, -1323.0, -49.0, 878.0, -1322.0, -49.0, 150, 150, 150
L 878.0, -1322.0, -49.0, 873.0, -1320.0, -49.0, 150, 150, 150
L 873.0, -1320.0, -49.0, 871.0, -1319.0, -48.0, 150, 150, 150
L 871.0, -1319.0, -48.0, 865.0, -1314.0, -49.0, 150, 150, 150
L 865.0, -1314.0, -49.0, 863.0, -1311.0, -48.0, 150, 150, 150
L 863.0, -1311.0, -48.0, 861.0, -1308.0, -48.0, 150, 150, 150
L 861.0, -1308.0, -48.0, 859.0, -1305.0, -48.0, 150, 150, 150
L 859.0, -1305.0, -48.0, 859.0, -1303.0, -48.0, 150, 150, 150
L 859.0, -1303.0, -48.0, 858.0, -1300.0, -48.0, 150, 150, 150
L 858.0, -1300.0, -48.0, 865.0, -1278.0, -48.0, 150, 150, 150
L 865.0, -1278.0, -48.0, 867.0, -1268.0, -48.0, 150, 150, 150
L 867.0, -1268.0, -48.0, 867.0, -1226.0, -47.0, 150, 150, 150
L 867.0, -1226.0, -47.0, 868.0, -1184.0, -46.0, 150, 150, 150
L 868.0, -1184.0, -46.0, 868.0, -1141.0, -43.0, 150, 150, 150
L 868.0, -1141.0, -43.0, 869.0, -1099.0, -41.0, 150, 150, 150
L 869.0, -1099.0, -41.0, 869.0, -1056.0, -33.0, 150, 150, 150
L 869.0, -1056.0, -33.0, 870.0, -1015.0, -23.0, 150, 150, 150
L 870.0, -1015.0, -23.0, 870.0, -971.0, -11.0, 150, 150, 150
L 870.0, -971.0, -11.0, 871.0, -930.0, -3.0, 150, 150, 150
L 871.0, -930.0, -3.0, 871.0, -886.0, 3.0, 150, 150, 150
L 871.0, -886.0, 3.0, 872.0, -845.0, 9.0, 150, 150, 150
L 872.0, -845.0, 9.0, 872.0, -819.0, 9.0, 150, 150, 150
L 872.0, -819.0, 9.0, 873.0, -806.0, 9.0, 150, 150, 150
L 873.0, -806.0, 9.0, 874.0, -794.0, 8.0, 150, 150, 150
L 874.0, -794.0, 8.0, 873.0, -744.0, 4.0, 150, 150, 150
L 873.0, -744.0, 4.0, 873.0, -722.0, 1.0, 150, 150, 150
L 873.0, -722.0, 1.0, 872.0, -712.0, 1.0, 150, 150, 150
L 872.0, -712.0, 1.0, 871.0, -707.0, 0.0, 150, 150, 150
L 871.0, -707.0, 0.0, 870.0, -701.0, 0.0, 150, 150, 150
L 870.0, -701.0, 0.0, 869.0, -697.0, 0.0, 150, 150, 150
L 869.0, -697.0, 0.0, 869.0, -693.0, 0.0, 150, 150, 150
L 869.0, -693.0, 0.0, 867.0, -686.0, 0.0, 150, 150, 150
L 867.0, -686.0, 0.0, 866.0, -677.0, 0.0, 150, 150, 150
L 866.0, -677.0, 0.0, 865.0, -674.0, -1.0, 150, 150, 150
L 865.0, -674.0, -1.0, 863.0, -664.0, -1.0, 150, 150, 150
L 863.0, -664.0, -1.0, 862.0, -658.0, -1.0, 150, 150, 150
L 862.0, -658.0, -1.0, 861.0, -654.0, -1.0, 150, 150, 150
L 861.0, -654.0, -1.0, 861.0, -650.0, -1.0, 150, 150, 150
L 861.0, -650.0, -1.0, 860.0, -643.0, -2.0, 150, 150, 150
L 860.0, -643.0, -2.0, 858.0, -638.0, -1.0, 150, 150, 150
L 858.0, -638.0, -1.0, 856.0, -629.0, -1.0, 150, 150, 150
L 856.0, -629.0, -1.0, 857.0, -622.0, -2.0, 150, 150, 150
L 857.0, -622.0, -2.0, 857.0, -617.0, -2.0, 150, 150, 150
L 857.0, -617.0, -2.0, 858.0, -612.0, -2.0, 150, 150, 150
L 858.0, -612.0, -2.0, 859.0, -607.0, -2.0, 150, 150, 150
L 859.0, -607.0, -2.0, 859.0, -602.0, -3.0, 150, 150, 150
L 859.0, -602.0, -3.0, 860.0, -598.0, -3.0, 150, 150, 150
L 860.0, -598.0, -3.0, 861.0, -595.0, -2.0, 150, 150, 150
L 861.0, -595.0, -2.0, 862.0, -588.0, -1.0, 150, 150, 150
L 862.0, -588.0, -1.0, 862.0, -583.0, -1.0, 150, 150, 150
L 862.0, -583.0, -1.0, 863.0, -579.0, 0.0, 150, 150, 150
L 863.0, -579.0, 0.0, 864.0, -575.0, 0.0, 150, 150, 150
L 864.0, -575.0, 0.0, 865.0, -568.0, 0.0, 150, 150, 150
L 865.0, -568.0, 0.0, 865.0, -563.0, 1.0, 150, 150, 150
L 865.0, -563.0, 1.0, 866.0, -553.0, 2.0, 150, 150, 150
L 866.0, -553.0, 2.0, 866.0, -541.0, 3.0, 150, 150, 150
L 866.0, -541.0, 3.0, 867.0, -530.0, 4.0, 150, 150, 150
L 867.0, -530.0, 4.0, 866.0, -492.0, 7.0, 150, 150, 150
L 866.0, -492.0, 7.0, 866.0, -469.0, 6.0, 150, 150, 150
L 866.0, -469.0, 6.0, 865.0, -442.0, 4.0, 150, 150, 150
L 865.0, -442.0, 4.0, 865.0, -400.0, 1.0, 150, 150, 150
L 865.0, -400.0, 1.0, 864.0, -360.0, -1.0, 150, 150, 150
L 864.0, -360.0, -1.0, 864.0, -316.0, 1.0, 150, 150, 150
L 864.0, -316.0, 1.0, 863.0, -276.0, 4.0, 150, 150, 150
L 863.0, -276.0, 4.0, 863.0, -232.0, 6.0, 150, 150, 150
L 863.0, -232.0, 6.0, 862.0, -192.0, 5.0, 150, 150, 150
L 862.0, -192.0, 5.0, 862.0, -159.0, 5.0, 150, 150, 150
L 862.0, -159.0, 5.0, 860.0, -151.0, 5.0, 150, 150, 150
L 860.0, -151.0, 5.0, 860.0, -148.0, 4.0, 150, 150, 150
L 860.0, -148.0, 4.0, 859.0, -147.0, 4.0, 150, 150, 150
L 859.0, -147.0, 4.0, 850.0, -109.0, 2.0, 150, 150, 150
L 850.0, -109.0, 2.0, 849.0, -106.0, 2.0, 150, 150, 150
L 849.0, -106.0, 2.0, 849.0, -105.0, 2.0, 150, 150, 150
L 849.0, -105.0, 2.0, 845.0, -94.0, 0.0, 150, 150, 150
L 845.0, -94.0, 0.0, 834.0, -61.0, -3.0, 150, 150, 150
L 834.0, -61.0, -3.0, 833.0, -53.0, -4.0, 150, 150, 150
L 833.0, -53.0, -4.0, 834.0, -44.0, -4.0, 150, 150, 150
L 834.0, -44.0, -4.0, 834.0, -43.0, -4.0, 150, 150, 150
L 834.0, -43.0, -4.0, 836.0, -38.0, -3.0, 150, 150, 150
L 836.0, -38.0, -3.0, 843.0, -19.0, 1.0, 150, 150, 150
L 843.0, -19.0, 1.0, 866.0, 46.0, -6.0, 150, 150, 150
L 866.0, 46.0, -6.0, 867.0, 53.0, -8.0, 150, 150, 150
L 867.0, 53.0, -8.0, 868.0, 59.0, -9.0, 150, 150, 150
L 868.0, 59.0, -9.0, 868.0, 66.0, -12.0, 150, 150, 150
L 868.0, 66.0, -12.0, 869.0, 72.0, -14.0, 150, 150, 150
L 869.0, 72.0, -14.0, 870.0, 77.0, -16.0, 150, 150, 150
L 870.0, 77.0, -16.0, 870.0, 86.0, -18.0, 150, 150, 150
L 870.0, 86.0, -18.0, 871.0, 92.0, -20.0, 150, 150, 150
L 871.0, 92.0, -20.0, 872.0, 99.0, -21.0, 150, 150, 150
L 872.0, 99.0, -21.0, 871.0, 117.0, -26.0, 150, 150, 150
L 871.0, 117.0, -26.0, 870.0, 130.0, -28.0, 150, 150, 150
L 870.0, 130.0, -28.0, 870.0, 142.0, -27.0, 150, 150, 150
L 870.0, 142.0, -27.0, 869.0, 152.0, -25.0, 150, 150, 150
L 869.0, 152.0, -25.0, 869.0, 166.0, -24.0, 150, 150, 150
L 869.0, 166.0, -24.0, 868.0, 176.0, -22.0, 150, 150, 150
L 868.0, 176.0, -22.0, 868.0, 190.0, -20.0, 150, 150, 150
L 868.0, 190.0, -20.0, 867.0, 201.0, -19.0, 150, 150, 150
L 867.0, 201.0, -19.0, 866.0, 213.0, -17.0, 150, 150, 150
L 866.0, 213.0, -17.0, 864.0, 830.0, 53.0, 150, 150, 150
L 864.0, 830.0, 53.0, 863.0, 831.0, 53.0, 150, 150, 150
L 863.0, 831.0, 53.0, 862.0, 834.0, 53.0, 150, 150, 150
L 862.0, 834.0, 53.0, 832.0, 842.0, 43.0, 150, 150, 150
L 832.0, 842.0, 43.0, 818.0, 844.0, 39.0, 150, 150, 150
L 818.0, 844.0, 39.0, 806.0, 844.0, 33.0, 150, 150, 150
L 806.0, 844.0, 33.0, 372.0, 844.0, 19.0, 150, 150, 150
L 372.0, 844.0, 19.0, 241.0, 836.0, 43.0, 150, 150, 150
L 241.0, 836.0, 43.0, 210.0, 836.0, 55.0, 150, 150, 150
L 210.0, 836.0, 55.0, -341.0, 836.0, 75.0, 150, 150, 150
L -341.0, 836.0, 75.0, -350.0, 837.0, 73.0, 150, 150, 150
L -350.0, 837.0, 73.0, -408.0, 839.0, 58.0, 150, 150, 150
L -408.0, 839.0, 58.0, -418.0, 838.0, 61.0, 150, 150, 150
L -418.0, 838.0, 61.0, -428.0, 837.0, 63.0, 150, 150, 150
L -428.0, 837.0, 63.0, -477.0, 833.0, 75.0, 150, 150, 150
L -477.0, 833.0, 75.0, -489.0, 833.0, 78.0, 150, 150, 150
L -489.0, 833.0, 78.0, -676.0, 830.0, 132.0, 150, 150, 150
L -676.0, 830.0, 132.0, -707.0, 827.0, 152.0, 150, 150, 150
L -707.0, 827.0, 152.0, -764.0, 820.0, 178.0, 150, 150, 150
L -764.0, 820.0, 178.0, -775.0, 820.0, 178.0, 150, 150, 150
L -775.0, 820.0, 178.0, -875.0, 816.0, 186.0, 150, 150, 150
L -875.0, 816.0, 186.0, -896.0, 817.0, 189.0, 150, 150, 150
L -896.0, 817.0, 189.0, -915.0, 818.0, 192.0, 150, 150, 150
L -915.0, 818.0, 192.0, -1031.0, 824.0, 214.0, 150, 150, 150
L -1031.0, 824.0, 214.0, -1052.0, 826.0, 218.0, 150, 150, 150
L -1052.0, 826.0, 218.0, -1094.0, 832.0, 227.0, 150, 150, 150
L -1094.0, 832.0, 227.0, -1103.0, 833.0, 228.0, 150, 150, 150
L -1103.0, 833.0, 228.0, -1132.0, 838.0, 230.0, 150, 150, 150
L -1132.0, 838.0, 230.0, -1155.0, 841.0, 235.0, 150, 150, 150
L -1155.0, 841.0, 235.0, -1166.0, 842.0, 237.0, 150, 150, 150
L -1166.0, 842.0, 237.0, -1196.0, 843.0, 240.0, 150, 150, 150
L -1196.0, 843.0, 240.0, -1209.0, 843.0, 242.0, 150, 150, 150
L -1209.0, 843.0, 242.0, -1239.0, 843.0, 243.0, 150, 150, 150
L -1239.0, 843.0, 243.0, -1350.0, 840.0, 250.0, 150, 150, 150
L -1350.0, 840.0, 250.0, -1361.0, 838.0, 250.0, 150, 150, 150
L -1361.0, 838.0, 250.0, -1391.0, 835.0, 253.0, 150, 150, 150
L -1391.0, 835.0, 253.0, -1433.0, 830.0, 257.0, 150, 150, 150
L -1433.0, 830.0, 257.0, -1447.0, 830.0, 260.0, 150, 150, 150
L -1447.0, 830.0, 260.0, -1467.0, 831.0, 264.0, 150, 150, 150
L -1467.0, 831.0, 264.0, -1531.0, 835.0, 277.0, 150, 150, 150
L -1531.0, 835.0, 277.0, -1542.0, 835.0, 279.0, 150, 150, 150
L -1542.0, 835.0, 279.0, -1572.0, 834.0, 280.0, 150, 150, 150
L -1572.0, 834.0, 280.0, -1587.0, 834.0, 281.0, 150, 150, 150
L -1587.0, 834.0, 281.0, -1617.0, 833.0, 283.0, 150, 150, 150
L -1617.0, 833.0, 283.0, -1677.0, 833.0, 289.0, 150, 150, 150
L -1677.0, 833.0, 289.0, -1686.0, 833.0, 291.0, 150, 150, 150
L -1686.0, 833.0, 291.0, -1711.0, 835.0, 295.0, 150, 150, 150
L -1711.0, 835.0, 295.0, -1721.0, 834.0, 297.0, 150, 150, 150
L -1721.0, 834.0, 297.0, -1905.0, 830.0, 307.0, 150, 150, 150
L -1905.0, 830.0, 307.0, -1910.0, 831.0, 308.0, 150, 150, 150
L -1910.0, 831.0, 308.0, -1940.0, 833.0, 313.0, 150, 150, 150
L -1940.0, 833.0, 313.0, -1950.0, 833.0, 315.0, 150, 150, 150
L -1950.0, 833.0, 315.0, -2072.0, 841.0, 322.0, 150, 150, 150
L -2072.0, 841.0, 322.0, -2081.0, 841.0, 322.0, 150, 150, 150
L -2081.0, 841.0, 322.0, -2203.0, 844.0, 328.0, 150, 150, 150
L -2203.0, 844.0, 328.0, -2213.0, 843.0, 328.0, 150, 150, 150
L -2213.0, 843.0, 328.0, -2242.0, 841.0, 329.0, 150, 150, 150
L -2242.0, 841.0, 329.0, -2406.0, 831.0, 353.0, 150, 150, 150
L -2406.0, 831.0, 353.0, -2428.0, 828.0, 357.0, 150, 150, 150
L -2428.0, 828.0, 357.0, -2447.0, 824.0, 359.0, 150, 150, 150
L -2447.0, 824.0, 359.0, -2474.0, 818.0, 363.0, 150, 150, 150
L -2474.0, 818.0, 363.0, -2477.0, 818.0, 364.0, 150, 150, 150
L -2477.0, 818.0, 364.0, -2490.0, 820.0, 370.0, 150, 150, 150
L -2490.0, 820.0, 370.0, -2519.0, 823.0, 380.0, 150, 150, 150
L -2519.0, 823.0, 380.0, -2568.0, 830.0, 397.0, 150, 150, 150
L -2568.0, 830.0, 397.0, -2578.0, 831.0, 400.0, 150, 150, 150
L -2578.0, 831.0, 400.0, -2608.0, 834.0, 409.0, 150, 150, 150
L -2608.0, 834.0, 409.0, -2628.0, 835.0, 414.0, 150, 150, 150
L -2628.0, 835.0, 414.0, -2638.0, 836.0, 416.0, 150, 150, 150
L -2638.0, 836.0, 416.0, -2668.0, 837.0, 422.0, 150, 150, 150
L -2668.0, 837.0, 422.0, -2678.0, 837.0, 424.0, 150, 150, 150
L -2678.0, 837.0, 424.0, -2708.0, 837.0, 429.0, 150, 150, 150
L -2708.0, 837.0, 429.0, -2950.0, 837.0, 448.0, 150, 150, 150
L -2950.0, 837.0, 448.0, -2968.0, 839.0, 452.0, 150, 150, 150
L -2968.0, 839.0, 452.0, -2980.0, 842.0, 458.0, 150, 150, 150
L -2980.0, 842.0, 458.0, -2998.0, 847.0, 466.0, 150, 150, 150
L -2998.0, 847.0, 466.0, -3000.0, 847.0, 466.0, 150, 150, 150
L -3000.0, 847.0, 466.0, -3005.0, 847.0, 467.0, 150, 150, 150
L -3005.0, 847.0, 467.0, -3015.0, 846.0, 468.0, 150, 150, 150
L -3015.0, 846.0, 468.0, -3021.0, 847.0, 470.0, 150, 150, 150
L -3021.0, 847.0, 470.0, -3033.0, 846.0, 472.0, 150, 150, 150
L -3033.0, 846.0, 472.0, -3062.0, 844.0, 476.0, 150, 150, 150
L -3062.0, 844.0, 476.0, -3126.0, 838.0, 479.0, 150, 150, 150
L -3126.0, 838.0, 479.0, -3148.0, 838.0, 483.0, 150, 150, 150
L -3148.0, 838.0, 483.0, -3330.0, 833.0, 494.0, 150, 150, 150
L -3330.0, 833.0, 494.0, -3442.0, 836.0, 507.0, 150, 150, 150
L -3442.0, 836.0, 507.0, -3451.0, 836.0, 508.0, 150, 150, 150
L -3451.0, 836.0, 508.0, -3544.0, 836.0, 517.0, 150, 150, 150
L -3544.0, 836.0, 517.0, -3563.0, 834.0, 518.0, 150, 150, 150
L -3563.0, 834.0, 518.0, -3694.0, 825.0, 525.0, 150, 150, 150
L -3694.0, 825.0, 525.0, -3704.0, 824.0, 525.0, 150, 150, 150
L -3704.0, 824.0, 525.0, -3733.0, 824.0, 526.0, 150, 150, 150
L -3733.0, 824.0, 526.0, -3743.0, 824.0, 526.0, 150, 150, 150
L -3743.0, 824.0, 526.0, -3772.0, 826.0, 528.0, 150, 150, 150
L -3772.0, 826.0, 528.0, -3886.0, 831.0, 538.0, 150, 150, 150
L -3886.0, 831.0, 538.0, -3896.0, 831.0, 539.0, 150, 150, 150
L -3896.0, 831.0, 539.0, -4633.0, 823.0, 654.0, 150, 150, 150
L -4633.0, 823.0, 654.0, -4636.0, 819.0, 655.0, 150, 150, 150
L -4636.0, 819.0, 655.0, -4639.0, 813.0, 655.0, 150, 150, 150
L -4639.0, 813.0, 655.0, -4639.0, 812.0, 655.0, 150, 150, 150
L -4639.0, 812.0, 655.0, -4643.0, 801.0, 655.0, 150, 150, 150
L -4643.0, 801.0, 655.0, -4647.0, 789.0, 655.0, 150, 150, 150
L -4647.0, 789.0, 655.0, -4646.0, 773.0, 654.0, 150, 150, 150
L -4646.0, 773.0, 654.0, -4646.0, 764.0, 653.0, 150, 150, 150
L -4646.0, 764.0, 653.0, -4645.0, 758.0, 653.0, 150, 150, 150
L -4645.0, 758.0, 653.0, -4644.0, 750.0, 652.0, 150, 150, 150
L -4644.0, 750.0, 652.0, -4644.0, 742.0, 651.0, 150, 150, 150
L -4644.0, 742.0, 651.0, -4643.0, 737.0, 650.0, 150, 150, 150
L -4643.0, 737.0, 650.0, -4642.0, 728.0, 649.0, 150, 150, 150
L -4642.0, 728.0, 649.0, -4642.0, 721.0, 648.0, 150, 150, 150
L -4642.0, 721.0, 648.0, -4641.0, 715.0, 646.0, 150, 150, 150
L -4641.0, 715.0, 646.0, -4641.0, 706.0, 644.0, 150, 150, 150
L -4641.0, 706.0, 644.0, -4641.0, 664.0, 635.0, 150, 150, 150
L -4641.0, 664.0, 635.0, -4642.0, 659.0, 634.0, 150, 150, 150
L -4642.0, 659.0, 634.0, -4643.0, 651.0, 633.0, 150, 150, 150
L -4643.0, 651.0, 633.0, -4643.0, 645.0, 632.0, 150, 150, 150
L -4643.0, 645.0, 632.0, -4644.0, 641.0, 631.0, 150, 150, 150
L -4644.0, 641.0, 631.0, -4645.0, 633.0, 630.0, 150, 150, 150
L -4645.0, 633.0, 630.0, -4645.0, 627.0, 629.0, 150, 150, 150
L -4645.0, 627.0, 629.0, -4646.0, 623.0, 629.0, 150, 150, 150
L -4646.0, 623.0, 629.0, -4646.0, 615.0, 628.0, 150, 150, 150
L -4646.0, 615.0, 628.0, -4647.0, 609.0, 626.0, 150, 150, 150
L -4647.0, 609.0, 626.0, -4648.0, 604.0, 626.0, 150, 150, 150
L -4648.0, 604.0, 626.0, -4648.0, 597.0, 626.0, 150, 150, 150
L -4648.0, 597.0, 626.0, -4649.0, 591.0, 625.0, 150, 150, 150
L -4649.0, 591.0, 625.0, -4650.0, 586.0, 625.0, 150, 150, 150
L -4650.0, 586.0, 625.0, -4650.0, 579.0, 625.0, 150, 150, 150
L -4650.0, 579.0, 625.0, -4651.0, 568.0, 625.0, 150, 150, 150
L -4651.0, 568.0, 625.0, -4652.0, 556.0, 625.0, 150, 150, 150
L -4652.0, 556.0, 625.0, -4652.0, 545.0, 624.0, 150, 150, 150
L -4652.0, 545.0, 624.0, -4653.0, 533.0, 624.0, 150, 150, 150
L -4653.0, 533.0, 624.0, -4651.0, 20.0, 602.0, 150, 150, 150
L -4651.0, 20.0, 602.0, -4649.0, 15.0, 602.0, 150, 150, 150
L -4649.0, 15.0, 602.0, -4646.0, 14.0, 602.0, 150, 150, 150
L -4646.0, 14.0, 602.0, -4635.0, 12.0, 600.0, 150, 150, 150
L -4635.0, 12.0, 600.0, -4606.0, 8.0, 597.0, 150, 150, 150
L -4606.0, 8.0, 597.0, -4576.0, 4.0, 594.0, 150, 150, 150
L -4576.0, 4.0, 594.0, -4569.0, 3.0, 593.0, 150, 150, 150
L -4569.0, 3.0, 593.0, -4557.0, 0.0, 593.0, 150, 150, 150
L -4557.0, 0.0, 593.0, -4554.0, -1.0, 593.0, 150, 150, 150
L -4554.0, -1.0, 593.0, -4548.0, -5.0, 595.0, 150, 150, 150
L -4548.0, -5.0, 595.0, -4547.0, -6.0, 595.0, 150, 150, 150
L -4547.0, -6.0, 595.0, -4531.0, -21.0, 586.0, 150, 150, 150
L -4531.0, -21.0, 586.0, -4531.0, -28.0, 584.0, 150, 150, 150
L -4531.0, -28.0, 584.0, -4532.0, -31.0, 585.0, 150, 150, 150
L -4532.0, -31.0, 585.0, -4533.0, -38.0, 585.0, 150, 150, 150
L -4533.0, -38.0, 585.0, -4533.0, -41.0, 586.0, 150, 150, 150
L -4533.0, -41.0, 586.0, -4534.0, -48.0, 586.0, 150, 150, 150
L -4534.0, -48.0, 586.0, -4535.0, -51.0, 587.0, 150, 150, 150
L -4535.0, -51.0, 587.0, -4536.0, -57.0, 587.0, 150, 150, 150
L -4536.0, -57.0, 587.0, -4536.0, -62.0, 588.0, 150, 150, 150
L -4536.0, -62.0, 588.0, -4536.0, -135.0, 599.0, 150, 150, 150
L -4536.0, -135.0, 599.0, -4535.0, -174.0, 621.0, 150, 150, 150
L -4535.0, -174.0, 621.0, -4535.0, -214.0, 643.0, 150, 150, 150
L -4535.0, -214.0, 643.0, -4535.0, -241.0, 658.0, 150, 150, 150
L -4535.0, -241.0, 658.0, -4555.0, -259.0, 659.0, 150, 150, 150
L -4555.0, -259.0, 659.0, -4614.0, -298.0, 674.0, 150, 150, 150
L -4614.0, -298.0, 674.0, -4632.0, -324.0, 669.0, 150, 150, 150
L -4632.0, -324.0, 669.0, -4647.0, -345.0, 665.0, 150, 150, 150
L -4647.0, -345.0, 665.0, -4673.0, -357.0, 662.0, 150, 150, 150
L -4673.0, -357.0, 662.0, -4686.0, -357.0, 663.0, 150, 150, 150
L -4686.0, -357.0, 663.0, -4721.0, -353.0, 667.0, 150, 150, 150
L -4721.0, -353.0, 667.0, -4733.0, -355.0, 667.0, 150, 150, 150
L -4733.0, -355.0, 667.0, -4742.0, -358.0, 666.0, 150, 150, 150
L -4742.0, -358.0, 666.0, -4770.0, -368.0, 665.0, 150, 150, 150
L -4770.0, -368.0, 665.0, -4783.0, -370.0, 666.0, 150, 150, 150
L -4783.0, -370.0, 666.0, -4798.0, -372.0, 667.0, 150, 150, 150
L -4798.0, -372.0, 667.0, -4810.0, -377.0, 669.0, 150, 150, 150
L -4810.0, -377.0, 669.0, -4825.0, -383.0, 670.0, 150, 150, 150
L -4825.0, -383.0, 670.0, -4836.0, -385.0, 671.0, 150, 150, 150
L -4836.0, -385.0, 671.0, -4878.0, -390.0, 686.0, 150, 150, 150
L 669.0, -1129.0, -43.0, 679.0, -1129.0, -43.0, 0, 0, 0
L 679.0, -1131.0, -43.0, 679.0, -1129.0, -43.0, 0, 0, 0
L 689.0, -1131.0, -43.0, 689.0, -1129.0, -43.0, 0, 0, 0
L 689.0, -1129.0, -43.0, 700.0, -1129.0, -43.0, 0, 0, 0
L 669.0, -1156.0, -43.0, 669.0, -1153.0, -43.0, 0, 0, 0
L 1017.0, -1306.0, -26.0, 1005.0, -1277.0, -1.0, 0, 0, 0
L 978.0, -1452.0, -44.0, 1023.0, -1403.0, -44.0, 0, 0, 0
L 1079.0, -1466.0, -51.0, 1079.0, -1508.0, -51.0, 0, 0, 0
L 1098.0, -1467.0, -51.0, 1098.0, -1508.0, -51.0, 0, 0, 0
L -4796.0, -509.0, 723.0, -4832.0, -474.0, 672.0, 0, 0, 0
L -3907.0, -1987.0, 565.0, -4713.0, -1986.0, 832.0, 0, 0, 0
L -3819.0, -2024.0, 462.0, -3819.0, -2045.0, 462.0, 0, 0, 0
L -3830.0, -2024.0, 462.0, -3830.0, -2045.0, 462.0, 0, 0, 0
L -3783.0, -1976.0, 462.0, -3783.0, -2012.0, 462.0, 0, 0, 0
L -3783.0, -1987.0, 565.0, -3690.0, -1987.0, 565.0, 0, 0, 0
L -3907.0, -1987.0, 565.0, -3794.0, -1987.0, 565.0, 0, 0, 0
L -4878.0, -390.0, 686.0, -4934.0, -423.0, 681.0, 0, 0, 0
L -1999.0, 449.0, 235.0, -1952.0, 449.0, 235.0, 0, 0, 0
L -1981.0, 502.0, 235.0, -1980.0, 513.0, 235.0, 0, 0, 0
L -1981.0, 502.0, 235.0, -1999.0, 502.0, 235.0, 0, 0, 0
L -1971.0, 502.0, 235.0, -1971.0, 513.0, 235.0, 0, 0, 0
L -1999.0, 502.0, 235.0, -1999.0, 449.0, 235.0, 0, 0, 0
L -1952.0, 502.0, 235.0, -1971.0, 502.0, 235.0, 0, 0, 0
L -1949.0, 505.0, 223.0, -1971.0, 505.0, 223.0, 0, 0, 0
L -2002.0, 456.0, 223.0, -2002.0, 446.0, 223.0, 0, 0, 0
L -2002.0, 468.0, 223.0, -2005.0, 468.0, 223.0, 0, 0, 0
L -2005.0, 456.0, 223.0, -2002.0, 456.0, 223.0, 0, 0, 0
L -1949.0, 446.0, 223.0, -1949.0, 505.0, 223.0, 0, 0, 0
L -2002.0, 504.0, 223.0, -2002.0, 468.0, 223.0, 0, 0, 0
L -1980.0, 505.0, 223.0, -2002.0, 504.0, 223.0, 0, 0, 0
L -2002.0, 446.0, 223.0, -1949.0, 446.0, 223.0, 0, 0, 0
L -2005.0, 468.0, 223.0, -2005.0, 456.0, 223.0, 0, 0, 0
L -3076.0, 743.0, 469.0, -3063.0, 743.0, 469.0, 0, 0, 0
L -3096.0, 787.0, 469.0, -3065.0, 787.0, 469.0, 0, 0, 0
L -3063.0, 743.0, 469.0, -3063.0, 789.0, 469.0, 0, 0, 0
L -3098.0, 743.0, 469.0, -3085.0, 743.0, 469.0, 0, 0, 0
L -3096.0, 745.0, 469.0, -3096.0, 787.0, 469.0, 0, 0, 0
L -3065.0, 787.0, 469.0, -3065.0, 745.0, 469.0, 0, 0, 0
L -3098.0, 789.0, 469.0, -3098.0, 743.0, 469.0, 0, 0, 0
L -3085.0, 743.0, 469.0, -3085.0, 745.0, 469.0, 0, 0, 0
L -3076.0, 743.0, 469.0, -3076.0, 745.0, 469.0, 0, 0, 0
L -3065.0, 745.0, 469.0, -3076.0, 745.0, 469.0, 0, 0, 0
L -3096.0, 745.0, 469.0, -3085.0, 745.0, 469.0, 0, 0, 0
L -3063.0, 789.0, 469.0, -3076.0, 789.0, 469.0, 0, 0, 0
L -3085.0, 789.0, 469.0, -3098.0, 789.0, 469.0, 0, 0, 0
L -3085.0, 793.0, 469.0, -3085.0, 789.0, 469.0, 0, 0, 0
L -3085.0, 793.0, 469.0, -3076.0, 793.0, 469.0, 0, 0, 0
L -3076.0, 793.0, 469.0, -3076.0, 789.0, 469.0, 0, 0, 0
L -3969.0, 247.0, 492.0, -4011.0, 247.0, 492.0, 0, 0, 0
L -3966.0, 257.0, 492.0, -3969.0, 257.0, 492.0, 0, 0, 0
L -3966.0, 267.0, 492.0, -3967.0, 280.0, 492.0, 0, 0, 0
L -4013.0, 267.0, 492.0, -4017.0, 266.0, 492.0, 0, 0, 0
L -3969.0, 257.0, 492.0, -3969.0, 247.0, 492.0, 0, 0, 0
L -3967.0, 280.0, 492.0, -4013.0, 280.0, 492.0, 0, 0, 0
L -4011.0, 247.0, 492.0, -4011.0, 278.0, 492.0, 0, 0, 0
L -4011.0, 278.0, 492.0, -3969.0, 278.0, 492.0, 0, 0, 0
L -4013.0, 245.0, 492.0, -3966.0, 245.0, 492.0, 0, 0, 0
L -4016.0, 258.0, 492.0, -4013.0, 258.0, 492.0, 0, 0, 0
L -4013.0, 280.0, 492.0, -4013.0, 267.0, 492.0, 0, 0, 0
L -4013.0, 258.0, 492.0, -4013.0, 245.0, 492.0, 0, 0, 0
L -3966.0, 245.0, 492.0, -3966.0, 257.0, 492.0, 0, 0, 0
L -4017.0, 266.0, 492.0, -4016.0, 258.0, 492.0, 0, 0, 0
L -3969.0, 278.0, 492.0, -3969.0, 267.0, 492.0, 0, 0, 0
L -3966.0, 267.0, 492.0, -3969.0, 267.0, 492.0, 0, 0, 0
L -3900.0, 293.0, 493.0, -3899.0, 340.0, 493.0, 0, 0, 0
L -3887.0, 340.0, 493.0, -3886.0, 344.0, 493.0, 0, 0, 0
L -3866.0, 337.0, 493.0, -3898.0, 337.0, 493.0, 0, 0, 0
L -3898.0, 337.0, 493.0, -3898.0, 295.0, 493.0, 0, 0, 0
L -3899.0, 340.0, 493.0, -3887.0, 340.0, 493.0, 0, 0, 0
L -3886.0, 344.0, 493.0, -3878.0, 343.0, 493.0, 0, 0, 0
L -3866.0, 295.0, 493.0, -3866.0, 337.0, 493.0, 0, 0, 0
L -3887.0, 293.0, 493.0, -3900.0, 293.0, 493.0, 0, 0, 0
L -3864.0, 340.0, 493.0, -3864.0, 293.0, 493.0, 0, 0, 0
L -3878.0, 343.0, 493.0, -3878.0, 340.0, 493.0, 0, 0, 0
L -3878.0, 340.0, 493.0, -3864.0, 340.0, 493.0, 0, 0, 0
L -3866.0, 295.0, 493.0, -3877.0, 295.0, 493.0, 0, 0, 0
L -3877.0, 293.0, 493.0, -3877.0, 295.0, 493.0, 0, 0, 0
L -3877.0, 293.0, 493.0, -3864.0, 293.0, 493.0, 0, 0, 0
L -3898.0, 295.0, 493.0, -3887.0, 295.0, 493.0, 0, 0, 0
L -3887.0, 293.0, 493.0, -3887.0, 295.0, 493.0, 0, 0, 0
L -3788.0, 279.0, 492.0, -3745.0, 279.0, 492.0, 0, 0, 0
L -3787.0, 299.0, 492.0, -3790.0, 300.0, 492.0, 0, 0, 0
L -3832.0, 279.0, 492.0, -3790.0, 279.0, 492.0, 0, 0, 0
L -3834.0, 312.0, 492.0, -3743.0, 312.0, 492.0, 0, 0, 0
L -3743.0, 300.0, 492.0, -3739.0, 300.0, 492.0, 0, 0, 0
L -3787.0, 290.0, 492.0, -3788.0, 279.0, 492.0, 0, 0, 0
L -3743.0, 291.0, 492.0, -3743.0, 277.0, 492.0, 0, 0, 0
L -3790.0, 279.0, 492.0, -3790.0, 290.0, 492.0, 0, 0, 0
L -3788.0, 310.0, 492.0, -3787.0, 299.0, 492.0, 0, 0, 0
L -3743.0, 277.0, 492.0, -3834.0, 277.0, 492.0, 0, 0, 0
L -3745.0, 310.0, 492.0, -3788.0, 310.0, 492.0, 0, 0, 0
L -3790.0, 290.0, 492.0, -3787.0, 290.0, 492.0, 0, 0, 0
L -3834.0, 299.0, 492.0, -3834.0, 312.0, 492.0, 0, 0, 0
L -3743.0, 312.0, 492.0, -3743.0, 300.0, 492.0, 0, 0, 0
L -3745.0, 279.0, 492.0, -3745.0, 310.0, 492.0, 0, 0, 0
L -3739.0, 291.0, 492.0, -3743.0, 291.0, 492.0, 0, 0, 0
L -3739.0, 300.0, 492.0, -3739.0, 291.0, 492.0, 0, 0, 0
L -3834.0, 277.0, 492.0, -3834.0, 290.0, 492.0, 0, 0, 0
L -3790.0, 310.0, 492.0, -3832.0, 310.0, 492.0, 0, 0, 0
L -3790.0, 300.0, 492.0, -3790.0, 310.0, 492.0, 0, 0, 0
L -3832.0, 310.0, 492.0, -3832.0, 299.0, 492.0, 0, 0, 0
L -3834.0, 290.0, 492.0, -3832.0, 290.0, 492.0, 0, 0, 0
L -3832.0, 290.0, 492.0, -3832.0, 279.0, 492.0, 0, 0, 0
L -3834.0, 299.0, 492.0, -3832.0, 299.0, 492.0, 0, 0, 0
L -2384.0, -1458.0, 297.0, -2373.0, -1455.0, 297.0, 205, 133, 63
L -2371.0, -1462.0, 297.0, -2353.0, -1457.0, 297.0, 0, 0, 0
L -2373.0, -1455.0, 297.0, -2371.0, -1462.0, 297.0, 205, 133, 63
L -2438.0, -1485.0, 297.0, -2442.0, -1473.0, 297.0, 0, 0, 0
L -2363.0, -1427.0, 297.0, -2403.0, -1440.0, 297.0, 0, 0, 0
L -2397.0, -1459.0, 297.0, -2396.0, -1459.0, 297.0, 0, 0, 0
L -2405.0, -1440.0, 297.0, -2445.0, -1452.0, 297.0, 0, 0, 0
L -2445.0, -1452.0, 297.0, -2436.0, -1482.0, 297.0, 0, 0, 0
L -2394.0, -1469.0, 297.0, -2396.0, -1459.0, 297.0, 0, 0, 0
L -2394.0, -1469.0, 297.0, -2374.0, -1463.0, 297.0, 0, 0, 0
L -2374.0, -1463.0, 297.0, -2375.0, -1459.0, 297.0, 205, 133, 63
L -2436.0, -1482.0, 297.0, -2396.0, -1470.0, 297.0, 0, 0, 0
L -2383.0, -1462.0, 297.0, -2384.0, -1458.0, 297.0, 205, 133, 63
L -2442.0, -1473.0, 297.0, -2446.0, -1474.0, 297.0, 0, 0, 0
L -2446.0, -1474.0, 297.0, -2448.0, -1465.0, 297.0, 0, 0, 0
L -2444.0, -1464.0, 297.0, -2448.0, -1451.0, 297.0, 0, 0, 0
L -2448.0, -1451.0, 297.0, -2361.0, -1425.0, 297.0, 0, 0, 0
L -2448.0, -1465.0, 297.0, -2444.0, -1464.0, 297.0, 0, 0, 0
L -2396.0, -1470.0, 297.0, -2399.0, -1459.0, 297.0, 0, 0, 0
L -2403.0, -1440.0, 297.0, -2399.0, -1450.0, 297.0, 0, 0, 0
L -2363.0, -1427.0, 297.0, -2359.0, -1437.0, 297.0, 0, 0, 0
L -2361.0, -1425.0, 297.0, -2357.0, -1437.0, 297.0, 0, 0, 0
L -2438.0, -1485.0, 297.0, -2349.0, -1458.0, 297.0, 0, 0, 0
L -2397.0, -1459.0, 297.0, -2394.0, -1469.0, 297.0, 0, 0, 0
L -2356.0, -1446.0, 297.0, -2353.0, -1457.0, 297.0, 0, 0, 0
L -2354.0, -1445.0, 297.0, -2349.0, -1458.0, 297.0, 0, 0, 0
L -2399.0, -1459.0, 297.0, -2397.0, -1459.0, 297.0, 0, 0, 0
L -2356.0, -1446.0, 297.0, -2354.0, -1445.0, 297.0, 0, 0, 0
L -2357.0, -1437.0, 297.0, -2359.0, -1437.0, 297.0, 0, 0, 0
L -2401.0, -1450.0, 297.0, -2405.0, -1440.0, 297.0, 0, 0, 0
L -2399.0, -1450.0, 297.0, -2401.0, -1450.0, 297.0, 0, 0, 0
L -2383.0, -1462.0, 297.0, -2375.0, -1459.0, 297.0, 205, 133, 63
L -2331.0, -1491.0, 296.0, -2320.0, -1491.0, 296.0, 0, 0, 0
L -2321.0, -1489.0, 295.0, -2320.0, -1491.0, 296.0, 0, 0, 0
L -2309.0, -1491.0, 296.0, -2300.0, -1491.0, 296.0, 0, 0, 0
L -2310.0, -1489.0, 295.0, -2309.0, -1491.0, 296.0, 0, 0, 0
L -2331.0, -1533.0, 296.0, -2300.0, -1533.0, 296.0, 0, 0, 0
