P -1472.0000, -1365.0000, -58.3125,  255, 0, 0,  3,  to_The_Nexus
P 1943.3684, -1879.4240, -21.5291,  255, 0, 0,  3,  to_The_Scorched_Woods
P 58.8967, 747.5802, -51.6414,  0, 0, 240,  1,  GS:_Dreadland_Orange
P 1584.2654, -316.4142, -66.7527,  0, 0, 240,  1,  GS:_Dreadland_Vegetables
P 1642.9598, -1613.1013, 30.8562,  0, 127, 127,  2,  Indagatrix_Salus_Acilia_(Quest)
P 1527.6161, 971.9897, 56.5565,  240, 240, 240,  2,  Yeti_Caves
P 398.4400, -977.2379, -39.3132,  240, 240, 240,  2,  Druid_Ring
P -1439.5571, -1360.6682, -60.3228,  240, 240, 240,  2,  Wizard_Spires
P -1016.5625, 884.0780, -47.2085,  0, 127, 127,  2,  Windel_Spring_(Quest,General)
P -969.3403, 1960.9911, 33.5893,  240, 240, 240,  2,  Dracnid_Cave
P -1349.9175, 1147.0066, -47.9965,  0, 240, 0,  2,  a_records_clerk_(Parcels_&_Forms)
P -913.0152, 752.4965, -48.0419,  128, 0, 128,  2,  Oven
P -923.0544, 722.3953, -48.0258,  0, 127, 0,  2,  a_merchant_(Pottery)
P -820.3540, 676.2200, -48.0418,  0, 127, 127,  2,  Etta_(Quest)
P -779.3211, 674.1533, -48.0418,  0, 127, 127,  2,  Grindle_Sprocketsworth_(Quest)
P -855.6077, 1219.7235, -48.0418,  128, 0, 128,  2,  Forge
P -910.2869, 1218.4180, -48.0419,  128, 0, 128,  2,  Loom
P -911.3127, 1158.7271, -48.0211,  128, 0, 128,  2,  Brewing_Barrel
P -1428.1914, -1344.6729, -58.7939,  0, 0, 0,  2,  Greeter_Okula
P -777.5997, 613.8354, -48.0417,  0, 127, 127,  2,  Rossette_Mosgrow_(Quest)
P -857.9026, 748.0885, -48.0258,  128, 0, 128,  2,  Mixing_Bowl
P -862.0995, 1160.7255, -47.9965,  128, 0, 128,  2,  Jewelery_Table
P -535.0271, 512.8006, -48.0415,  0, 127, 127,  2,  a_concerned_citizen_(Quest,Roam)
P -1226.7949, 895.3149, -47.2084,  0, 127, 127,  2,  Praetor_Vixelo_(Quest)
P -1116.7528, 1035.8875, -41.2091,  0, 0, 0,  2,  Minister_Larnum
P -878.3022, 955.0107, -48.0419,  0, 240, 240,  2,  Praetor_Denik_(Missions,Raid,KW:Prepared)
P -1145.2271, 343.8903, -48.0419,  0, 127, 127,  2,  Forewoman_Freleta_(Quest)
P 2717.6760, 1211.0134, 57.3057,  240, 240, 240,  2,  Tunnels_to_the_rest_of_the_Dreadlands
P -914.5378, 697.3247, -48.1106,  128, 0, 128,  2,  Pottery_Wheel
P -1000.1424, 1020.2113, -47.2775,  0, 0, 0,  2,  Lcea_Katta
P -1009.1647, 1038.2205, -47.2774,  0, 0, 0,  2,  Tsaph_Katta
P -846.5948, 602.8753, -48.1107,  0, 127, 0,  2,  Salli_Westell_(General,Disguise)
P -191.2307, -783.0945, -69.9185,  0, 0, 240,  1,  GS:_Soap_Leaves
P 359.9772, 1135.0955, -60.3814,  127, 64, 0,  2,  The_Stone_Dove_(Hunter)
P 775.2753, 1315.8422, -24.1050,  127, 64, 0,  2,  The_Stone_Dove_(Hunter)
P 612.1466, 1281.7681, -40.3008,  127, 64, 0,  2,  The_Stone_Dove_(Hunter)
P 554.6558, 1252.0306, -57.6676,  127, 64, 0,  2,  The_Stone_Dove_(Hunter)
P 888.8393, -677.3781, 12.0770,  127, 64, 0,  2,  A_Drolvarg_Captain_(Hunter)
P -32.4404, -1057.8026, -33.8143,  127, 64, 0,  2,  A_Drolvarg_Captain_(Hunter)
P -579.9943, -1015.1454, -37.8831,  127, 64, 0,  2,  A_Drolvarg_Captain_(Hunter,Roam)
P -226.2026, -1198.7349, -66.8142,  127, 64, 0,  2,  Hunter_Haltha_(Hunter)
P -1113.6130, -1173.4556, -55.7824,  127, 64, 0,  2,  Hunter_Haltha_(Hunter)
P 840.3814, -1252.5902, -23.9761,  127, 64, 0,  2,  Hunter_Haltha_(Hunter)
P -479.0314, -721.1174, -57.0313,  127, 64, 0,  2,  Darg_Hillock_(Hunter)
P -789.9697, -572.3945, -55.8318,  127, 64, 0,  2,  Darg_Hillock_(Hunter)
P -894.3282, -1095.9769, -41.9449,  127, 64, 0,  2,  Darg_Hillock_(Hunter,Roam)
P 1145.9467, -1525.0708, -45.7425,  127, 64, 0,  2,  Kergag,_the_Mountain_(Hunter)
P 1524.1497, -948.2698, -34.6240,  127, 64, 0,  2,  Kergag,_the_Mountain_(Hunter)
P 1578.1866, -647.9667, -48.5704,  127, 64, 0,  2,  Kergag,_the_Mountain_(Hunter)
P 785.5510, -540.4293, 3.6080,  127, 64, 0,  2,  Yeti_Patriarch_(Hunter)
P 1443.0271, -152.3040, -63.9696,  127, 64, 0,  2,  Yeti_Patriarch_(Hunter)
P 1129.4161, 1010.6092, -28.8130,  127, 64, 0,  2,  Yeti_Patriarch_(Hunter)
P 2830.0330, 678.3215, 2.0767,  127, 64, 0,  2,  Yeti_Matriarch_(Hunter)
P 1993.4926, 1451.4142, 75.7708,  127, 64, 0,  2,  Yeti_Matriarch_(Hunter)
P 2214.6980, 1100.7900, 111.8508,  127, 64, 0,  2,  Yeti_Matriarch_(Hunter)
P 666.9514, -708.3210, -30.2550,  127, 64, 0,  2,  The_Lost_Hunter_(Hunter)
P 641.1178, -813.0357, -30.2546,  127, 64, 0,  2,  The_Lost_Hunter_(Hunter)
P -543.9421, -1275.7943, -40.5502,  127, 64, 0,  2,  The_Lost_Hunter_(Hunter)
P 791.5830, -1606.3634, -58.2569,  127, 64, 0,  2,  A_Drolvarg_Lord_(Hunter)
P 769.4914, -1615.7352, -58.2564,  127, 64, 0,  2,  A_Drolvarg_Lord_(Hunter)
P 715.4398, -979.9204, -32.4371,  127, 64, 0,  2,  A_Drolvarg_Lord_(Hunter,Roam)
P 63.6719, -623.3020, -66.0610,  127, 64, 0,  2,  The_Blazing_Hen_(Hunter,Roam)
P 465.9821, 527.0345, -44.4728,  127, 64, 0,  2,  The_Blazing_Hen_(Hunter,Roam)
P 2.4963, 409.8653, -62.5815,  127, 64, 0,  2,  The_Blazing_Hen_(Hunter)
P -1629.5116, 1119.1917, -60.4809,  127, 64, 0,  2,  Dread_Drikat_(Hunter)
P -1709.7490, 723.8701, -60.4772,  127, 64, 0,  2,  Dread_Drikat_(Hunter)
P -1712.7310, 1461.0688, -64.8681,  127, 64, 0,  2,  Dread_Drikat_(Hunter)
P -818.2320, 1752.9514, -50.8412,  127, 64, 0,  2,  Tithnak_Shadowhunter_(Hunter)
P -606.1679, 1570.0841, -59.0494,  127, 64, 0,  2,  Tithnak_Shadowhunter_(Hunter)
P -1472.4614, 1920.1217, -43.4425,  127, 64, 0,  2,  Tithnak_Shadowhunter_(Hunter)
P -1434.1775, 1718.2126, -55.4227,  127, 64, 0,  2,  Tithnak_Shadowhunter_(Hunter,Roam)
P -1257.7369, 2192.3618, 10.2308,  127, 64, 0,  2,  Slitherblade_(Hunter)
P -1292.1505, 2345.4602, -13.1879,  127, 64, 0,  2,  Slitherblade_(Hunter)
P -1053.0372, 2575.0708, -10.4464,  127, 64, 0,  2,  Slitherblade_(Hunter)
P -538.3834, 2137.1731, 37.2415,  127, 64, 0,  2,  Nightvenom_(Hunter)
P -757.8107, 2381.9622, 41.8511,  127, 64, 0,  2,  Nightvenom_(Hunter)
P -875.4634, 2828.8916, 45.2333,  127, 64, 0,  2,  Nightvenom_(Hunter)
P 1380.9540, 613.4441, -59.7739,  127, 0, 127,  1,  .
P 1314.6254, 704.0859, -56.6238,  127, 0, 127,  1,  .
P -891.8379, 1435.8292, -66.5942,  240, 240, 240,  1,  .
P 370.3940, 1057.7112, -54.2964,  127, 0, 127,  1,  .
P 878.3781, 1317.6141, -58.1312,  127, 0, 127,  1,  .
P 954.5125, 1388.7823, -51.2481,  127, 0, 127,  1,  .
P 1402.0194, 695.5146, -59.8534,  127, 0, 127,  1,  .
P 1404.4336, 425.0808, -61.8182,  127, 0, 127,  1,  .
P 1019.3222, 445.0412, -37.6705,  127, 0, 127,  1,  .
P 673.3205, 537.5935, -47.9351,  127, 0, 127,  1,  .
P -584.5483, -154.4025, -8.1899,  240, 240, 0,  1,  .
P -207.2777, -175.6305, -8.7871,  240, 240, 0,  1,  .
P -228.5862, 700.5013, -8.7865,  240, 240, 0,  1,  .
P -196.4449, 1220.0546, -8.7844,  240, 240, 0,  1,  .
P -1067.9520, -175.6392, -8.7800,  240, 240, 0,  1,  .
P 32.9139, 1272.1200, -52.8334,  127, 0, 127,  1,  .
P 626.1566, 1029.3779, -56.8291,  127, 0, 127,  1,  .
P 617.4399, 921.8524, -54.8208,  127, 0, 127,  1,  .
P -199.3081, -144.3402, -8.7879,  240, 240, 0,  1,  .
P -1087.5692, 379.9244, -19.8185,  240, 240, 0,  1,  .
P 565.7640, 1233.1482, -64.2203,  127, 0, 127,  1,  .
P -606.8256, -1.5723, -64.0741,  240, 240, 240,  1,  .
P -721.7791, -40.6907, -63.6787,  240, 240, 240,  1,  .
P -718.1953, 67.1699, -62.8438,  240, 240, 240,  1,  .
P -1426.0635, 110.2591, -60.4171,  240, 240, 240,  1,  .
P -1409.1838, 12.9832, -63.9692,  240, 240, 240,  1,  .
P -1510.2791, 732.1874, -65.2624,  240, 240, 240,  1,  .
P -1484.1284, 782.2952, -65.2767,  240, 240, 240,  1,  .
P -1502.1321, 685.6558, -64.7083,  240, 240, 240,  1,  .
P -1513.4486, 1134.2405, -62.3755,  240, 240, 240,  1,  .
P -1087.5844, 1464.8669, -60.2781,  240, 240, 240,  1,  .
P -852.8366, 701.3663, -46.5154,  128, 0, 128,  2,  Kiln
P -877.9030, 685.6141, -44.0402,  0, 127, 0,  2,  a_merchant_(Pottery)
P -566.2022, -43.8489, -62.9951,  240, 240, 240,  1,  .
P -1603.1171, -179.2983, -8.3118,  240, 240, 0,  1,  .
P -208.3830, 652.8125, -7.7254,  240, 240, 0,  1,  .
P -218.7489, 746.3004, -7.0358,  240, 240, 0,  1,  .
P -845.5908, 730.8486, -46.5431,  0, 240, 0,  2,  a_merchant_(Group,Sathir_Trade_Gems)
P -886.5601, 768.2903, -46.5755,  0, 240, 0,  2,  a_merchant_(Raid,Ancient_Sebilisian_Coins)
P -692.9768, 1303.7087, -47.6666,  0, 127, 0,  2,  Janeil_Mon'estra_(Spells)
