L 1000.0, 0.0, 0.0, 1000.0, -50.0, 0.0, 255, 0, 0
L -20.0, 50.0, 0.0, -50.0, 20.0, 0.0, 255, 0, 0
L 50.0, 20.0, 0.0, 20.0, 50.0, 0.0, 255, 0, 0
L 20.0, -50.0, 0.0, 50.0, -20.0, 0.0, 255, 0, 0
L -50.0, -20.0, 0.0, -20.0, -50.0, 0.0, 255, 0, 0
L -50.0, 20.0, 0.0, -50.0, -20.0, 0.0, 255, 0, 0
L 20.0, 50.0, 0.0, -20.0, 50.0, 0.0, 255, 0, 0
L 50.0, -20.0, 0.0, 50.0, 20.0, 0.0, 255, 0, 0
L -20.0, -50.0, 0.0, 20.0, -50.0, 0.0, 255, 0, 0
L 580.0, -20.0, 0.0, 540.0, -20.0, 0.0, 255, 0, 0
L 580.0, -90.0, 0.0, 580.0, -20.0, 0.0, 255, 0, 0
L 540.0, -90.0, 0.0, 580.0, -90.0, 0.0, 255, 0, 0
L 540.0, -20.0, 0.0, 540.0, -90.0, 0.0, 255, 0, 0
L 520.0, -20.0, 0.0, 480.0, -20.0, 0.0, 255, 0, 0
L 520.0, -90.0, 0.0, 520.0, -20.0, 0.0, 255, 0, 0
L 480.0, -90.0, 0.0, 520.0, -90.0, 0.0, 255, 0, 0
L 480.0, -20.0, 0.0, 480.0, -90.0, 0.0, 255, 0, 0
L 460.0, -90.0, 0.0, 450.0, -80.0, 0.0, 255, 0, 0
L 460.0, -20.0, 0.0, 460.0, -90.0, 0.0, 255, 0, 0
L 0.0, -250.0, 0.0, 0.0, 250.0, 0.0, 255, 0, 0
L -250.0, 0.0, 0.0, 1000.0, 0.0, 0.0, 255, 0, 0
L -120.0, -80.0, 0.0, -120.0, -60.0, 0.0, 255, 0, 0
L -120.0, -60.0, 0.0, -120.0, -40.0, 0.0, 255, 0, 0
L -100.0, -60.0, 0.0, -120.0, -60.0, 0.0, 255, 0, 0
L -120.0, -60.0, 0.0, -140.0, -60.0, 0.0, 255, 0, 0
L -90.0, -50.0, 0.0, -100.0, -30.0, 0.0, 255, 0, 0
L -60.0, -80.0, 0.0, -60.0, -60.0, 0.0, 255, 0, 0
L -60.0, -60.0, 0.0, -60.0, -40.0, 0.0, 255, 0, 0
L -40.0, -60.0, 0.0, -60.0, -60.0, 0.0, 255, 0, 0
L -60.0, -60.0, 0.0, -80.0, -60.0, 0.0, 255, 0, 0
L 100.0, 60.0, 0.0, 120.0, 60.0, 0.0, 255, 0, 0
L 120.0, 60.0, 0.0, 140.0, 60.0, 0.0, 255, 0, 0
L 90.0, 70.0, 0.0, 80.0, 90.0, 0.0, 255, 0, 0
L 40.0, 60.0, 0.0, 60.0, 60.0, 0.0, 255, 0, 0
L 60.0, 60.0, 0.0, 80.0, 60.0, 0.0, 255, 0, 0
L -100.0, 60.0, 0.0, -120.0, 60.0, 0.0, 255, 0, 0
L -120.0, 60.0, 0.0, -140.0, 60.0, 0.0, 255, 0, 0
L -90.0, 70.0, 0.0, -100.0, 90.0, 0.0, 255, 0, 0
L -60.0, 80.0, 0.0, -60.0, 60.0, 0.0, 255, 0, 0
L -60.0, 60.0, 0.0, -60.0, 40.0, 0.0, 255, 0, 0
L -40.0, 60.0, 0.0, -60.0, 60.0, 0.0, 255, 0, 0
L -60.0, 60.0, 0.0, -80.0, 60.0, 0.0, 255, 0, 0
L 100.0, -60.0, 0.0, 120.0, -60.0, 0.0, 255, 0, 0
L 120.0, -60.0, 0.0, 140.0, -60.0, 0.0, 255, 0, 0
L 90.0, -50.0, 0.0, 80.0, -30.0, 0.0, 255, 0, 0
L 60.0, -80.0, 0.0, 60.0, -60.0, 0.0, 255, 0, 0
L 60.0, -60.0, 0.0, 60.0, -40.0, 0.0, 255, 0, 0
L 40.0, -60.0, 0.0, 60.0, -60.0, 0.0, 255, 0, 0
L 60.0, -60.0, 0.0, 80.0, -60.0, 0.0, 255, 0, 0
L 599.0, -90.0, 0.0, 637.3, -90.0, 0.0, 255, 0, 0
L 599.0, -20.0, 0.0, 637.3, -20.0, 0.0, 255, 0, 0
L 599.0, -90.0, 0.0, 599.0, -20.0, 0.0, 255, 0, 0
L 637.3, -90.0, 0.0, 637.3, -20.0, 0.0, 255, 0, 0
P 700, 3200, 0, 0, 0, 0, 2, Original_Map:_Brewall_Rainsiger_(Cazic-Thule)
P 700, 3400, 0, 0, 0, 0, 2, http://www.eqmaps.info
P 700, 3600, 0, 0, 0, 0, 2, Return_of_the_Exiled_(www.roteguild.org)
P 700, 3800, 0, 240, 240, 0, 2, A._Misplaced_Tools_ground_spawn_(battlements)
P 700, 4000, 0, 240, 240, 240, 2, B._Historic_Finds_ground_spawn_(around_city)
P 700, 4200, 0, 127, 0, 127, 2, C._Dreadleaves_ground_spawn_(cocktrice/yeti_areas)
P 700, 4400, 0, 0, 0, 0, 2, D._Portal_Dust_mob_drop
P 700, 4600, 0, 127, 64, 0, 2, A_Drolvarg_Captain_PH=_a_drolvarg_gnasher
P 700, 4800, 0, 127, 64, 0, 2, A_Drolvarg_Lord_PH=_a_drolvarg_ravisher
P 700, 5000, 0, 127, 64, 0, 2, Darg_Hillock_PH=_a_mountain_giant_brae
P 700, 5200, 0, 127, 64, 0, 2, Dread_Drikat_PH=_a_drachnid_stinger
P 700, 5400, 0, 127, 64, 0, 2, Hunter_Haltha_PH=_a_mountain_giant_peak
P 700, 5600, 0, 127, 64, 0, 2, Kergag,_the_Mountain_PH=_a_mountain_giant_lord
P 700, 5800, 0, 127, 64, 0, 2, Nightvenom_PH=_a_venomous_drachnid
P 700, 6000, 0, 127, 64, 0, 2, Slitherblade_PH=_a_dread_widow
P 700, 6200, 0, 127, 64, 0, 2, The_Blazing_Hen_PH=_a_stoneglare_cockatrice
P 700, 6400, 0, 127, 64, 0, 2, The_Dreadland_Wanderer_PH=_a_greater_spurbone
P 700, 6600, 0, 127, 64, 0, 2, The_Lost_Hunter_PH=_a_rotting_skeleton
P 700, 6800, 0, 127, 64, 0, 2, The_Stone_Dove_PH=_a_calcifier_cockatrice
P 700, 7000, 0, 127, 64, 0, 2, Tithnak_Shadowhunter_PH=_a_dire_widow
P 700, 7200, 0, 127, 64, 0, 2, Yeti_Matriarch_PH=_a_huge_tundra_yeti
P 700, 7400, 0, 127, 64, 0, 2, Yeti_Patriarch_PH=_a_massive_tundra_yeti
