P -98.1133, 1236.4688, -8.0701, 255, 0, 0, 3, to_Arthicrex
P 741.5875, 405.9403, -10.7274, 255, 0, 0, 3, to_Corathus_Creep
P -365.8084, 1275.0704, -5.9771, 0, 127, 127, 2, Shiani_(Quest)
P -741.0222, 1781.6187, 23.8213, 240, 240, 240, 2, Path_to_upper_area
P -849.3659, 2189.1101, 388.0536, 0, 127, 127, 2, Explorer_Durgan_(Quest)
P -927.0841, 394.8544, -19.2072, 0, 127, 127, 2, Inventor_Biddlebokk_(Quest)
P -154.2223, 324.2221, -70.7654, 0, 127, 127, 2, Gweddon_Tinkertasker_(Mission)
P 436.3908, 587.5220, -17.6144, 0, 127, 127, 2, Xanathan_Foxheart_(Quest)
P 723.8684, 419.6871, -10.6501, 0, 0, 0, 2, Figles_Steelread
P -692.2880, 1121.0275, -112.0464, 0, 127, 127, 2, Sienna_Flamestalker_(Quest)
P -685.2517, 1361.4562, -112.8716, 0, 0, 0, 2, Shrum
P -1266.9056, 361.3678, 40.6318, 0, 0, 0, 2, Balbor
P -571.4811, 92.7319, -78.6686, 127, 64, 0, 2, Cliknar_Ravager_(Named)
P -193.2870, 57.8261, -90.9957, 0, 0, 0, 2, Splak
P -798.2936, 577.5720, 21.0557, 0, 0, 240, 1, GS:_Rock_Pile
P -1006.5290, 1476.3431, -740.9289, 240, 240, 0, 2, Teleport_A
P -852.9980, 1313.9967, 91.2340, 240, 240, 0, 2, Teleport_A
P -840.1102, 1544.2014, 17.7458, 240, 240, 0, 2, Teleport_B
P -885.0684, 1538.5948, -739.5367, 240, 240, 0, 2, Teleport_B
P -1091.8153, 1555.7028, 15.4668, 240, 240, 0, 2, Teleport_C
P -1061.4878, 1405.1201, -739.4192, 240, 240, 0, 2, Teleport_C
P -1384.4236, 1279.7150, 23.4447, 240, 240, 0, 2, Teleport_D
P -928.5687, 1404.5072, -739.2603, 240, 240, 0, 2, Teleport_D
P -1221.8838, 1130.5681, 30.3641, 240, 240, 0, 2, Teleport_E
P -1116.5553, 1333.6427, -739.2380, 240, 240, 0, 2, Teleport_E
P -1100.4421, 1351.2175, -742.6149, 0, 127, 127, 2, Splari_(Quest)
P -728.5013, 1428.7347, -39.6036, 0, 0, 0, 2, Zuzz
P -923.2956, 1046.6333, 36.2338, 0, 0, 0, 2, Mephit_Shaman
P -925.7219, 1017.3727, 36.2400, 240, 240, 0, 2, Teleport_F
P -906.8935, 1212.7112, -739.2964, 240, 240, 0, 2, Teleport_F
P -537.9615, 1086.8607, 22.1007, 240, 240, 0, 2, Teleport_G
P -804.5881, 1310.5450, -739.2296, 240, 240, 0, 2, Teleport_G
P -538.7805, 1408.8296, 15.3758, 240, 240, 0, 2, Teleport_H
P -766.8101, 1412.3450, -739.4188, 240, 240, 0, 2, Teleport_H
P -68.8539, 604.9731, -99.0874, 127, 64, 0, 2, Dwarven_Stalwart_(Named)
P -801.7471, 1322.2765, -741.6049, 0, 0, 240, 1, GS:_Cryptic_Scroll
P -84.5041, 605.4954, -103.0394, 240, 240, 240, 2, The_Searing_Prominence
P -314.7395, 79.2148, -90.7714, 240, 240, 240, 2, Peninfernal__Lava_Pool
P -903.2514, 1095.9299, -44.0213, 240, 240, 240, 2, The_Serrated_Cliff
