P -1255.5341, 122.6067, 426.1648,  255, 0, 0,  3,  to_The_Steam_Factory
P 794.0077, 436.9711, 431.0663,  255, 0, 0,  3,  to_The_Steam_Factory
P 1662.1510, 206.1582, 401.0381,  255, 0, 0,  3,  to_Gyropsire_Beza_(click)
P 1699.6005, 153.1307, 398.5537,  255, 0, 0,  3,  to_Gyrospire_Zeta_(click)
P -1656.1774, -1041.9097, 396.4979,  255, 0, 0,  3,  to_S.H.I.P._Workshop
P -13.7795, -1472.6091, 660.7975,  255, 0, 0,  3,  to_Meldrath's_Majestic_Mansion
P 1700.0000, -350.0000, 400.7174,  255, 0, 0,  2,  Succor
P -1503.9117, -2658.7725, 404.0264,  255, 255, 0,  2,  Trap
P -1249.3466, -1835.3613, 618.6019,  255, 255, 0,  2,  Elevators
P -1369.9293, 1202.2917, 405.4638,  255, 255, 0,  2,  Elevator
P 1.9972, 210.1767, 475.6215,  255, 255, 0,  2,  Elevators
P 8.3408, -128.2733, 475.5678,  255, 255, 0,  2,  Elevators
P -37.6122, -498.1161, 548.9109,  255, 255, 0,  2,  Elevators
P 1245.4391, -1870.1359, 619.3821,  255, 255, 0,  2,  Elevators
P 871.5101, -2151.5374, 400.9317,  255, 255, 0,  2,  Instance_(Raid)
P 1454.1547, -879.5926, 411.1233,  0, 128, 0,  2,  Inizen_Nogglezop_(Spells)
P -1591.8700, 367.3449, 401.7636,  0, 128, 0,  1,  Pull
P 1193.0311, 1118.0134, 411.6755,  0, 0, 0,  2,  Siege_Inspector_Huttle
P 1680.3910, -238.3699, 400.6551,  0, 128, 128,  2,  Engineer_Springfap_(Quest)
P 1565.1342, -228.2265, 400.0285,  0, 128, 128,  2,  Tavik_Gearpaq_(Quest)
P 1510.8737, -212.7003, 399.3843,  0, 128, 128,  2,  Pyrotechnician_Flizcoq_(Quest)
P 1407.6108, -159.3876, 394.1919,  0, 127, 127,  2,  Clockwork_Warmashal_(Quest)
P 1313.6490, -12.9958, 351.0293,  0, 127, 127,  2,  Tinmyn_Cogsloose_(Quests_75+)
P 1480.6575, -95.4600, 373.1349,  0, 127, 127,  2,  Tabazon_Gearflinger_(Quests_75+)
P 1626.4525, 142.2608, 390.4563,  0, 0, 0,  2,  Launch_Engineer
P 1218.9672, 234.4984, 539.1390,  0, 0, 0,  2,  Engineer_Brinik
P 350.4894, 1454.5997, 417.6785,  0, 0, 0,  2,  Firemarshal_Unit_IV
P -672.5643, 1492.4523, 396.9558,  0, 0, 0,  2,  Siegemarshal_Kenti_Tinwhistle
P 1645.9271, -192.9831, 403.5499,  0, 127, 127,  2,  Lamperious_Cogwittle_(Quest_75+)
P 1567.4563, -206.1339, 404.0914,  0, 127, 127,  2,  Gurtrude_the_Spymaster_(Quest)
P 1452.1305, -375.3297, 402.1426,  0, 0, 0,  2,  Sparks_Diggleknob
P 1419.9584, -2568.5886, 400.6741,  0, 0, 240,  1,  GS:_Screw_1
P 995.9887, -2538.6177, 405.4778,  0, 0, 240,  1,  GS:_Screw_2
P 1360.5333, -2069.2527, 407.7337,  0, 0, 240,  1,  GS:_Screw_3
P 1129.4944, -2237.9167, 407.7251,  0, 0, 240,  1,  GS:_Screw_4
P -1381.4639, -2234.7295, 403.3629,  0, 0, 240,  1,  GS:_Screw_5
P -1543.0167, -2212.5869, 403.2787,  0, 0, 240,  1,  GS:_Screw_6
P -1390.5319, -2290.7427, 404.0536,  0, 0, 240,  1,  GS:_Screw_7
P -1535.6278, -2293.7769, 405.4955,  0, 0, 240,  1,  GS:_Screw_8
P -1389.6425, -2396.0320, 405.4913,  0, 0, 240,  1,  GS:_Screw_9
P -1533.5751, -2397.2708, 405.4841,  0, 0, 240,  1,  GS:_Screw_10
P 1071.7432, -1099.2665, 621.2947,  127, 64, 0,  2,  Eldervine_the_Twisted_(Named)
P 1424.0796, -144.2286, 388.3252,  0, 240, 240,  2,  Plink_Squichbolt_(Raids)
P 1523.2805, -193.7458, 401.5627,  0, 0, 0,  2,  Researcher_Stripcog
