P 158.0000, 625.0000, 3.0000,  255, 0, 0,  3,  to_The_Lesser_Faydark
P -625.5336, 509.3552, 41.2012,  128, 64, 0,  2,  Mini-Boss_(Named)
P -248.4213, -197.9711, 7.5020,  128, 64, 0,  2,  Mini-Boss_(Named)
P -166.0318, 284.6003, -19.4980,  128, 64, 0,  2,  Mini-Boss_(Named)
P -741.3441, -111.2445, 9.2587,  128, 64, 0,  2,  Mini-Boss_(Named)
P -611.0000, 534.0000, 41.0000,  128, 64, 0,  2,  Hostage
P -621.0000, 384.0000, 50.0000,  128, 64, 0,  2,  Mini-Boss_(Named)
P -507.0000, -109.0000, 1.0000,  128, 64, 0,  2,  Mini-Boss_(Named)
P 186.9727, 195.4475, -1.1520,  255, 255, 255,  2,  Piano_Room
P -279.2104, -196.4906, 1.5193,  240, 240, 0,  1,  TRAP
P -739.7571, -126.5402, 11.2867,  240, 240, 240,  2,  Moondial
P 85.5070, -48.2128, 1.7402,  127, 64, 0,  2,  Named
