L 167.0000, 630.0000, -3.0000,  167.0000, 642.0000, -3.0000,  0, 0, 0
L 191.0000, 564.0000, -3.0000,  278.0000, 564.0000, -3.0000,  0, 0, 0
L 278.0000, 689.0000, -3.0000,  191.0000, 689.0000, -3.0000,  0, 0, 0
L 128.0000, 615.0000, -3.0000,  107.0000, 615.0000, -3.0000,  0, 0, 0
L 162.0000, 626.0000, -3.0000,  167.0000, 630.0000, -3.0000,  0, 0, 0
L -321.0000, -96.0000, 0.0000,  -304.9000, -112.0000, 0.0000,  0, 0, 0
L -304.9000, -112.0000, 0.0000,  -275.2000, -112.0000, 0.0000,  0, 0, 0
L -323.2000, -18.6000, 0.6000,  -354.0000, -3.2000, 0.0000,  0, 0, 0
L -275.2000, -83.1000, 0.0000,  -275.2000, -67.2000, 0.0000,  0, 0, 0
L -323.2000, -34.3000, 0.0000,  -323.2000, -18.6000, 0.6000,  0, 0, 0
L -275.2000, -67.2000, 0.0000,  -290.3000, -67.2000, 0.0000,  0, 0, 0
L -290.3000, -67.2000, 0.0000,  -323.2000, -34.3000, 0.0000,  0, 0, 0
L -400.0000, -34.3000, 0.0000,  -432.9000, -67.2000, 0.0000,  0, 0, 0
L -402.3000, -96.0000, 0.0000,  -368.0000, -96.0000, 0.0000,  0, 0, 0
L -275.2000, -112.0000, 0.0000,  -275.2000, -96.2000, 0.0000,  0, 0, 0
L -418.2000, -112.0000, 0.0000,  -402.3000, -96.0000, 0.0000,  0, 0, 0
L -369.2000, -3.2000, 0.0000,  -400.0000, -18.6000, 1.0000,  0, 0, 0
L -354.0000, -3.2000, 0.0000,  -369.2000, -3.2000, 0.0000,  0, 0, 0
L -400.0000, -18.6000, 1.0000,  -400.0000, -34.3000, 0.0000,  0, 0, 0
L -275.2000, -83.1000, 0.0000,  -265.0000, -83.1000, 0.0000,  0, 0, 0
L -275.2000, -96.2000, 0.0000,  -265.0000, -96.2000, 0.0000,  0, 0, 0
L -265.0000, -106.0000, 0.0000,  -265.0000, -96.2000, 0.0000,  0, 0, 0
L -265.0000, -83.1000, 0.0000,  -265.0000, -74.0000, 0.0000,  0, 0, 0
L -356.2000, -96.0000, 0.0000,  -321.0000, -96.0000, 0.0000,  0, 0, 0
L -368.0000, -96.0000, 0.0000,  -368.0000, -113.8000, 0.0000,  0, 0, 0
L -714.8000, 136.8000, 17.1000,  -745.2000, 152.9000, 16.5000,  0, 0, 0
L -683.1000, 87.4000, 16.5000,  -715.2000, 121.1000, 16.5000,  0, 0, 0
L -668.0000, 87.0000, 16.5000,  -683.1000, 87.4000, 16.5000,  0, 0, 0
L -698.8000, 42.9000, 16.5000,  -669.1000, 42.2000, 16.5000,  0, 0, 0
L -715.2000, 121.1000, 16.5000,  -714.8000, 136.8000, 17.1000,  0, 0, 0
L -668.4000, 71.1000, 16.5000,  -668.0000, 87.0000, 16.5000,  0, 0, 0
L -791.6000, 138.6000, 17.5000,  -792.0000, 122.9000, 16.5000,  0, 0, 0
L -825.7000, 90.8000, 16.5000,  -840.7000, 91.2000, 16.5000,  0, 0, 0
L -795.8000, 61.3000, 16.5000,  -714.5000, 59.3000, 16.5000,  0, 0, 0
L -745.2000, 152.9000, 16.5000,  -760.4000, 153.3000, 16.5000,  0, 0, 0
L -812.0000, 45.7000, 16.5000,  -795.8000, 61.3000, 16.5000,  0, 0, 0
L -792.0000, 122.9000, 16.5000,  -825.7000, 90.8000, 16.5000,  0, 0, 0
L -760.4000, 153.3000, 16.5000,  -791.6000, 138.6000, 17.5000,  0, 0, 0
L -841.8000, 46.4000, 16.5000,  -812.0000, 45.7000, 16.5000,  0, 0, 0
L -669.1000, 42.2000, 16.5000,  -668.7000, 58.0000, 16.5000,  0, 0, 0
L -714.5000, 59.3000, 16.5000,  -698.8000, 42.9000, 16.5000,  0, 0, 0
L -840.7000, 91.2000, 16.5000,  -841.8000, 46.4000, 16.5000,  0, 0, 0
L -668.4000, 71.1000, 16.5000,  -654.0000, 71.1000, 16.5000,  0, 0, 0
L -668.7000, 58.0000, 16.5000,  -654.0000, 58.0000, 16.5000,  0, 0, 0
L -241.2000, 57.0000, -6.2000,  -237.1000, 57.0000, -4.1000,  0, 0, 0
L -228.9000, 28.1000, 0.0000,  -233.0000, 28.1000, -2.1000,  0, 0, 0
L -233.0000, 28.1000, -2.1000,  -237.1000, 28.1000, -4.1000,  0, 0, 0
L -276.0000, 28.1000, -16.5000,  -276.0000, 57.0000, -16.5000,  0, 0, 0
L -245.3000, 57.0000, -8.2000,  -241.2000, 57.0000, -6.2000,  0, 0, 0
L -241.2000, 57.0000, -6.2000,  -241.2000, 28.1000, -6.2000,  150, 150, 150
L -276.0000, 28.1000, -16.5000,  -261.8000, 28.1000, -16.5000,  0, 0, 0
L -241.2000, 28.1000, -6.2000,  -245.3000, 28.1000, -8.2000,  0, 0, 0
L -215.2000, 57.0000, 0.0000,  -215.2000, 49.1000, 0.0000,  0, 0, 0
L -237.1000, 57.0000, -4.1000,  -233.0000, 57.0000, -2.1000,  0, 0, 0
L -276.0000, 57.0000, -16.5000,  -261.8000, 57.0000, -16.5000,  0, 0, 0
L -237.1000, 57.0000, -4.1000,  -237.1000, 28.1000, -4.1000,  150, 150, 150
L -215.2000, 28.1000, 0.0000,  -215.2000, 36.1000, 0.0000,  0, 0, 0
L -253.6000, 28.1000, -12.4000,  -257.7000, 28.1000, -14.4000,  0, 0, 0
L -257.7000, 57.0000, -14.4000,  -253.6000, 57.0000, -12.4000,  0, 0, 0
L -233.0000, 57.0000, -2.1000,  -228.9000, 57.0000, 0.0000,  0, 0, 0
L -253.6000, 57.0000, -12.4000,  -253.6000, 28.1000, -12.4000,  150, 150, 150
L -249.4000, 28.1000, -10.3000,  -253.6000, 28.1000, -12.4000,  0, 0, 0
L -257.7000, 57.0000, -14.4000,  -257.7000, 28.1000, -14.4000,  150, 150, 150
L -261.8000, 57.0000, -16.5000,  -257.7000, 57.0000, -14.4000,  0, 0, 0
L -215.2000, 28.1000, 0.0000,  -228.9000, 28.1000, 0.0000,  0, 0, 0
L -249.4000, 57.0000, -10.3000,  -249.4000, 28.1000, -10.3000,  150, 150, 150
L -249.4000, 57.0000, -10.3000,  -245.3000, 57.0000, -8.2000,  0, 0, 0
L -245.3000, 57.0000, -8.2000,  -245.3000, 28.1000, -8.2000,  150, 150, 150
L -233.0000, 57.0000, -2.1000,  -233.0000, 28.1000, -2.1000,  150, 150, 150
L -228.9000, 57.0000, 0.0000,  -228.9000, 28.1000, 0.0000,  150, 150, 150
L -245.3000, 28.1000, -8.2000,  -249.4000, 28.1000, -10.3000,  0, 0, 0
L -253.6000, 57.0000, -12.4000,  -249.4000, 57.0000, -10.3000,  0, 0, 0
L -257.7000, 28.1000, -14.4000,  -261.8000, 28.1000, -16.5000,  0, 0, 0
L -261.8000, 57.0000, -16.5000,  -261.8000, 28.1000, -16.5000,  150, 150, 150
L -237.1000, 28.1000, -4.1000,  -241.2000, 28.1000, -6.2000,  0, 0, 0
L -228.9000, 57.0000, 0.0000,  -215.2000, 57.0000, 0.0000,  0, 0, 0
L -191.0000, -6.0000, 0.0000,  -191.0000, -13.0000, 0.0000,  0, 0, 0
L -170.0000, -65.0000, 0.0000,  -179.0000, -65.0000, 0.0000,  0, 0, 0
L -191.0000, -5.0000, 0.0000,  -191.0000, -6.0000, 0.0000,  0, 0, 0
L -179.0000, -5.0000, 0.0000,  -191.0000, -5.0000, 0.0000,  0, 0, 0
L -116.0000, -74.0000, 0.0000,  -116.0000, -106.0000, 0.0000,  0, 0, 0
L -265.0000, -106.0000, 0.0000,  -116.0000, -106.0000, 0.0000,  0, 0, 0
L -215.2000, 36.1000, 0.0000,  -201.0000, 36.1000, 0.0000,  0, 0, 0
L -201.0000, 36.1000, 0.0000,  -191.0000, 36.1000, 0.0000,  0, 0, 0
L -215.2000, 49.1000, 0.0000,  -202.0000, 49.1000, 0.0000,  0, 0, 0
L -202.0000, 49.1000, 0.0000,  -191.0000, 49.1000, 0.0000,  0, 0, 0
L 102.6000, 501.0000, -2.0000,  86.9000, 501.0000, -3.0000,  0, 0, 0
L 25.2000, 422.0000, -3.0000,  9.2000, 405.9000, -3.0000,  0, 0, 0
L 54.0000, 533.9000, -3.0000,  54.0000, 549.0000, -3.0000,  0, 0, 0
L 54.0000, 391.3000, -3.0000,  86.9000, 424.2000, -3.0000,  0, 0, 0
L 38.1000, 376.2000, -3.0000,  54.0000, 376.2000, -3.0000,  0, 0, 0
L 118.0000, 470.2000, -3.0000,  102.6000, 501.0000, -2.0000,  0, 0, 0
L 86.9000, 501.0000, -3.0000,  54.0000, 533.9000, -3.0000,  0, 0, 0
L 118.0000, 455.0000, -3.0000,  118.0000, 470.2000, -3.0000,  0, 0, 0
L 9.2000, 549.0000, -3.0000,  9.2000, 519.2000, -3.0000,  0, 0, 0
L 25.2000, 503.3000, -3.0000,  25.2000, 422.0000, -3.0000,  0, 0, 0
L 86.9000, 424.2000, -3.0000,  102.6000, 424.2000, -2.4000,  0, 0, 0
L 102.6000, 424.2000, -2.4000,  118.0000, 455.0000, -3.0000,  0, 0, 0
L 54.0000, 376.2000, -3.0000,  54.0000, 391.3000, -3.0000,  0, 0, 0
L 9.2000, 519.2000, -3.0000,  25.2000, 503.3000, -3.0000,  0, 0, 0
L 9.2000, 405.9000, -3.0000,  9.2000, 376.2000, -3.0000,  0, 0, 0
L 9.2000, 376.2000, -3.0000,  25.0000, 376.2000, -3.0000,  0, 0, 0
L 25.0000, 376.2000, -3.0000,  25.0000, 369.4000, -3.0000,  0, 0, 0
L 38.1000, 376.2000, -3.0000,  38.1000, 369.4000, -3.0000,  0, 0, 0
L 25.0000, 564.0000, -3.0000,  25.0000, 556.3000, -3.0000,  0, 0, 0
L 54.0000, 549.0000, -3.0000,  40.0000, 549.0000, -3.0000,  0, 0, 0
L 25.0000, 549.0000, -3.0000,  9.2000, 549.0000, -3.0000,  0, 0, 0
L 129.2000, 138.9000, -3.0000,  129.2000, 109.2000, -3.0000,  0, 0, 0
L 174.0000, 124.3000, -3.0000,  206.9000, 157.2000, -3.0000,  0, 0, 0
L 206.9000, 157.2000, -3.0000,  222.6000, 157.2000, -2.4000,  0, 0, 0
L 222.6000, 157.2000, -2.4000,  238.0000, 188.0000, -3.0000,  0, 0, 0
L 174.0000, 109.2000, -3.0000,  174.0000, 124.3000, -3.0000,  0, 0, 0
L 222.6000, 234.0000, -2.0000,  206.9000, 234.0000, -3.0000,  0, 0, 0
L 238.0000, 188.0000, -3.0000,  238.0000, 203.2000, -3.0000,  0, 0, 0
L 129.2000, 252.2000, -3.0000,  145.2000, 236.3000, -3.0000,  0, 0, 0
L 129.2000, 109.2000, -3.0000,  174.0000, 109.2000, -3.0000,  0, 0, 0
L 145.2000, 155.0000, -3.0000,  129.2000, 138.9000, -3.0000,  0, 0, 0
L 238.0000, 203.2000, -3.0000,  222.6000, 234.0000, -2.0000,  0, 0, 0
L 206.9000, 234.0000, -3.0000,  174.0000, 266.9000, -3.0000,  0, 0, 0
L 145.2000, 236.3000, -3.0000,  145.2000, 202.0000, -3.0000,  0, 0, 0
L 146.0000, 335.0000, -3.0000,  139.0000, 325.0000, -3.0000,  0, 0, 0
L 116.0000, 275.0000, -3.0000,  116.0000, 312.0000, -3.0000,  0, 0, 0
L 174.0000, 266.9000, -3.0000,  174.0000, 282.0000, -3.0000,  0, 0, 0
L 129.2000, 282.0000, -3.0000,  129.2000, 252.2000, -3.0000,  0, 0, 0
L 145.0000, 312.0000, -3.0000,  146.0000, 311.0000, -3.0000,  0, 0, 0
L 158.0000, 295.0000, -3.0000,  158.1000, 295.1000, -3.0000,  0, 0, 0
L 174.0000, 326.0000, -3.0000,  160.0000, 341.0000, -3.0000,  0, 0, 0
L 174.0000, 282.0000, -3.0000,  158.1000, 282.0000, -3.0000,  0, 0, 0
L 148.0000, 282.0000, -3.0000,  129.2000, 282.0000, -3.0000,  0, 0, 0
L -638.0000, 90.0000, 17.5000,  -609.2000, 90.0000, 17.5000,  150, 150, 150
L -625.2000, 43.0000, 16.5000,  -609.2000, 43.0000, 16.5000,  0, 0, 0
L -638.0000, 113.7000, 28.9000,  -609.2000, 113.7000, 28.9000,  150, 150, 150
L -638.0000, 115.9000, 29.9000,  -609.2000, 115.9000, 29.9000,  150, 150, 150
L -638.0000, 98.7000, 21.7000,  -609.2000, 98.7000, 21.7000,  150, 150, 150
L -638.0000, 122.3000, 33.0000,  -609.2000, 122.3000, 33.0000,  150, 150, 150
L -609.2000, 135.9000, 33.0000,  -609.2000, 122.3000, 33.0000,  0, 0, 0
L -609.2000, 103.0000, 23.7000,  -638.0000, 103.0000, 23.7000,  150, 150, 150
L -638.0000, 118.0000, 30.9000,  -609.2000, 118.0000, 30.9000,  150, 150, 150
L -638.0000, 120.2000, 32.0000,  -638.0000, 118.0000, 30.9000,  0, 0, 0
L -638.0000, 120.2000, 32.0000,  -609.2000, 120.2000, 32.0000,  150, 150, 150
L -638.0000, 109.4000, 26.8000,  -609.2000, 109.4000, 26.8000,  150, 150, 150
L -609.2000, 135.9000, 33.0000,  -617.1000, 135.9000, 33.0000,  0, 0, 0
L -638.0000, 92.2000, 18.6000,  -638.0000, 90.0000, 17.5000,  0, 0, 0
L -638.0000, 122.3000, 33.0000,  -638.0000, 120.2000, 32.0000,  0, 0, 0
L -654.0000, 87.9000, 16.5000,  -638.0000, 87.9000, 16.5000,  0, 0, 0
L -638.0000, 92.2000, 18.6000,  -609.2000, 92.2000, 18.6000,  150, 150, 150
L -638.0000, 111.6000, 27.8000,  -638.0000, 109.4000, 26.8000,  0, 0, 0
L -638.0000, 111.6000, 27.8000,  -609.2000, 111.6000, 27.8000,  150, 150, 150
L -638.0000, 100.8000, 22.7000,  -638.0000, 98.7000, 21.7000,  0, 0, 0
L -638.0000, 107.3000, 25.8000,  -638.0000, 105.1000, 24.8000,  0, 0, 0
L -638.0000, 98.7000, 21.7000,  -638.0000, 96.5000, 20.6000,  0, 0, 0
L -638.0000, 96.5000, 20.6000,  -609.2000, 96.5000, 20.6000,  150, 150, 150
L -638.0000, 122.3000, 33.0000,  -638.0000, 135.9000, 33.0000,  0, 0, 0
L -638.0000, 96.5000, 20.6000,  -638.0000, 94.4000, 19.6000,  0, 0, 0
L -609.2000, 94.4000, 19.6000,  -638.0000, 94.4000, 19.6000,  150, 150, 150
L -638.0000, 103.0000, 23.7000,  -638.0000, 100.8000, 22.7000,  0, 0, 0
L -638.0000, 100.8000, 22.7000,  -609.2000, 100.8000, 22.7000,  150, 150, 150
L -638.0000, 118.0000, 30.9000,  -638.0000, 115.9000, 29.9000,  0, 0, 0
L -638.0000, 115.9000, 29.9000,  -638.0000, 113.7000, 28.9000,  0, 0, 0
L -654.0000, 70.9000, 16.5000,  -654.0000, 71.1000, 16.5000,  0, 0, 0
L -638.0000, 113.7000, 28.9000,  -638.0000, 111.6000, 27.8000,  0, 0, 0
L -638.0000, 94.4000, 19.6000,  -638.0000, 92.2000, 18.6000,  0, 0, 0
L -638.0000, 90.0000, 17.5000,  -638.0000, 87.9000, 16.5000,  0, 0, 0
L -638.0000, 109.4000, 26.8000,  -638.0000, 107.3000, 25.8000,  0, 0, 0
L -638.0000, 105.1000, 24.8000,  -638.0000, 103.0000, 23.7000,  0, 0, 0
L -638.0000, 87.9000, 16.5000,  -609.2000, 87.9000, 16.5000,  150, 150, 150
L -630.1000, 135.9000, 33.0000,  -638.0000, 135.9000, 33.0000,  0, 0, 0
L -609.2000, 59.0000, 16.5000,  -609.2000, 43.0000, 16.5000,  0, 0, 0
L -638.0000, 107.3000, 25.8000,  -609.2000, 107.3000, 25.8000,  150, 150, 150
L -638.0000, 105.1000, 24.8000,  -609.2000, 105.1000, 24.8000,  150, 150, 150
L -654.0000, 58.0000, 16.5000,  -654.0000, 43.1000, 16.5000,  0, 0, 0
L -654.0000, 71.1000, 16.5000,  -654.0000, 87.9000, 16.5000,  0, 0, 0
L -609.2000, 59.0000, 16.5000,  -609.2000, 87.9000, 16.5000,  0, 0, 0
L -609.2000, 87.9000, 16.5000,  -609.2000, 122.3000, 33.0000,  0, 0, 0
L -645.8000, -6.2000, 6.2000,  -617.0000, -6.2000, 6.2000,  150, 150, 150
L -617.0000, -12.6000, 3.1000,  -645.8000, -12.6000, 3.1000,  150, 150, 150
L -645.8000, 0.3000, 9.3000,  -645.8000, -1.9000, 8.3000,  0, 0, 0
L -645.8000, 11.0000, 14.4000,  -645.8000, 8.9000, 13.4000,  0, 0, 0
L -645.8000, -12.6000, 3.1000,  -645.8000, -14.8000, 2.1000,  0, 0, 0
L -645.8000, -10.5000, 4.1000,  -617.0000, -10.5000, 4.1000,  150, 150, 150
L -645.8000, 8.9000, 13.4000,  -645.8000, 6.7000, 12.4000,  0, 0, 0
L -617.0000, -19.1000, 0.0000,  -617.0000, 15.3000, 16.5000,  0, 0, 0
L -645.8000, -17.0000, 1.0000,  -645.8000, -19.1000, 0.0000,  0, 0, 0
L -645.8000, -1.9000, 8.3000,  -645.8000, -4.0000, 7.2000,  0, 0, 0
L -645.8000, -1.9000, 8.3000,  -617.0000, -1.9000, 8.3000,  150, 150, 150
L -645.8000, 15.3000, 16.5000,  -645.8000, 28.9000, 16.5000,  0, 0, 0
L -645.8000, 0.3000, 9.3000,  -617.0000, 0.3000, 9.3000,  150, 150, 150
L -645.8000, 2.4000, 10.3000,  -645.8000, 0.3000, 9.3000,  0, 0, 0
L -645.8000, -4.0000, 7.2000,  -645.8000, -6.2000, 6.2000,  0, 0, 0
L -645.8000, 6.7000, 12.4000,  -645.8000, 4.6000, 11.3000,  0, 0, 0
L -645.8000, -8.3000, 5.2000,  -645.8000, -10.5000, 4.1000,  0, 0, 0
L -645.8000, -19.1000, 0.0000,  -617.0000, -19.1000, 0.0000,  150, 150, 150
L -645.8000, -10.5000, 4.1000,  -645.8000, -12.6000, 3.1000,  0, 0, 0
L -645.8000, 8.9000, 13.4000,  -617.0000, 8.9000, 13.4000,  150, 150, 150
L -645.8000, -63.9000, 0.0000,  -601.0000, -64.0000, 0.0000,  0, 0, 0
L -645.8000, 2.4000, 10.3000,  -617.0000, 2.4000, 10.3000,  150, 150, 150
L -645.8000, 13.2000, 15.5000,  -617.0000, 13.2000, 15.5000,  150, 150, 150
L -645.8000, 15.3000, 16.5000,  -645.8000, 13.2000, 15.5000,  0, 0, 0
L -645.8000, -8.3000, 5.2000,  -617.0000, -8.3000, 5.2000,  150, 150, 150
L -645.8000, 11.0000, 14.4000,  -617.0000, 11.0000, 14.4000,  150, 150, 150
L -645.8000, 6.7000, 12.4000,  -617.0000, 6.7000, 12.4000,  150, 150, 150
L -645.8000, -17.0000, 1.0000,  -617.0000, -17.0000, 1.0000,  150, 150, 150
L -617.0000, 28.9000, 16.5000,  -617.0000, 15.3000, 16.5000,  0, 0, 0
L -645.8000, 13.2000, 15.5000,  -645.8000, 11.0000, 14.4000,  0, 0, 0
L -645.8000, -14.8000, 2.1000,  -645.8000, -17.0000, 1.0000,  0, 0, 0
L -645.8000, 4.6000, 11.3000,  -645.8000, 2.4000, 10.3000,  0, 0, 0
L -645.8000, 15.3000, 16.5000,  -617.0000, 15.3000, 16.5000,  150, 150, 150
L -617.0000, -4.0000, 7.2000,  -645.8000, -4.0000, 7.2000,  150, 150, 150
L -645.8000, -14.8000, 2.1000,  -617.0000, -14.8000, 2.1000,  150, 150, 150
L -645.8000, -6.2000, 6.2000,  -645.8000, -8.3000, 5.2000,  0, 0, 0
L -645.8000, 4.6000, 11.3000,  -617.0000, 4.6000, 11.3000,  150, 150, 150
L -617.0000, -19.1000, 0.0000,  -601.0000, -19.1000, 0.0000,  0, 0, 0
L -601.0000, -19.1000, 0.0000,  -601.0000, -37.0000, 0.0000,  0, 0, 0
L -645.8000, -63.9000, 0.0000,  -645.8000, -64.0000, 0.0000,  0, 0, 0
L -645.8000, -19.1000, 0.0000,  -645.8000, -48.0000, 0.0000,  150, 150, 150
L -617.0000, 28.9000, 16.5000,  -624.9000, 28.9000, 16.5000,  0, 0, 0
L -637.9000, 28.9000, 16.5000,  -645.8000, 28.9000, 16.5000,  0, 0, 0
L -624.9000, 28.9000, 16.5000,  -625.2000, 28.9000, 16.5000,  0, 0, 0
L -625.2000, 43.0000, 16.5000,  -625.2000, 35.4000, 16.5000,  0, 0, 0
L -636.5000, 43.1000, 16.5000,  -636.5000, 35.4000, 16.5000,  0, 0, 0
L -636.5000, 28.9000, 16.5000,  -637.9000, 28.9000, 16.5000,  0, 0, 0
L -636.5000, 43.1000, 16.5000,  -654.0000, 43.1000, 16.5000,  0, 0, 0
L -665.0000, -19.1000, 9.3000,  -662.9000, -19.1000, 8.3000,  0, 0, 0
L -656.5000, -48.0000, 5.2000,  -654.4000, -48.0000, 4.1000,  0, 0, 0
L -667.2000, -19.1000, 10.3000,  -665.0000, -19.1000, 9.3000,  0, 0, 0
L -677.8000, -48.0000, 15.5000,  -675.7000, -48.0000, 14.4000,  0, 0, 0
L -665.0000, -48.0000, 9.3000,  -662.9000, -48.0000, 8.3000,  0, 0, 0
L -680.0000, -19.1000, 16.5000,  -677.8000, -19.1000, 15.5000,  0, 0, 0
L -675.7000, -48.0000, 14.4000,  -673.6000, -48.0000, 13.4000,  0, 0, 0
L -660.8000, -19.1000, 7.2000,  -660.8000, -48.0000, 7.2000,  150, 150, 150
L -680.0000, -48.0000, 16.5000,  -677.8000, -48.0000, 15.5000,  0, 0, 0
L -669.3000, -19.1000, 11.3000,  -669.3000, -48.0000, 11.3000,  150, 150, 150
L -660.8000, -19.1000, 7.2000,  -658.6000, -19.1000, 6.2000,  0, 0, 0
L -656.5000, -19.1000, 5.2000,  -654.4000, -19.1000, 4.1000,  0, 0, 0
L -693.8000, -19.1000, 16.5000,  -693.8000, -27.0000, 16.5000,  0, 0, 0
L -660.8000, -48.0000, 7.2000,  -658.6000, -48.0000, 6.2000,  0, 0, 0
L -654.4000, -19.1000, 4.1000,  -652.2000, -19.1000, 3.1000,  0, 0, 0
L -658.6000, -48.0000, 6.2000,  -656.5000, -48.0000, 5.2000,  0, 0, 0
L -669.3000, -19.1000, 11.3000,  -667.2000, -19.1000, 10.3000,  0, 0, 0
L -656.5000, -19.1000, 5.2000,  -656.5000, -48.0000, 5.2000,  150, 150, 150
L -673.6000, -19.1000, 13.4000,  -671.4000, -19.1000, 12.4000,  0, 0, 0
L -677.8000, -19.1000, 15.5000,  -677.8000, -48.0000, 15.5000,  150, 150, 150
L -662.9000, -19.1000, 8.3000,  -660.8000, -19.1000, 7.2000,  0, 0, 0
L -654.4000, -48.0000, 4.1000,  -652.2000, -48.0000, 3.1000,  0, 0, 0
L -675.7000, -19.1000, 14.4000,  -673.6000, -19.1000, 13.4000,  0, 0, 0
L -648.0000, -48.0000, 1.0000,  -645.8000, -48.0000, 0.0000,  0, 0, 0
L -652.2000, -19.1000, 3.1000,  -652.2000, -48.0000, 3.1000,  150, 150, 150
L -677.8000, -19.1000, 15.5000,  -675.7000, -19.1000, 14.4000,  0, 0, 0
L -662.9000, -19.1000, 8.3000,  -662.9000, -48.0000, 8.3000,  150, 150, 150
L -680.0000, -48.0000, 16.5000,  -680.0000, -19.1000, 16.5000,  150, 150, 150
L -693.8000, -48.0000, 16.5000,  -680.0000, -48.0000, 16.5000,  0, 0, 0
L -658.6000, -19.1000, 6.2000,  -656.5000, -19.1000, 5.2000,  0, 0, 0
L -648.0000, -19.1000, 1.0000,  -645.8000, -19.1000, 0.0000,  0, 0, 0
L -671.4000, -19.1000, 12.4000,  -671.4000, -48.0000, 12.4000,  150, 150, 150
L -665.0000, -19.1000, 9.3000,  -665.0000, -48.0000, 9.3000,  150, 150, 150
L -652.2000, -19.1000, 3.1000,  -650.1000, -19.1000, 2.1000,  0, 0, 0
L -667.2000, -19.1000, 10.3000,  -667.2000, -48.0000, 10.3000,  150, 150, 150
L -662.9000, -48.0000, 8.3000,  -660.8000, -48.0000, 7.2000,  0, 0, 0
L -669.3000, -48.0000, 11.3000,  -667.2000, -48.0000, 10.3000,  0, 0, 0
L -650.1000, -19.1000, 2.1000,  -648.0000, -19.1000, 1.0000,  0, 0, 0
L -650.1000, -19.1000, 2.1000,  -650.1000, -48.0000, 2.1000,  150, 150, 150
L -671.4000, -48.0000, 12.4000,  -669.3000, -48.0000, 11.3000,  0, 0, 0
L -658.6000, -19.1000, 6.2000,  -658.6000, -48.0000, 6.2000,  150, 150, 150
L -652.2000, -48.0000, 3.1000,  -650.1000, -48.0000, 2.1000,  0, 0, 0
L -680.0000, -19.1000, 16.5000,  -693.8000, -19.1000, 16.5000,  0, 0, 0
L -673.6000, -19.1000, 13.4000,  -673.6000, -48.0000, 13.4000,  150, 150, 150
L -654.4000, -19.1000, 4.1000,  -654.4000, -48.0000, 4.1000,  150, 150, 150
L -648.0000, -19.1000, 1.0000,  -648.0000, -48.0000, 1.0000,  150, 150, 150
L -675.7000, -19.1000, 14.4000,  -675.7000, -48.0000, 14.4000,  150, 150, 150
L -671.4000, -19.1000, 12.4000,  -669.3000, -19.1000, 11.3000,  0, 0, 0
L -650.1000, -48.0000, 2.1000,  -648.0000, -48.0000, 1.0000,  0, 0, 0
L -673.6000, -48.0000, 13.4000,  -671.4000, -48.0000, 12.4000,  0, 0, 0
L -693.8000, -40.0000, 16.5000,  -693.8000, -48.0000, 16.5000,  0, 0, 0
L -667.2000, -48.0000, 10.3000,  -665.0000, -48.0000, 9.3000,  0, 0, 0
L -645.8000, -48.0000, 0.0000,  -645.8000, -63.9000, 0.0000,  0, 0, 0
L -617.1000, 150.1000, 33.0000,  -609.1000, 150.1000, 33.0000,  0, 0, 0
L -638.0000, 168.4000, 35.1000,  -638.0000, 164.3000, 33.0000,  0, 0, 0
L -609.1000, 172.5000, 37.1000,  -609.1000, 176.7000, 39.2000,  0, 0, 0
L -609.1000, 172.5000, 37.1000,  -638.0000, 172.5000, 37.1000,  150, 150, 150
L -638.0000, 172.5000, 37.1000,  -638.0000, 168.4000, 35.1000,  0, 0, 0
L -609.1000, 197.2000, 49.5000,  -609.1000, 210.9000, 49.5000,  0, 0, 0
L -609.1000, 189.0000, 45.4000,  -609.1000, 193.1000, 47.4000,  0, 0, 0
L -609.1000, 189.0000, 45.4000,  -638.0000, 189.0000, 45.4000,  150, 150, 150
L -609.1000, 164.3000, 33.0000,  -638.0000, 164.3000, 33.0000,  150, 150, 150
L -638.0000, 150.1000, 33.0000,  -638.0000, 164.3000, 33.0000,  0, 0, 0
L -609.1000, 210.9000, 49.5000,  -617.0000, 210.9000, 49.5000,  0, 0, 0
L -609.1000, 150.1000, 33.0000,  -609.1000, 164.3000, 33.0000,  0, 0, 0
L -609.1000, 168.4000, 35.1000,  -609.1000, 172.5000, 37.1000,  0, 0, 0
L -609.1000, 164.3000, 33.0000,  -609.1000, 168.4000, 35.1000,  0, 0, 0
L -609.1000, 184.9000, 43.3000,  -609.1000, 189.0000, 45.4000,  0, 0, 0
L -609.1000, 184.9000, 43.3000,  -638.0000, 184.9000, 43.3000,  150, 150, 150
L -638.0000, 193.1000, 47.4000,  -638.0000, 189.0000, 45.4000,  0, 0, 0
L -609.1000, 176.7000, 39.2000,  -638.0000, 176.7000, 39.2000,  150, 150, 150
L -638.0000, 197.2000, 49.5000,  -638.0000, 193.1000, 47.4000,  0, 0, 0
L -630.1000, 150.1000, 33.0000,  -638.0000, 150.1000, 33.0000,  0, 0, 0
L -609.1000, 193.1000, 47.4000,  -609.1000, 197.2000, 49.5000,  0, 0, 0
L -638.0000, 184.9000, 43.3000,  -638.0000, 180.8000, 41.3000,  0, 0, 0
L -638.0000, 180.8000, 41.3000,  -638.0000, 176.7000, 39.2000,  0, 0, 0
L -638.0000, 176.7000, 39.2000,  -638.0000, 172.5000, 37.1000,  0, 0, 0
L -638.0000, 210.9000, 49.5000,  -638.0000, 197.2000, 49.5000,  0, 0, 0
L -638.0000, 189.0000, 45.4000,  -638.0000, 184.9000, 43.3000,  0, 0, 0
L -630.1000, 150.1000, 33.0000,  -630.1000, 143.0000, 33.0000,  0, 0, 0
L -609.1000, 168.4000, 35.1000,  -638.0000, 168.4000, 35.1000,  150, 150, 150
L -609.1000, 176.7000, 39.2000,  -609.1000, 180.8000, 41.3000,  0, 0, 0
L -609.1000, 180.8000, 41.3000,  -609.1000, 184.9000, 43.3000,  0, 0, 0
L -609.1000, 180.8000, 41.3000,  -638.0000, 180.8000, 41.3000,  150, 150, 150
L -638.0000, 210.9000, 49.5000,  -630.0000, 210.9000, 49.5000,  0, 0, 0
L -609.1000, 197.2000, 49.5000,  -638.0000, 197.2000, 49.5000,  150, 150, 150
L -617.1000, 150.1000, 33.0000,  -617.1000, 143.0000, 33.0000,  0, 0, 0
L -609.1000, 193.1000, 47.4000,  -638.0000, 193.1000, 47.4000,  150, 150, 150
L -631.0000, 225.0000, 49.5000,  -630.0000, 224.0000, 49.5000,  0, 0, 0
L -617.0000, 224.0000, 49.5000,  -616.0000, 225.0000, 49.5000,  0, 0, 0
L -630.0000, 210.9000, 49.5000,  -630.0000, 224.0000, 49.5000,  0, 0, 0
L -617.0000, 210.9000, 49.5000,  -617.0000, 224.0000, 49.5000,  0, 0, 0
L -796.4000, -98.8000, 8.5000,  -773.6000, -75.9000, 8.5000,  0, 0, 0
L -735.8000, -63.8000, 9.5000,  -748.8000, -63.8000, 9.5000,  150, 150, 150
L -735.8000, -60.3000, 10.5000,  -748.8000, -60.3000, 10.5000,  150, 150, 150
L -735.8000, -46.5000, 14.5000,  -735.8000, -43.0000, 15.5000,  0, 0, 0
L -748.8000, -53.4000, 12.5000,  -748.8000, -49.9000, 13.5000,  0, 0, 0
L -735.8000, -46.5000, 14.5000,  -748.8000, -46.5000, 14.5000,  150, 150, 150
L -748.8000, -39.6000, 16.5000,  -748.8000, -27.0000, 16.5000,  0, 0, 0
L -748.8000, -49.9000, 13.5000,  -748.8000, -46.5000, 14.5000,  0, 0, 0
L -748.8000, -43.0000, 15.5000,  -748.8000, -39.6000, 16.5000,  0, 0, 0
L -735.8000, -60.3000, 10.5000,  -735.8000, -56.8000, 11.5000,  0, 0, 0
L -688.2000, -98.7000, 8.5000,  -679.8000, -130.0000, 8.5000,  0, 0, 0
L -735.8000, -69.2000, 8.5000,  -711.0000, -75.9000, 8.5000,  0, 0, 0
L -735.8000, -49.9000, 13.5000,  -735.8000, -46.5000, 14.5000,  0, 0, 0
L -748.8000, -60.3000, 10.5000,  -748.8000, -56.8000, 11.5000,  0, 0, 0
L -796.4000, -161.2000, 8.5000,  -804.8000, -130.0000, 8.5000,  0, 0, 0
L -735.8000, -53.4000, 12.5000,  -748.8000, -53.4000, 12.5000,  150, 150, 150
L -735.8000, -39.6000, 16.5000,  -748.8000, -39.6000, 16.5000,  150, 150, 150
L -711.0000, -75.9000, 8.5000,  -688.2000, -98.7000, 8.5000,  0, 0, 0
L -735.8000, -43.0000, 15.5000,  -735.8000, -39.6000, 16.5000,  0, 0, 0
L -748.8000, -67.2000, 8.5000,  -748.8000, -63.8000, 9.5000,  0, 0, 0
L -693.8000, -39.6000, 16.5000,  -716.4000, -39.6000, 16.5000,  0, 0, 0
L -693.8000, -27.0000, 16.5000,  -748.8000, -27.0000, 16.5000,  0, 0, 0
L -742.3000, -192.5000, 8.5000,  -773.6000, -184.1000, 8.5000,  0, 0, 0
L -735.8000, -43.0000, 15.5000,  -748.8000, -43.0000, 15.5000,  150, 150, 150
L -735.8000, -67.2000, 8.5000,  -748.8000, -67.2000, 8.5000,  150, 150, 150
L -735.8000, -53.4000, 12.5000,  -735.8000, -49.9000, 13.5000,  0, 0, 0
L -804.8000, -130.0000, 8.5000,  -796.4000, -98.8000, 8.5000,  0, 0, 0
L -773.6000, -184.1000, 8.5000,  -796.4000, -161.2000, 8.5000,  0, 0, 0
L -735.8000, -67.2000, 8.5000,  -735.8000, -69.2000, 8.5000,  0, 0, 0
L -748.8000, -67.2000, 8.5000,  -748.8000, -69.2000, 8.5000,  0, 0, 0
L -748.8000, -56.8000, 11.5000,  -748.8000, -53.4000, 12.5000,  0, 0, 0
L -748.8000, -46.5000, 14.5000,  -748.8000, -43.0000, 15.5000,  0, 0, 0
L -748.8000, -63.8000, 9.5000,  -748.8000, -60.3000, 10.5000,  0, 0, 0
L -711.0000, -184.1000, 8.5000,  -742.3000, -192.5000, 8.5000,  0, 0, 0
L -773.6000, -75.9000, 8.5000,  -748.8000, -69.2000, 8.5000,  0, 0, 0
L -735.8000, -63.8000, 9.5000,  -735.8000, -60.3000, 10.5000,  0, 0, 0
L -688.2000, -161.2000, 8.5000,  -711.0000, -184.1000, 8.5000,  0, 0, 0
L -679.8000, -130.0000, 8.5000,  -688.2000, -161.2000, 8.5000,  0, 0, 0
L -716.4000, -39.6000, 16.5000,  -735.8000, -39.6000, 16.5000,  0, 0, 0
L -735.8000, -56.8000, 11.5000,  -735.8000, -53.4000, 12.5000,  0, 0, 0
L -735.8000, -49.9000, 13.5000,  -748.8000, -49.9000, 13.5000,  150, 150, 150
L -735.8000, -67.2000, 8.5000,  -735.8000, -63.8000, 9.5000,  0, 0, 0
L -735.8000, -56.8000, 11.5000,  -748.8000, -56.8000, 11.5000,  150, 150, 150
L -306.8000, -253.2000, 0.0000,  -386.0000, -253.2000, 0.0000,  0, 0, 0
L -386.0000, -127.0000, 0.0000,  -368.0000, -127.0000, 0.0000,  0, 0, 0
L -291.3000, -237.7000, 0.0000,  -306.8000, -253.2000, 0.0000,  0, 0, 0
L -401.5000, -142.5000, 0.0000,  -386.0000, -127.0000, 0.0000,  0, 0, 0
L -306.7000, -143.0000, 0.0000,  -291.3000, -158.5000, 0.0000,  0, 0, 0
L -291.3000, -203.7000, 0.0000,  -291.3000, -237.7000, 0.0000,  0, 0, 0
L -291.3000, -158.5000, 0.0000,  -291.3000, -192.5000, 0.0000,  0, 0, 0
L -386.0000, -253.2000, 0.0000,  -401.5000, -237.7000, 0.0000,  0, 0, 0
L -338.7000, -127.0000, 0.0000,  -322.8000, -143.0000, 0.0000,  0, 0, 0
L -322.8000, -143.0000, 0.0000,  -306.7000, -143.0000, 0.0000,  0, 0, 0
L -401.5000, -237.7000, 0.0000,  -401.5000, -142.5000, 0.0000,  0, 0, 0
L -356.2000, -127.0000, 0.0000,  -338.7000, -127.0000, 0.0000,  0, 0, 0
L -255.7000, -183.0000, 4.1000,  -251.5000, -183.0000, 6.2000,  0, 0, 0
L -259.8000, -183.0000, 2.1000,  -255.7000, -183.0000, 4.1000,  0, 0, 0
L -235.0000, -213.2000, 14.4000,  -235.0000, -183.0000, 14.4000,  150, 150, 150
L -247.4000, -213.2000, 8.3000,  -247.4000, -183.0000, 8.3000,  150, 150, 150
L -243.2000, -213.2000, 10.3000,  -247.4000, -213.2000, 8.3000,  0, 0, 0
L -264.0000, -213.2000, 0.0000,  -278.5000, -213.2000, 0.0000,  0, 0, 0
L -278.5000, -213.2000, 0.0000,  -278.5000, -203.7000, 0.0000,  0, 0, 0
L -230.8000, -213.2000, 16.5000,  -235.0000, -213.2000, 14.4000,  0, 0, 0
L -259.8000, -213.2000, 2.1000,  -259.8000, -183.0000, 2.1000,  150, 150, 150
L -247.4000, -213.2000, 8.3000,  -251.5000, -213.2000, 6.2000,  0, 0, 0
L -247.4000, -183.0000, 8.3000,  -243.2000, -183.0000, 10.3000,  0, 0, 0
L -255.7000, -213.2000, 4.1000,  -259.8000, -213.2000, 2.1000,  0, 0, 0
L -264.0000, -213.2000, 0.0000,  -264.0000, -183.0000, 0.0000,  150, 150, 150
L -251.5000, -183.0000, 6.2000,  -247.4000, -183.0000, 8.3000,  0, 0, 0
L -251.5000, -213.2000, 6.2000,  -251.5000, -183.0000, 6.2000,  150, 150, 150
L -235.0000, -183.0000, 14.4000,  -230.8000, -183.0000, 16.5000,  0, 0, 0
L -239.1000, -213.2000, 12.4000,  -243.2000, -213.2000, 10.3000,  0, 0, 0
L -243.2000, -183.0000, 10.3000,  -239.1000, -183.0000, 12.4000,  0, 0, 0
L -239.1000, -183.0000, 12.4000,  -235.0000, -183.0000, 14.4000,  0, 0, 0
L -255.7000, -213.2000, 4.1000,  -255.7000, -183.0000, 4.1000,  150, 150, 150
L -243.2000, -213.2000, 10.3000,  -243.2000, -183.0000, 10.3000,  150, 150, 150
L -216.3000, -213.2000, 16.5000,  -230.8000, -213.2000, 16.5000,  0, 0, 0
L -235.0000, -213.2000, 14.4000,  -239.1000, -213.2000, 12.4000,  0, 0, 0
L -259.8000, -213.2000, 2.1000,  -264.0000, -213.2000, 0.0000,  0, 0, 0
L -251.5000, -213.2000, 6.2000,  -255.7000, -213.2000, 4.1000,  0, 0, 0
L -230.8000, -213.2000, 16.5000,  -230.8000, -183.0000, 16.5000,  150, 150, 150
L -230.8000, -183.0000, 16.5000,  -216.3000, -183.0000, 16.5000,  0, 0, 0
L -278.5000, -183.0000, 0.0000,  -264.0000, -183.0000, 0.0000,  0, 0, 0
L -278.5000, -192.5000, 0.0000,  -278.5000, -183.0000, 0.0000,  0, 0, 0
L -264.0000, -183.0000, 0.0000,  -259.8000, -183.0000, 2.1000,  0, 0, 0
L -239.1000, -213.2000, 12.4000,  -239.1000, -183.0000, 12.4000,  150, 150, 150
L -278.5000, -192.5000, 0.0000,  -291.3000, -192.5000, 0.0000,  0, 0, 0
L -291.3000, -203.7000, 0.0000,  -278.5000, -203.7000, 0.0000,  0, 0, 0
L -216.3000, -213.2000, 16.5000,  -216.3000, -183.0000, 16.5000,  0, 0, 0
L -580.0000, 483.0000, 41.0000,  -580.0000, 566.0000, 41.0000,  0, 0, 0
L -580.0000, 566.0000, 41.0000,  -662.0000, 566.0000, 41.0000,  0, 0, 0
L -662.0000, 483.0000, 41.0000,  -662.0000, 566.0000, 41.0000,  0, 0, 0
L -662.0000, 483.0000, 41.0000,  -628.0000, 483.0000, 41.0000,  0, 0, 0
L -619.0000, 483.0000, 41.0000,  -580.0000, 483.0000, 41.0000,  0, 0, 0
L -669.0000, 439.0000, 49.5000,  -669.0000, 361.0000, 49.5000,  0, 0, 0
L -578.0000, 361.0000, 49.5000,  -578.0000, 439.0000, 49.5000,  0, 0, 0
L -586.0000, 447.0000, 49.5000,  -586.0000, 449.0000, 49.5000,  0, 0, 0
L -578.0000, 439.0000, 49.5000,  -587.8000, 439.0000, 49.5000,  0, 0, 0
L -587.8000, 447.0000, 49.5000,  -586.0000, 447.0000, 49.5000,  0, 0, 0
L -587.8000, 447.0000, 49.5000,  -587.8000, 439.0000, 49.5000,  0, 0, 0
L -638.0000, 331.0000, 49.5000,  -630.0000, 331.0000, 49.5000,  0, 0, 0
L -669.0000, 361.0000, 49.5000,  -638.0000, 361.0000, 49.5000,  0, 0, 0
L -609.0000, 361.0000, 49.5000,  -578.0000, 361.0000, 49.5000,  0, 0, 0
L -609.0000, 331.0000, 49.5000,  -609.0000, 361.0000, 49.5000,  0, 0, 0
L -638.0000, 331.0000, 49.5000,  -638.0000, 361.0000, 49.5000,  0, 0, 0
L -617.0000, 331.0000, 49.5000,  -609.0000, 331.0000, 49.5000,  0, 0, 0
L -617.0000, 317.0000, 49.5000,  -585.0000, 317.0000, 49.5000,  0, 0, 0
L -617.0000, 331.0000, 49.5000,  -617.0000, 317.0000, 49.5000,  0, 0, 0
L -630.0000, 331.0000, 49.5000,  -630.0000, 317.0000, 49.5000,  0, 0, 0
L -630.0000, 317.0000, 49.5000,  -662.0000, 317.0000, 49.5000,  0, 0, 0
L -616.0000, 225.0000, 49.5000,  -585.0000, 225.0000, 49.5000,  0, 0, 0
L -662.0000, 317.0000, 49.5000,  -662.0000, 225.0000, 49.5000,  0, 0, 0
L -585.0000, 317.0000, 49.5000,  -585.0000, 225.0000, 49.5000,  0, 0, 0
L -631.0000, 225.0000, 49.5000,  -662.0000, 225.0000, 49.5000,  0, 0, 0
L -448.0000, -83.1000, 0.0000,  -454.0000, -83.1000, 0.0000,  0, 0, 0
L -448.0000, -67.2000, 0.0000,  -448.0000, -83.1000, 0.0000,  0, 0, 0
L -448.0000, -96.1000, 0.0000,  -448.0000, -112.0000, 0.0000,  0, 0, 0
L -448.0000, -112.0000, 0.0000,  -418.2000, -112.0000, 0.0000,  0, 0, 0
L -523.0000, -112.0000, 0.0000,  -462.0000, -112.0000, 0.0000,  0, 0, 0
L -496.0000, -20.0000, 0.0000,  -507.0000, -20.0000, 0.0000,  0, 0, 0
L -507.0000, -20.0000, 0.0000,  -507.0000, -42.0000, 0.0000,  0, 0, 0
L -494.0000, -20.0000, 0.0000,  -496.0000, -20.0000, 0.0000,  0, 0, 0
L -587.0000, -64.0000, 0.0000,  -587.0000, -47.0000, 0.0000,  0, 0, 0
L -587.0000, -37.0000, 0.0000,  -587.0000, -20.0000, 0.0000,  0, 0, 0
L -601.0000, -47.0000, 0.0000,  -601.0000, -64.0000, 0.0000,  0, 0, 0
L -587.0000, -47.0000, 0.0000,  -593.3000, -47.0000, 0.0000,  0, 0, 0
L -587.0000, -37.0000, 0.0000,  -593.3000, -37.0000, 0.0000,  0, 0, 0
L -523.0000, -112.0000, 0.0000,  -523.0000, -90.0000, 0.0000,  0, 0, 0
L -523.0000, -90.0000, 0.0000,  -542.0000, -90.0000, 0.0000,  0, 0, 0
L -542.0000, -112.0000, 0.0000,  -555.0000, -112.0000, 0.0000,  0, 0, 0
L -542.0000, -112.0000, 0.0000,  -542.0000, -90.0000, 0.0000,  0, 0, 0
L -555.0000, -112.0000, 0.0000,  -555.0000, -64.0000, 0.0000,  0, 0, 0
L -587.0000, -64.0000, 0.0000,  -555.0000, -64.0000, 0.0000,  0, 0, 0
L -526.0000, -42.0000, 0.0000,  -507.0000, -42.0000, 0.0000,  0, 0, 0
L -526.0000, -42.0000, 0.0000,  -526.0000, -20.0000, 0.0000,  0, 0, 0
L -587.0000, -20.0000, 0.0000,  -526.0000, -20.0000, 0.0000,  0, 0, 0
L -432.9000, -67.2000, 0.0000,  -448.0000, -67.2000, 0.0000,  0, 0, 0
L -494.0000, -20.0000, 0.0000,  -494.0000, -67.2000, 0.0000,  0, 0, 0
L -448.0000, -96.1000, 0.0000,  -454.0000, -96.1000, 0.0000,  0, 0, 0
L -462.0000, -112.0000, 0.0000,  -462.0000, -96.1000, 0.0000,  0, 0, 0
L -462.0000, -83.1000, 0.0000,  -462.2000, -83.1000, 0.0000,  0, 0, 0
L -462.0000, -83.1000, 0.0000,  -462.0000, -67.2000, 0.0000,  0, 0, 0
L -462.0000, -67.2000, 0.0000,  -494.0000, -67.2000, 0.0000,  0, 0, 0
L -170.0000, -65.0000, 0.0000,  -170.0000, -74.0000, 0.0000,  0, 0, 0
L -116.0000, -74.0000, 0.0000,  -170.0000, -74.0000, 0.0000,  0, 0, 0
L -201.0000, -65.0000, 0.0000,  -201.0000, -74.0000, 0.0000,  0, 0, 0
L -265.0000, -74.0000, 0.0000,  -201.0000, -74.0000, 0.0000,  0, 0, 0
L -191.0000, -35.0000, 0.0000,  -207.0000, -35.0000, 0.0000,  0, 0, 0
L -207.0000, -35.0000, 0.0000,  -207.0000, -21.0000, 0.0000,  0, 0, 0
L -191.0000, -65.0000, 0.0000,  -201.0000, -65.0000, 0.0000,  0, 0, 0
L -191.0000, -35.0000, 0.0000,  -191.0000, -65.0000, 0.0000,  0, 0, 0
L -162.0000, -49.0000, 0.0000,  -179.0000, -49.0000, 0.0000,  0, 0, 0
L -207.0000, -21.0000, 0.0000,  -191.0000, -21.0000, 0.0000,  0, 0, 0
L -191.0000, -21.0000, 0.0000,  -191.0000, -13.0000, 0.0000,  0, 0, 0
L -179.0000, -5.0000, 0.0000,  -179.0000, -15.0000, 0.0000,  0, 0, 0
L -179.0000, -15.0000, 0.0000,  -179.0000, -21.0000, 0.0000,  0, 0, 0
L -179.0000, -49.0000, 0.0000,  -179.0000, -65.0000, 0.0000,  0, 0, 0
L -162.0000, -37.0000, 0.0000,  -162.0000, -49.0000, 0.0000,  0, 0, 0
L -132.0000, -37.0000, 0.0000,  -162.0000, -37.0000, 0.0000,  0, 0, 0
L 278.0000, 564.0000, -3.0000,  278.0000, 689.0000, -3.0000,  0, 0, 0
L 167.0000, 642.0000, -3.0000,  191.0000, 642.0000, -3.0000,  0, 0, 0
L 167.0000, 654.0000, -3.0000,  191.0000, 654.0000, -3.0000,  0, 0, 0
L 191.0000, 689.0000, -3.0000,  191.0000, 654.0000, -3.0000,  0, 0, 0
L 191.0000, 642.0000, -3.0000,  191.0000, 564.0000, -3.0000,  0, 0, 0
L 121.0000, 630.0000, -3.0000,  121.0000, 642.0000, -3.0000,  0, 0, 0
L 126.0000, 626.0000, -3.0000,  121.0000, 630.0000, -3.0000,  0, 0, 0
L 162.0000, 626.0000, -3.0000,  126.0000, 626.0000, -3.0000,  0, 0, 0
L 162.0000, 670.0000, -3.0000,  167.0000, 666.0000, -3.0000,  0, 0, 0
L 162.0000, 670.0000, -3.0000,  126.0000, 670.0000, -3.0000,  0, 0, 0
L 126.0000, 670.0000, -3.0000,  121.0000, 666.0000, -3.0000,  0, 0, 0
L 167.0000, 666.0000, -3.0000,  167.0000, 654.0000, -3.0000,  0, 0, 0
L 121.0000, 666.0000, -3.0000,  121.0000, 654.0000, -3.0000,  0, 0, 0
L 97.0000, 689.0000, -3.0000,  10.0000, 689.0000, -3.0000,  0, 0, 0
L 10.0000, 564.0000, -3.0000,  10.0000, 689.0000, -3.0000,  0, 0, 0
L 10.0000, 564.0000, -3.0000,  25.0000, 564.0000, -3.0000,  0, 0, 0
L 40.0000, 564.0000, -3.0000,  40.0000, 556.3000, -3.0000,  0, 0, 0
L 40.0000, 564.0000, -3.0000,  97.0000, 564.0000, -3.0000,  0, 0, 0
L 97.0000, 564.0000, -3.0000,  97.0000, 600.0000, -3.0000,  0, 0, 0
L 97.0000, 654.0000, -3.0000,  97.0000, 689.0000, -3.0000,  0, 0, 0
L 121.0000, 654.0000, -3.0000,  97.0000, 654.0000, -3.0000,  0, 0, 0
L 121.0000, 642.0000, -3.0000,  97.0000, 642.0000, -3.0000,  0, 0, 0
L 97.0000, 610.0000, -3.0000,  97.0000, 642.0000, -3.0000,  0, 0, 0
L 107.0000, 595.0000, -3.0000,  107.0000, 600.0000, -3.0000,  0, 0, 0
L 107.0000, 595.0000, -3.0000,  128.0000, 595.0000, -3.0000,  0, 0, 0
L 128.0000, 615.0000, -3.0000,  128.0000, 595.0000, -3.0000,  0, 0, 0
L 97.0000, 610.0000, -3.0000,  107.0000, 610.0000, -3.0000,  0, 0, 0
L 107.0000, 610.0000, -3.0000,  107.0000, 615.0000, -3.0000,  0, 0, 0
L 97.0000, 600.0000, -3.0000,  107.0000, 600.0000, -3.0000,  0, 0, 0
L -191.0000, 24.1000, -0.0000,  -191.0000, 36.1000, 0.0000,  0, 0, 0
L -186.0000, 20.1000, -0.0000,  -191.0000, 24.1000, -0.0000,  0, 0, 0
L -191.0000, 60.1000, -0.0000,  -191.0000, 49.1000, 0.0000,  0, 0, 0
L -186.0000, 64.1000, -0.0000,  -191.0000, 60.1000, -0.0000,  0, 0, 0
L 38.1000, 363.4000, -3.0000,  116.0000, 363.4000, -3.0000,  0, 0, 0
L 25.0000, 363.0000, -3.0000,  -9.0000, 363.0000, -3.0000,  0, 0, 0
L 116.0000, 324.0000, -3.0000,  116.0000, 363.4000, -3.0000,  0, 0, 0
L 116.0000, 275.0000, -3.0000,  -9.0000, 275.0000, -3.0000,  0, 0, 0
L -9.0000, 275.0000, -3.0000,  -9.0000, 292.0000, -3.0000,  0, 0, 0
L -79.0000, 280.0000, -3.0000,  -79.0000, 292.0000, -3.0000,  0, 0, 0
L -38.0000, 276.0000, -3.0000,  -33.0000, 280.0000, -3.0000,  0, 0, 0
L -74.0000, 276.0000, -3.0000,  -79.0000, 280.0000, -3.0000,  0, 0, 0
L -33.0000, 292.0000, -3.0000,  -9.0000, 292.0000, -3.0000,  0, 0, 0
L -33.0000, 304.0000, -3.0000,  -9.0000, 304.0000, -3.0000,  0, 0, 0
L -38.0000, 320.0000, -3.0000,  -33.0000, 316.0000, -3.0000,  0, 0, 0
L -38.0000, 276.0000, -3.0000,  -74.0000, 276.0000, -3.0000,  0, 0, 0
L -38.0000, 320.0000, -3.0000,  -74.0000, 320.0000, -3.0000,  0, 0, 0
L -74.0000, 320.0000, -3.0000,  -79.0000, 316.0000, -3.0000,  0, 0, 0
L -33.0000, 316.0000, -3.0000,  -33.0000, 304.0000, -3.0000,  0, 0, 0
L -79.0000, 316.0000, -3.0000,  -79.0000, 305.0000, -3.0000,  0, 0, 0
L -33.0000, 280.0000, -3.0000,  -33.0000, 292.0000, -3.0000,  0, 0, 0
L -9.0000, 304.0000, -3.0000,  -9.0000, 363.0000, -3.0000,  0, 0, 0
L -103.2000, 292.0000, -3.0000,  -103.2000, 283.5000, -3.0000,  0, 0, 0
L -151.2000, 283.5000, -19.5000,  -151.2000, 313.7000, -19.5000,  150, 150, 150
L -126.2000, 313.7000, -7.1000,  -122.0000, 313.7000, -5.1000,  0, 0, 0
L -147.0000, 313.7000, -17.4000,  -147.0000, 283.5000, -17.4000,  150, 150, 150
L -134.5000, 313.7000, -11.2000,  -134.5000, 283.5000, -11.2000,  150, 150, 150
L -103.2000, 283.5000, -3.0000,  -117.4000, 283.5000, -3.0000,  0, 0, 0
L -138.7000, 313.7000, -13.3000,  -134.5000, 313.7000, -11.2000,  0, 0, 0
L -138.7000, 313.7000, -13.3000,  -138.7000, 283.5000, -13.3000,  150, 150, 150
L -147.0000, 283.5000, -17.4000,  -151.2000, 283.5000, -19.5000,  0, 0, 0
L -117.8000, 313.7000, -3.0000,  -103.2000, 313.7000, -3.0000,  0, 0, 0
L -103.2000, 313.7000, -3.0000,  -103.2000, 305.0000, -3.0000,  0, 0, 0
L -138.7000, 283.5000, -13.3000,  -142.9000, 283.5000, -15.4000,  0, 0, 0
L -117.8000, 313.7000, -3.0000,  -117.8000, 283.5000, -3.0000,  150, 150, 150
L -147.0000, 313.7000, -17.4000,  -142.9000, 313.7000, -15.4000,  0, 0, 0
L -142.9000, 313.7000, -15.4000,  -138.7000, 313.7000, -13.3000,  0, 0, 0
L -122.0000, 283.5000, -5.1000,  -126.2000, 283.5000, -7.1000,  0, 0, 0
L -130.3000, 313.7000, -9.2000,  -126.2000, 313.7000, -7.1000,  0, 0, 0
L -117.4000, 283.5000, -3.0000,  -117.8000, 283.5000, -3.0000,  0, 0, 0
L -151.2000, 313.7000, -19.5000,  -147.0000, 313.7000, -17.4000,  0, 0, 0
L -122.0000, 313.7000, -5.1000,  -117.8000, 313.7000, -3.0000,  0, 0, 0
L -134.5000, 283.5000, -11.2000,  -138.7000, 283.5000, -13.3000,  0, 0, 0
L -134.5000, 313.7000, -11.2000,  -130.3000, 313.7000, -9.2000,  0, 0, 0
L -130.3000, 283.5000, -9.2000,  -134.5000, 283.5000, -11.2000,  0, 0, 0
L -197.4000, 267.5000, -19.5000,  -197.4000, 313.7000, -19.5000,  0, 0, 0
L -151.2000, 267.5000, -19.5000,  -151.2000, 283.5000, -19.5000,  0, 0, 0
L -142.9000, 283.5000, -15.4000,  -147.0000, 283.5000, -17.4000,  0, 0, 0
L -197.4000, 313.7000, -19.5000,  -151.2000, 313.7000, -19.5000,  0, 0, 0
L -142.9000, 313.7000, -15.4000,  -142.9000, 283.5000, -15.4000,  150, 150, 150
L -117.8000, 283.5000, -3.0000,  -122.0000, 283.5000, -5.1000,  0, 0, 0
L -122.0000, 313.7000, -5.1000,  -122.0000, 283.5000, -5.1000,  150, 150, 150
L -126.2000, 283.5000, -7.1000,  -130.3000, 283.5000, -9.2000,  0, 0, 0
L -130.3000, 313.7000, -9.2000,  -130.3000, 283.5000, -9.2000,  150, 150, 150
L -126.2000, 313.7000, -7.1000,  -126.2000, 283.5000, -7.1000,  150, 150, 150
L -90.0000, 305.0000, -3.0000,  -79.0000, 305.0000, -3.0000,  0, 0, 0
L -103.2000, 305.0000, -3.0000,  -90.0000, 305.0000, -3.0000,  0, 0, 0
L -103.2000, 292.0000, -3.0000,  -89.0000, 292.0000, -3.0000,  0, 0, 0
L -89.0000, 292.0000, -3.0000,  -79.0000, 292.0000, -3.0000,  0, 0, 0
L -151.2000, 267.5000, -19.5000,  -197.4000, 267.5000, -19.5000,  0, 0, 0
L 158.1000, 282.0000, -3.0000,  158.1000, 288.5000, -3.0000,  0, 0, 0
L 158.1000, 295.1000, -3.0000,  158.1000, 297.0000, -3.0000,  0, 0, 0
L 174.0000, 297.0000, -3.0000,  158.1000, 297.0000, -3.0000,  0, 0, 0
L 174.0000, 326.0000, -3.0000,  174.0000, 297.0000, -3.0000,  0, 0, 0
L 160.0000, 341.0000, -3.0000,  146.0000, 341.0000, -3.0000,  0, 0, 0
L 146.0000, 335.0000, -3.0000,  146.0000, 341.0000, -3.0000,  0, 0, 0
L 148.0000, 282.0000, -3.0000,  148.0000, 288.5000, -3.0000,  0, 0, 0
L 148.0000, 297.0000, -3.0000,  146.0000, 297.0000, -3.0000,  0, 0, 0
L 146.0000, 297.0000, -3.0000,  146.0000, 311.0000, -3.0000,  0, 0, 0
L 139.0000, 325.0000, -3.0000,  139.0000, 324.0000, -3.0000,  0, 0, 0
L 116.0000, 324.0000, -3.0000,  139.0000, 324.0000, -3.0000,  0, 0, 0
L 145.0000, 312.0000, -3.0000,  116.0000, 312.0000, -3.0000,  0, 0, 0
L -24.0000, -37.0000, 0.0000,  -3.0000, -37.0000, 0.0000,  0, 0, 0
L 5.0000, 5.0000, 0.0000,  7.0000, 8.0000, 0.0000,  0, 0, 0
L -121.0000, -41.0000, 0.0000,  -34.0000, -41.0000, 0.0000,  0, 0, 0
L -129.0000, 10.0000, 0.0000,  -152.0000, 10.0000, 0.0000,  0, 0, 0
L 99.6000, 140.1000, 0.0000,  84.1000, 124.7000, 0.0000,  0, 0, 0
L 115.6000, 172.1000, 0.0000,  99.6000, 156.2000, 0.0000,  0, 0, 0
L 99.6000, 156.2000, 0.0000,  99.6000, 140.1000, 0.0000,  0, 0, 0
L 84.1000, 124.7000, 0.0000,  4.9000, 124.7000, 0.0000,  0, 0, 0
L -10.6000, 219.4000, 0.0000,  4.9000, 234.9000, 0.0000,  0, 0, 0
L -53.0000, 173.0000, 0.0000,  -50.0000, 170.0000, 0.0000,  0, 0, 0
L -10.6000, 202.0000, 0.0000,  -10.6000, 219.4000, 0.0000,  0, 0, 0
L -152.0000, 10.0000, 0.0000,  -152.0000, -21.0000, 0.0000,  0, 0, 0
L 100.1000, 234.9000, 0.0000,  115.6000, 219.4000, 0.0000,  0, 0, 0
L 115.6000, 190.2000, 0.0000,  115.6000, 172.1000, 0.0000,  0, 0, 0
L 4.9000, 234.9000, 0.0000,  100.1000, 234.9000, 0.0000,  0, 0, 0
L 115.6000, 219.4000, 0.0000,  115.6000, 202.0000, 0.0000,  0, 0, 0
L -23.0000, 145.0000, 0.0000,  -23.0000, 147.0000, 0.0000,  0, 0, 0
L -150.0000, 20.1000, -0.0000,  -145.0000, 24.1000, -0.0000,  0, 0, 0
L -84.0000, 84.0000, 0.0000,  -121.0000, 84.0000, 0.0000,  0, 0, 0
L -123.9000, 48.1000, -0.0000,  -124.0000, 48.0000, 0.0000,  0, 0, 0
L -129.0000, 5.0000, 0.0000,  -129.0000, 10.0000, 0.0000,  0, 0, 0
L -38.0000, 159.0000, 0.0000,  -40.0000, 160.0000, 0.0000,  0, 0, 0
L -52.0000, 159.0000, 0.0000,  -116.0000, 159.0000, 0.0000,  0, 0, 0
L -50.0000, 170.0000, 0.0000,  -50.0000, 166.7000, 0.0000,  0, 0, 0
L -145.0000, 48.1000, -0.0000,  -123.9000, 48.1000, -0.0000,  0, 0, 0
L -145.0000, 36.1000, -0.0000,  -122.0000, 36.1000, -0.0000,  0, 0, 0
L -23.0000, 147.0000, 0.0000,  -23.0000, 159.0000, 0.0000,  0, 0, 0
L -39.0000, 211.0000, 0.0000,  -39.0000, 212.0000, 0.0000,  0, 0, 0
L -150.0000, 64.1000, -0.0000,  -145.0000, 60.1000, -0.0000,  0, 0, 0
L -33.0000, 205.0000, 0.0000,  -39.0000, 211.0000, 0.0000,  0, 0, 0
L -145.0000, 24.1000, -0.0000,  -145.0000, 36.1000, -0.0000,  0, 0, 0
L -132.0000, -37.0000, 0.0000,  -132.0000, -5.0000, 0.0000,  0, 0, 0
L -150.0000, 20.1000, -0.0000,  -186.0000, 20.1000, -0.0000,  0, 0, 0
L -50.0000, 161.0000, 0.0000,  -52.0000, 159.0000, 0.0000,  0, 0, 0
L -39.0000, 173.0000, 0.0000,  -39.0000, 180.0000, 0.0000,  0, 0, 0
L -145.0000, 60.1000, -0.0000,  -145.0000, 48.1000, -0.0000,  0, 0, 0
L -150.0000, 64.1000, -0.0000,  -186.0000, 64.1000, -0.0000,  0, 0, 0
L -34.0000, 84.0000, 0.0000,  -71.0000, 84.0000, 0.0000,  0, 0, 0
L -66.0000, 173.0000, 0.0000,  -53.0000, 173.0000, 0.0000,  0, 0, 0
L -41.0000, 171.0000, 0.0000,  -39.0000, 173.0000, 0.0000,  0, 0, 0
L -40.0000, 160.0000, 0.0000,  -41.0000, 161.0000, 0.0000,  0, 0, 0
L -122.0000, 36.1000, -0.0000,  -122.0000, 36.0000, 0.0000,  0, 0, 0
L -123.9000, 48.1000, -0.0000,  -121.0000, 48.1000, 0.0000,  0, 0, 0
L -179.0000, -21.0000, 0.0000,  -152.0000, -21.0000, 0.0000,  0, 0, 0
L -122.0000, 36.1000, -0.0000,  -121.0000, 36.1000, 0.0000,  0, 0, 0
L -39.0000, 212.0000, 0.0000,  -42.0000, 218.0000, 0.0000,  0, 0, 0
L -68.0000, 173.0000, 0.0000,  -66.0000, 173.0000, 0.0000,  0, 0, 0
L -69.0000, 98.0000, 0.0000,  -68.0000, 98.0000, 0.0000,  0, 0, 0
L -68.0000, 98.0000, 0.0000,  -66.0000, 98.0000, 0.0000,  0, 0, 0
L -54.0000, 98.0000, 0.0000,  -53.0000, 99.0000, 0.0000,  0, 0, 0
L -23.0000, 159.0000, 0.0000,  -25.0000, 159.0000, 0.0000,  0, 0, 0
L -71.0000, 98.0000, 0.0000,  -69.0000, 98.0000, 0.0000,  0, 0, 0
L -39.0000, 115.0000, 0.0000,  -39.0000, 130.0000, 0.0000,  0, 0, 0
L -39.0000, 113.0000, 0.0000,  -39.0000, 115.0000, 0.0000,  0, 0, 0
L -66.0000, 98.0000, 0.0000,  -54.0000, 98.0000, 0.0000,  0, 0, 0
L -10.6000, 140.2000, 0.0000,  -10.6000, 190.2000, 0.0000,  0, 0, 0
L 4.9000, 124.7000, 0.0000,  -10.6000, 140.2000, 0.0000,  0, 0, 0
L -30.0000, 189.0000, 0.0000,  -28.8000, 190.2000, 0.0000,  0, 0, 0
L -10.6000, 190.2000, 0.0000,  -14.0000, 190.2000, 0.0000,  0, 0, 0
L -10.6000, 202.0000, 0.0000,  -14.0000, 202.0000, 0.0000,  0, 0, 0
L -30.0000, 202.0000, 0.0000,  -33.0000, 205.0000, 0.0000,  0, 0, 0
L -53.0000, 99.0000, 0.0000,  -39.0000, 113.0000, 0.0000,  0, 0, 0
L -25.0000, 159.0000, 0.0000,  -38.0000, 159.0000, 0.0000,  0, 0, 0
L -39.0000, 180.0000, 0.0000,  -30.0000, 189.0000, 0.0000,  0, 0, 0
L -42.0000, 218.0000, 0.0000,  -53.0000, 218.0000, 0.0000,  0, 0, 0
L -68.0000, 203.0000, 0.0000,  -53.0000, 218.0000, 0.0000,  0, 0, 0
L -68.0000, 173.0000, 0.0000,  -68.0000, 203.0000, 0.0000,  0, 0, 0
L -23.0000, 145.0000, 0.0000,  -39.0000, 130.0000, 0.0000,  0, 0, 0
L -116.0000, 159.0000, 0.0000,  -116.0000, 113.0000, 0.0000,  0, 0, 0
L -116.0000, 113.0000, 0.0000,  -114.9000, 113.0000, 0.0000,  0, 0, 0
L -101.0000, 98.0000, 0.0000,  -114.9000, 113.0000, 0.0000,  0, 0, 0
L -71.0000, 98.0000, 0.0000,  -71.0000, 84.0000, 0.0000,  0, 0, 0
L -84.0000, 84.0000, 0.0000,  -84.0000, 98.0000, 0.0000,  0, 0, 0
L -101.0000, 98.0000, 0.0000,  -84.0000, 98.0000, 0.0000,  0, 0, 0
L 7.0000, 8.0000, 0.0000,  7.0000, 22.0000, 0.0000,  0, 0, 0
L 28.0000, 22.0000, 0.0000,  7.0000, 22.0000, 0.0000,  0, 0, 0
L -121.0000, -41.0000, 0.0000,  -121.0000, -5.0000, 0.0000,  0, 0, 0
L -121.0000, 48.1000, 0.0000,  -121.0000, 84.0000, 0.0000,  0, 0, 0
L -132.0000, -5.0000, 0.0000,  -121.0000, -5.0000, 0.0000,  0, 0, 0
L -129.0000, 5.0000, 0.0000,  -121.0000, 5.0000, 0.0000,  0, 0, 0
L -121.0000, 5.0000, 0.0000,  -121.0000, 36.1000, 0.0000,  0, 0, 0
L -34.0000, -41.0000, 0.0000,  -34.0000, -5.0000, 0.0000,  0, 0, 0
L -24.0000, -37.0000, 0.0000,  -24.0000, -5.0000, 0.0000,  0, 0, 0
L -3.0000, 10.0000, 0.0000,  -24.0000, 10.0000, 0.0000,  0, 0, 0
L -3.0000, 5.0000, 0.0000,  -3.0000, 10.0000, 0.0000,  0, 0, 0
L -3.0000, -37.0000, 0.0000,  -3.0000, -5.0000, 0.0000,  0, 0, 0
L 5.0000, 5.0000, 0.0000,  -3.0000, 5.0000, 0.0000,  0, 0, 0
L -34.0000, 5.0000, 0.0000,  -34.0000, 84.0000, 0.0000,  0, 0, 0
L -24.0000, 5.0000, 0.0000,  -24.0000, 10.0000, 0.0000,  0, 0, 0
L -25.0000, 5.0000, 0.0000,  -33.0000, 5.0000, 0.0000,  0, 0, 0
L -33.0000, 5.0000, 0.0000,  -34.0000, 5.0000, 0.0000,  0, 0, 0
L -24.0000, 5.0000, 0.0000,  -25.0000, 5.0000, 0.0000,  0, 0, 0
L -24.0000, -5.0000, 0.0000,  -34.0000, -5.0000, 0.0000,  0, 0, 0
L 7.0000, -22.0000, 0.0000,  7.0000, -5.0000, 0.0000,  0, 0, 0
L -3.0000, -5.0000, 0.0000,  7.0000, -5.0000, 0.0000,  0, 0, 0
L 70.0000, 6.0000, 0.0000,  84.0000, 6.0000, 0.0000,  0, 0, 0
L 68.0000, 22.0000, 0.0000,  68.0000, 7.0000, 0.0000,  0, 0, 0
L 39.0000, -22.0000, 0.0000,  7.0000, -22.0000, 0.0000,  0, 0, 0
L 68.0000, 7.0000, 0.0000,  70.0000, 6.0000, 0.0000,  0, 0, 0
L 86.0000, -70.0000, 0.0000,  39.0000, -22.0000, 0.0000,  0, 0, 0
L 28.0000, 14.0000, 0.0000,  47.0000, 14.0000, 0.0000,  0, 0, 0
L 47.0000, 22.0000, 0.0000,  47.0000, 14.0000, 0.0000,  0, 0, 0
L 68.0000, 22.0000, 0.0000,  47.0000, 22.0000, 0.0000,  0, 0, 0
L 28.0000, 22.0000, 0.0000,  28.0000, 14.0000, 0.0000,  0, 0, 0
L 99.0000, -10.0000, 0.0000,  99.0000, -32.0000, 0.0000,  0, 0, 0
L 89.0000, -32.0000, 0.0000,  99.0000, -32.0000, 0.0000,  0, 0, 0
L 99.0000, -10.0000, 0.0000,  84.0000, -10.0000, 0.0000,  0, 0, 0
L 84.0000, -10.0000, 0.0000,  84.0000, 6.0000, 0.0000,  0, 0, 0
L 89.0000, -32.0000, 0.0000,  89.0000, -49.0000, 0.0000,  0, 0, 0
L 99.0000, -49.0000, 0.0000,  99.0000, -70.0000, 0.0000,  0, 0, 0
L 99.0000, -49.0000, 0.0000,  89.0000, -49.0000, 0.0000,  0, 0, 0
L 86.0000, -70.0000, 0.0000,  99.0000, -70.0000, 0.0000,  0, 0, 0
L -609.1000, 407.9000, 45.0000,  -637.9000, 407.9000, 45.0000,  150, 150, 150
L -637.9000, 407.9000, 45.0000,  -637.9000, 379.1000, 45.0000,  150, 150, 150
L -637.9000, 379.1000, 45.0000,  -609.1000, 379.1000, 45.0000,  150, 150, 150
L -609.1000, 379.1000, 45.0000,  -609.1000, 407.9000, 45.0000,  150, 150, 150
L 25.0000, 556.3000, -3.0000,  25.0000, 549.0000, -3.0000,  0, 0, 0
L 25.0000, 556.3000, -3.0000,  30.0000, 556.3000, -3.0000,  205, 133, 63
L 30.0000, 552.0000, -3.0000,  30.0000, 560.6000, -3.0000,  205, 133, 63
L 30.0000, 552.0000, -3.0000,  35.0000, 552.0000, -3.0000,  205, 133, 63
L 30.0000, 560.6000, -3.0000,  35.0000, 560.6000, -3.0000,  205, 133, 63
L 35.0000, 552.0000, -3.0000,  35.0000, 556.3000, -3.0000,  205, 133, 63
L 35.0000, 556.3000, -3.0000,  35.0000, 560.6000, -3.0000,  205, 133, 63
L 40.0000, 556.3000, -3.0000,  40.0000, 549.0000, -3.0000,  0, 0, 0
L 35.0000, 556.3000, -3.0000,  40.0000, 556.3000, -3.0000,  205, 133, 63
L 25.0000, 369.4000, -3.0000,  25.0000, 363.0000, -3.0000,  0, 0, 0
L 25.0000, 369.4000, -3.0000,  29.4000, 369.4000, -3.0000,  205, 133, 63
L 29.4000, 365.6000, -3.0000,  29.4000, 373.2000, -3.0000,  205, 133, 63
L 29.4000, 365.6000, -3.0000,  33.7000, 365.6000, -3.0000,  205, 133, 63
L 29.4000, 373.2000, -3.0000,  33.7000, 373.2000, -3.0000,  205, 133, 63
L 33.7000, 365.6000, -3.0000,  33.7000, 369.4000, -3.0000,  205, 133, 63
L 33.7000, 369.4000, -3.0000,  33.7000, 373.2000, -3.0000,  205, 133, 63
L 38.1000, 369.4000, -3.0000,  38.1000, 363.4000, -3.0000,  0, 0, 0
L 33.7000, 369.4000, -3.0000,  38.1000, 369.4000, -3.0000,  205, 133, 63
L 148.0000, 288.5000, -3.0000,  148.0000, 297.0000, -3.0000,  0, 0, 0
L 148.0000, 288.5000, -3.0000,  151.4000, 288.5000, -3.0000,  205, 133, 63
L 151.4000, 284.9000, -3.0000,  151.4000, 292.1000, -3.0000,  205, 133, 63
L 151.4000, 284.9000, -3.0000,  154.7000, 284.9000, -3.0000,  205, 133, 63
L 151.4000, 292.1000, -3.0000,  154.7000, 292.1000, -3.0000,  205, 133, 63
L 154.7000, 284.9000, -3.0000,  154.7000, 288.5000, -3.0000,  205, 133, 63
L 154.7000, 288.5000, -3.0000,  154.7000, 292.1000, -3.0000,  205, 133, 63
L 158.1000, 288.5000, -3.0000,  158.1000, 295.1000, -3.0000,  0, 0, 0
L 154.7000, 288.5000, -3.0000,  158.1000, 288.5000, -3.0000,  205, 133, 63
L 145.2000, 202.0000, -3.0000,  115.6000, 202.0000, 0.0000,  0, 0, 0
L 123.0000, 198.1000, -0.8000,  123.0000, 194.1000, -0.8000,  205, 133, 63
L 126.7000, 202.0000, -0.8000,  126.7000, 198.1000, -0.8000,  205, 133, 63
L 123.0000, 198.1000, -0.8000,  130.4000, 198.1000, -0.8000,  205, 133, 63
L 123.0000, 194.1000, -0.8000,  126.7000, 194.1000, -0.8000,  205, 133, 63
L 126.7000, 194.1000, -0.8000,  130.4000, 194.1000, -0.8000,  205, 133, 63
L 126.7000, 194.1000, -0.8000,  126.7000, 190.2000, -0.8000,  205, 133, 63
L 130.4000, 198.1000, -0.8000,  130.4000, 194.1000, -0.8000,  205, 133, 63
L 145.2000, 190.2000, -3.0000,  145.2000, 155.0000, -3.0000,  0, 0, 0
L 145.2000, 190.2000, -3.0000,  115.6000, 190.2000, 0.0000,  0, 0, 0
L -17.4000, 198.1000, 0.0000,  -17.4000, 194.1000, 0.0000,  205, 133, 63
L -14.0000, 202.0000, 0.0000,  -30.0000, 202.0000, 0.0000,  0, 0, 0
L -14.0000, 202.0000, 0.0000,  -14.0000, 198.1000, 0.0000,  205, 133, 63
L -17.4000, 198.1000, 0.0000,  -10.6000, 198.1000, 0.0000,  205, 133, 63
L -17.4000, 194.1000, 0.0000,  -14.0000, 194.1000, 0.0000,  205, 133, 63
L -14.0000, 194.1000, 0.0000,  -10.6000, 194.1000, 0.0000,  205, 133, 63
L -14.0000, 190.2000, 0.0000,  -28.8000, 190.2000, 0.0000,  0, 0, 0
L -14.0000, 194.1000, 0.0000,  -14.0000, 190.2000, 0.0000,  205, 133, 63
L -10.6000, 198.1000, 0.0000,  -10.6000, 194.1000, 0.0000,  205, 133, 63
L -41.0000, 161.0000, 0.0000,  -41.0000, 166.7000, 0.0000,  0, 0, 0
L -50.0000, 166.7000, 0.0000,  -50.0000, 161.0000, 0.0000,  0, 0, 0
L -50.0000, 166.7000, 0.0000,  -47.0000, 166.7000, 0.0000,  205, 133, 63
L -47.0000, 163.4000, 0.0000,  -47.0000, 170.0000, 0.0000,  205, 133, 63
L -47.0000, 163.4000, 0.0000,  -44.0000, 163.4000, 0.0000,  205, 133, 63
L -47.0000, 170.0000, 0.0000,  -44.0000, 170.0000, 0.0000,  205, 133, 63
L -44.0000, 163.4000, 0.0000,  -44.0000, 166.7000, 0.0000,  205, 133, 63
L -44.0000, 166.7000, 0.0000,  -44.0000, 170.0000, 0.0000,  205, 133, 63
L -41.0000, 166.7000, 0.0000,  -41.0000, 171.0000, 0.0000,  0, 0, 0
L -44.0000, 166.7000, 0.0000,  -41.0000, 166.7000, 0.0000,  205, 133, 63
L -356.2000, -127.0000, 0.0000,  -356.2000, -113.8000, 0.0000,  0, 0, 0
L -368.0000, -113.8000, 0.0000,  -368.0000, -127.0000, 0.0000,  0, 0, 0
L -368.0000, -113.8000, 0.0000,  -364.1000, -113.8000, 0.0000,  205, 133, 63
L -364.1000, -117.0000, 0.0000,  -364.1000, -110.6000, 0.0000,  205, 133, 63
L -364.1000, -117.0000, 0.0000,  -360.1000, -117.0000, 0.0000,  205, 133, 63
L -364.1000, -110.6000, 0.0000,  -360.1000, -110.6000, 0.0000,  205, 133, 63
L -360.1000, -117.0000, 0.0000,  -360.1000, -113.8000, 0.0000,  205, 133, 63
L -360.1000, -113.8000, 0.0000,  -360.1000, -110.6000, 0.0000,  205, 133, 63
L -356.2000, -113.8000, 0.0000,  -356.2000, -96.0000, 0.0000,  0, 0, 0
L -360.1000, -113.8000, 0.0000,  -356.2000, -113.8000, 0.0000,  205, 133, 63
L -456.7000, -87.4000, 0.0000,  -456.7000, -91.8000, 0.0000,  205, 133, 63
L -454.0000, -83.1000, 0.0000,  -462.0000, -83.1000, 0.0000,  0, 0, 0
L -454.0000, -83.1000, 0.0000,  -454.0000, -87.4000, 0.0000,  205, 133, 63
L -456.7000, -87.4000, 0.0000,  -451.4000, -87.4000, 0.0000,  205, 133, 63
L -456.7000, -91.8000, 0.0000,  -454.0000, -91.8000, 0.0000,  205, 133, 63
L -454.0000, -91.8000, 0.0000,  -451.4000, -91.8000, 0.0000,  205, 133, 63
L -454.0000, -96.1000, 0.0000,  -462.0000, -96.1000, 0.0000,  0, 0, 0
L -454.0000, -91.8000, 0.0000,  -454.0000, -96.1000, 0.0000,  205, 133, 63
L -451.4000, -87.4000, 0.0000,  -451.4000, -91.8000, 0.0000,  205, 133, 63
L -595.9000, -40.3000, 0.0000,  -595.9000, -43.7000, 0.0000,  205, 133, 63
L -593.3000, -37.0000, 0.0000,  -601.0000, -37.0000, 0.0000,  0, 0, 0
L -593.3000, -37.0000, 0.0000,  -593.3000, -40.3000, 0.0000,  205, 133, 63
L -595.9000, -40.3000, 0.0000,  -590.7000, -40.3000, 0.0000,  205, 133, 63
L -595.9000, -43.7000, 0.0000,  -593.3000, -43.7000, 0.0000,  205, 133, 63
L -593.3000, -43.7000, 0.0000,  -590.7000, -43.7000, 0.0000,  205, 133, 63
L -593.3000, -47.0000, 0.0000,  -601.0000, -47.0000, 0.0000,  0, 0, 0
L -593.3000, -43.7000, 0.0000,  -593.3000, -47.0000, 0.0000,  205, 133, 63
L -590.7000, -40.3000, 0.0000,  -590.7000, -43.7000, 0.0000,  205, 133, 63
L -636.5000, 35.4000, 16.5000,  -636.5000, 28.9000, 16.5000,  0, 0, 0
L -636.5000, 35.4000, 16.5000,  -632.7000, 35.4000, 16.5000,  205, 133, 63
L -632.7000, 32.9000, 16.5000,  -632.7000, 37.9000, 16.5000,  205, 133, 63
L -632.7000, 32.9000, 16.5000,  -629.0000, 32.9000, 16.5000,  205, 133, 63
L -632.7000, 37.9000, 16.5000,  -629.0000, 37.9000, 16.5000,  205, 133, 63
L -629.0000, 32.9000, 16.5000,  -629.0000, 35.4000, 16.5000,  205, 133, 63
L -629.0000, 35.4000, 16.5000,  -629.0000, 37.9000, 16.5000,  205, 133, 63
L -625.2000, 35.4000, 16.5000,  -625.2000, 28.9000, 16.5000,  0, 0, 0
L -629.0000, 35.4000, 16.5000,  -625.2000, 35.4000, 16.5000,  205, 133, 63
L -630.1000, 143.0000, 33.0000,  -630.1000, 135.9000, 33.0000,  0, 0, 0
L -630.1000, 143.0000, 33.0000,  -625.8000, 143.0000, 33.0000,  205, 133, 63
L -625.8000, 139.4000, 33.0000,  -625.8000, 146.6000, 33.0000,  205, 133, 63
L -625.8000, 139.4000, 33.0000,  -621.4000, 139.4000, 33.0000,  205, 133, 63
L -625.8000, 146.6000, 33.0000,  -621.4000, 146.6000, 33.0000,  205, 133, 63
L -621.4000, 139.4000, 33.0000,  -621.4000, 143.0000, 33.0000,  205, 133, 63
L -621.4000, 143.0000, 33.0000,  -621.4000, 146.6000, 33.0000,  205, 133, 63
L -617.1000, 143.0000, 33.0000,  -617.1000, 135.9000, 33.0000,  0, 0, 0
L -621.4000, 143.0000, 33.0000,  -617.1000, 143.0000, 33.0000,  205, 133, 63
L -619.0000, 474.0000, 41.0000,  -619.0000, 479.0000, 41.0000,  0, 0, 0
L -628.0000, 474.0000, 41.0000,  -628.0000, 483.0000, 41.0000,  0, 0, 0
L -661.0000, 474.0000, 41.0000,  -661.0000, 464.1000, 41.0000,  0, 0, 0
L -661.0000, 474.0000, 41.0000,  -632.0000, 474.0000, 41.0000,  0, 0, 0
L -619.0000, 479.0000, 41.0000,  -619.0000, 483.0000, 41.0000,  0, 0, 0
L -616.0000, 474.0000, 41.0000,  -586.0000, 474.0000, 41.0000,  0, 0, 0
L -619.0000, 474.0000, 41.0000,  -616.0000, 474.0000, 41.0000,  0, 0, 0
L -632.0000, 474.0000, 41.0000,  -628.0000, 474.0000, 41.0000,  0, 0, 0
L -586.0000, 464.1000, 41.0000,  -586.0000, 474.0000, 41.0000,  0, 0, 0
L -648.5000, 464.1000, 41.0000,  -598.4000, 464.1000, 41.0000,  0, 0, 0
L -598.4000, 464.1000, 41.0000,  -586.0000, 464.1000, 41.0000,  150, 150, 150
L -648.5000, 464.1000, 41.0000,  -661.0000, 464.1000, 41.0000,  150, 150, 150
L -659.2000, 439.0000, 49.5000,  -669.0000, 439.0000, 49.5000,  0, 0, 0
L -659.2000, 447.0000, 49.5000,  -659.2000, 439.0000, 49.5000,  0, 0, 0
L -661.0000, 464.1000, 41.0000,  -661.0000, 460.3000, 43.1000,  0, 0, 0
L -648.5000, 464.1000, 41.0000,  -648.5000, 460.3000, 43.1000,  0, 0, 0
L -648.5000, 449.0000, 49.5000,  -648.5000, 439.4000, 49.5000,  0, 0, 0
L -598.4000, 439.4000, 49.5000,  -648.5000, 439.4000, 49.5000,  0, 0, 0
L -659.2000, 447.0000, 49.5000,  -661.0000, 447.0000, 49.5000,  0, 0, 0
L -661.0000, 449.0000, 49.5000,  -661.0000, 447.0000, 49.5000,  0, 0, 0
L -648.5000, 449.0000, 49.5000,  -661.0000, 449.0000, 49.5000,  150, 150, 150
L -598.4000, 439.4000, 49.5000,  -598.4000, 449.0000, 49.5000,  0, 0, 0
L -598.4000, 449.0000, 49.5000,  -586.0000, 449.0000, 49.5000,  150, 150, 150
L -598.4000, 464.1000, 41.0000,  -598.4000, 460.3000, 43.1000,  0, 0, 0
L -586.0000, 464.1000, 41.0000,  -586.0000, 460.3000, 43.1000,  0, 0, 0
L -586.0000, 456.5000, 45.2000,  -586.0000, 452.8000, 47.4000,  0, 0, 0
L -598.4000, 456.5000, 45.2000,  -598.4000, 452.8000, 47.4000,  0, 0, 0
L -586.0000, 456.5000, 45.2000,  -598.4000, 456.5000, 45.2000,  150, 150, 150
L -586.0000, 452.8000, 47.4000,  -586.0000, 449.0000, 49.5000,  0, 0, 0
L -598.4000, 452.8000, 47.4000,  -598.4000, 449.0000, 49.5000,  0, 0, 0
L -586.0000, 452.8000, 47.4000,  -598.4000, 452.8000, 47.4000,  150, 150, 150
L -586.0000, 460.3000, 43.1000,  -586.0000, 456.5000, 45.2000,  0, 0, 0
L -598.4000, 460.3000, 43.1000,  -598.4000, 456.5000, 45.2000,  0, 0, 0
L -586.0000, 460.3000, 43.1000,  -598.4000, 460.3000, 43.1000,  150, 150, 150
L -648.5000, 456.5000, 45.2000,  -648.5000, 452.8000, 47.4000,  0, 0, 0
L -661.0000, 456.5000, 45.2000,  -661.0000, 452.8000, 47.4000,  0, 0, 0
L -648.5000, 456.5000, 45.2000,  -661.0000, 456.5000, 45.2000,  150, 150, 150
L -648.5000, 452.8000, 47.4000,  -648.5000, 449.0000, 49.5000,  0, 0, 0
L -661.0000, 452.8000, 47.4000,  -661.0000, 449.0000, 49.5000,  0, 0, 0
L -648.5000, 452.8000, 47.4000,  -661.0000, 452.8000, 47.4000,  150, 150, 150
L -648.5000, 460.3000, 43.1000,  -648.5000, 456.5000, 45.2000,  0, 0, 0
L -661.0000, 460.3000, 43.1000,  -661.0000, 456.5000, 45.2000,  0, 0, 0
L -648.5000, 460.3000, 43.1000,  -661.0000, 460.3000, 43.1000,  150, 150, 150
