P -78.0000, 13.0000, 6.0000,  255, 0, 0,  3,  to_Oceangreen_Hills
P -479.0000, 830.0000, 11.6542,  255, 0, 0,  3,  to_Temple_of_Bertoxxulous
P -362.9875, 2555.1602, 2.1449,  0, 128, 128,  2,  Apothecary_Cadmael_(Quests_65+)
P -812.4689, 816.5803, 3.7116,  128, 64, 0,  2,  Vileplume_(Hunter,Roam)
P 851.6216, 1818.5333, -66.5419,  128, 64, 0,  2,  Jelvalak_The_Tomblord_(Hunter)
P -436.5971, 1884.5566, 16.5241,  128, 64, 0,  2,  The_Crimson_Bat_(Hunter)
P 192.0457, 2288.9844, 6.2860,  128, 64, 0,  2,  Blightfang_(Hunter,Roam)
P -216.1227, 1382.1443, 5.1754,  128, 64, 0,  2,  Master_Putremancer_Fellid_(Hunter)
P -418.5648, 2211.0166, 5.6635,  128, 64, 0,  2,  Malign_(Hunter)
P 681.9446, 544.9953, 34.7519,  128, 64, 0,  2,  Twisted_Limb_(Hunter,Roam)
P 869.0000, 2609.0000, 1.0000,  255, 255, 255,  2,  Ruins
P -476.0000, 2888.0000, 4.0000,  255, 255, 255,  2,  Southwest
P -602.0000, 2797.0000, -1.0000,  255, 255, 255,  2,  Inn
P -339.0000, 2557.0000, 3.0000,  255, 255, 255,  2,  Northeast
P -307.0000, 2801.0000, 3.0000,  255, 255, 255,  2,  Southeast
P 112.0000, 2967.0000, -21.0000,  255, 255, 255,  2,  Pit_Two
P -106.0000, 2965.0000, -18.0000,  255, 255, 255,  2,  Pit_One
P -491.0000, 2400.0000, 3.0000,  255, 255, 255,  2,  Smith
P -590.0000, 2477.0000, -1.0000,  255, 255, 255,  2,  Northwest
P -484.0000, 2675.0000, 2.0000,  255, 255, 255,  2,  Square
P 534.8671, 1864.0443, -0.1437,  255, 255, 255,  2,  Crypt
P -526.0480, 2402.8254, 3.3549,  128, 0, 128,  2,  Forge
P -435.5796, 2391.6538, 3.3375,  0, 127, 127,  2,  Dan_Hearthpride_(Quests)
P -599.0533, 2470.6260, 0.7793,  128, 0, 128,  2,  Loom
P -525.7797, 2596.2351, 2.6895,  128, 0, 128,  2,  Pottery_Wheel
P -531.9200, 2582.4133, 2.6895,  128, 0, 128,  2,  Kiln
P -447.1811, 2775.6753, 3.4729,  128, 0, 128,  2,  Oven
P -626.7733, 2809.0864, -0.0973,  128, 0, 128,  2,  Brewing_Barrel
P -323.9736, 2669.6375, 3.4090,  128, 0, 128,  2,  Forge
P -352.9146, 2693.2249, 3.4035,  128, 0, 128,  2,  Forge
P 169.8864, 265.2691, 7.3508,  0, 0, 240,  1,  GS:_Corn_Rose
P -614.3864, 2375.5620, -0.0670,  0, 127, 127,  2,  Yvette_Miller_(Quest_65+)
P 52.3563, 3022.8362, 17.2197,  0, 0, 0,  2,  Jessica_Marsdaughter
P 130.4876, 3025.7710, 0.1674,  0, 0, 0,  2,  The_Claybeast
P -458.3703, 2720.5920, 2.5693,  0, 0, 0,  2,  Lendal_Ironforge
P -499.3416, 2693.9614, 2.5693,  0, 0, 0,  2,  Winna_Ironforge
P -438.6327, 2690.0042, 2.5693,  0, 0, 0,  2,  Tenna_Feldon
P -400.2464, 2682.4336, 2.5693,  0, 0, 0,  2,  Bart_Masters
P -364.7706, 2568.0981, 2.7089,  0, 127, 127,  2,  Jerom_Bertrand_(Quests_65+)
P -447.6655, 2498.0105, 4.4960,  0, 0, 0,  2,  Hue_Saworth
P -503.0927, 2588.3511, 3.3851,  0, 0, 0,  2,  Lyrina_Quill
P -655.5308, 2567.6943, -1.9861,  0, 0, 0,  2,  Morris_Olberson
P -620.3614, 2491.6841, 0.6633,  0, 0, 0,  2,  Henry_Miller_(Roam)
P -321.3922, 2796.6453, 3.3535,  0, 0, 0,  2,  Merta_Longshadow
P -454.3771, 2783.4968, 3.3527,  0, 0, 0,  2,  Claria_Green
P -476.1223, 2893.4028, 3.9870,  0, 0, 0,  2,  Tad_Carpenter
