P 1018.3214, -3414.7620, 4.6197,  255, 0, 0,  3,  to_Blackburrow
P 1519.7999, -1274.2108, 3.5994,  255, 0, 0,  3,  to_West_Karana
P 1129.5677, -4584.8828, 72.1504,  255, 0, 0,  3,  to_The_Void
P -73.6253, -22.1969, 2.2210,  255, 0, 0,  3,  to_Oceangreen_Village
P 375.6028, -5793.8657, 19.2443,  255, 255, 0,  2,  Fake_Wall
P 952.5331, -5070.6626, 102.4813,  0, 128, 0,  2,  Assistant_Josephine_(Spells)
P 958.5752, -5073.7769, 102.4813,  0, 240, 0,  2,  Cirtan_Bayle's_Herald_(Faction_vendor)
P 926.1419, -2206.2615, -10.2078,  128, 64, 0,  2,  Klixcxyk_(Hunter,Roam)
P 851.2023, -3569.0715, 25.1300,  128, 64, 0,  2,  Blackburrow_Nightstalker_(Hunter,Roam)
P 498.9327, -465.4682, 15.2850,  128, 64, 0,  2,  Putrescent_Bonelord_(Hunter,Roam)
P -346.5892, -4514.8950, 10.9372,  128, 64, 0,  2,  Slitheren_(Hunter,Roam)
P 240.9830, -2520.0535, 41.3462,  128, 64, 0,  2,  Wandering_Soul_(Hunter)
P 291.7004, -2434.2698, 42.5035,  128, 64, 0,  2,  Gray_Wolf_Stalker_(Hunter,Roam)
P -558.8594, -3088.9783, -18.5691,  128, 64, 0,  2,  Blackburrow_Outcast_(Hunter)
P 242.3786, -3979.1575, -47.3211,  128, 64, 0,  2,  Blackburrow_Lurker_(Hunter,Roam)
P 338.0920, -6449.8965, 3.2180,  0, 127, 127,  2,  Kerrin_the_Unkempt_(Quests_65+)
P -235.4847, -404.6327, 14.0717,  128, 64, 0,  2,  Poacher_(Named,Roam)
P 789.8386, -4404.7246, -24.8910,  128, 64, 0,  2,  Migglethorpse_the_Putrmancer_(Named,Roam)
P 1133.7284, -20.5709, 39.8436,  0, 0, 0,  2,  Magus_Wentor
P 330.0000, -6427.0000, -1.0000,  0, 0, 0,  2,  Skymane
P -640.3420, -449.4594, -2.4737,  128, 64, 0,  2,  Poacher_(Named,Roam)
P -891.7761, -718.7524, 38.8981,  0, 0, 0,  2,  Fripp_Darkpaw
P -1004.2678, -806.1796, 38.8269,  0, 0, 0,  2,  Elder_Mystic_Foppye
P -974.6769, -709.6761, 39.1477,  0, 0, 0,  2,  Raxtor_Darkpaw
P 511.5630, -4736.2910, 32.7546,  128, 64, 0,  2,  Poacher_(Named,Roam)
P 985.2784, -5033.3716, 161.2147,  0, 0, 0,  2,  Lord_Antonius_Bayle
P -95.8214, -175.7396, 3.5658,  0, 0, 0,  2,  Ilsa_Nigrit_(Named,Roam)
P -229.4365, -5028.5972, 12.0975,  255, 255, 255,  2,  Cave_(tottering_treant's)
P -975.0000, -3776.0000, -11.0000,  255, 255, 255,  2,  Evyj's_Fishing_Lodge
P -959.7221, -4469.9609, -12.0632,  255, 255, 255,  2,  Lake_Whirley
P 707.7473, -86.4879, 28.3332,  0, 0, 240,  1,  GS:_Corn_Rose
P 906.9682, -4987.8667, 83.6082,  0, 127, 127,  2,  Seradi_Stormcaller_(Quests_65+)
P 972.3329, -4969.6934, 95.8295,  0, 127, 127,  2,  Jeneca_Orlofen_(Quest_65+)
P 1078.4146, -4985.2124, 99.2375,  0, 0, 0,  2,  Jelurc_Canteoul
P 1085.8197, -5009.0410, 99.2375,  128, 0, 128,  2,  Forge
P 933.7214, -5051.3379, 99.9465,  0, 127, 127,  2,  Garvin_Windrunner_(Quests_65+)
P 941.6508, -5126.9980, 99.2785,  0, 0, 0,  2,  Muvinn_Vandolan
P 1024.7064, -5112.5215, 102.5823,  0, 127, 127,  2,  Archon_Darianna_Althus_(Quests_65+)
P 1035.0505, -5100.3643, 102.5823,  0, 0, 0,  2,  Acolyte_Harene
P 1031.9247, -5017.3252, 102.5823,  0, 0, 0,  2,  Acolyte_Jora
P 998.3531, -5022.4312, 102.5823,  128, 0, 128,  2,  Oven
P 1021.0781, -5068.7832, 121.0823,  0, 127, 127,  2,  Tabron_Caulria_(Quests_65+)
P 975.5281, -5090.0688, 102.9140,  0, 0, 0,  2,  Acolyte_Jelneo
P 1029.9845, -5058.9917, 102.9140,  0, 0, 0,  2,  Acolyte_Hueld
P 1086.7688, -5057.1646, 121.9140,  0, 0, 0,  2,  Acolyte_Vessa
P 1078.0427, -5064.9404, 121.9140,  0, 0, 0,  2,  Acolyte_Nolea
P 1086.4412, -5081.9424, 124.8989,  0, 0, 0,  2,  Adan_Uhan
P 1011.5107, -5036.3257, 121.9140,  0, 0, 0,  2,  Acolyte_Gnoren
P 1020.9199, -5016.5083, 121.9140,  0, 0, 0,  2,  Leria_Blandrie
P 1032.3851, -4999.2236, 124.9078,  0, 0, 0,  2,  Henna_Greymare_(Roam)
P 1046.6226, -5012.8101, 124.8943,  0, 0, 0,  2,  Billik_Broadwake_(Roam)
P 967.3775, -5086.6655, 159.9140,  0, 0, 0,  2,  Karco_Yucillle_(Roam)
P 1016.1097, -5004.7920, 159.9140,  0, 0, 0,  2,  Senior_Guard_Thompkins
P 963.5272, -5057.2524, 159.9140,  0, 0, 0,  2,  Senior_Guard_Jenkins
P 1083.9546, -5083.0005, 140.9140,  0, 0, 0,  2,  Acolyte_Koel
P 1096.1051, -5066.8481, 140.9140,  0, 127, 127,  2,  Captain_Hiran_Tillin_(Missions)
P 316.0626, -6407.6714, 30.9790,  240, 240, 0,  2,  One-Way_Fall
P 376.9599, -6446.6719, 5.0447,  0, 0, 0,  2,  Gladeshine_(Roam)
