P -497.9886, 910.2950, 240.5045,  240, 240, 0,  2,  to_Instance
P 210.6109, -1527.7085, 71.3297,  0, 0, 0,  2,  Rarof_the_Negotiator
P 192.1065, -1592.7523, 58.3462,  0, 0, 0,  2,  Nahsulen_the_Tactician
P -1353.1537, -79.2073, 1.6677,  127, 64, 0,  2,  Klygg_(Hunter)
P -1794.3252, -1064.0461, 9.1130,  0, 0, 0,  2,  Nobel_Ramel_the_Strategist
P 1924.6949, -2066.3704, -2.9380,  0, 128, 0,  2,  Assistant_Josoth_(spells)
P 1925.2524, -2071.4160, -2.9380,  0, 0, 0,  2,  Herald_Argoth
P -1932.0000, -1701.0000, 6.0000,  255, 0, 0,  3,  to_City_of_Dranik
P 2102.0000, -2077.0000, -1.0000,  255, 0, 0,  3,  to_Draniks_Scar
P 2099.0000, -2011.0000, -1.0000,  255, 0, 0,  3,  to_Void
P -1813.0859, -1252.5221, 3.9399,  0, 0, 0,  2,  Noble_Mikuv_the_Rational
P -1555.1460, -1745.5880, 3.9399,  0, 0, 0,  2,  Commander_Prezul
P -1259.2244, -1568.9205, 3.6208,  0, 0, 0,  2,  NObel_Yemall_the_Arcane
P -1836.4052, -1580.9005, 3.8318,  0, 127, 127,  2,  General_Vuig_the_Imposing_(Mission)
P 1560.0635, -2133.5947, 2.2918,  0, 0, 0,  2,  Commander_Fethul
P 1823.7106, -1407.0028, -3.1490,  0, 0, 0,  2,  Acolyte_Maarnek
P 915.0000, 604.0000, 12.0000,  127, 64, 0,  2,  Pherin_the_Traitor_(Hunter)
P 1236.0000, 1074.0000, 8.0000,  127, 64, 0,  2,  Taath_(Hunter)
P -400.0000, -850.0000, 17.0000,  127, 64, 0,  2,  Naddik_(Hunter,Roam)
P 807.0000, -780.0000, 27.0000,  127, 64, 0,  2,  Kyris_(Hunter)
P 150.0000, -25.0000, 8.6250,  127, 64, 0,  2,  Emlyxi_(Hunter,Roam)
P -150.0000, -440.0000, 20.0000,  127, 64, 0,  2,  Thangrel_(Hunter,Roam)
