P 1859.0000, -1138.0000, -187.0000,  255, 0, 0,  3,  to_Old_Bloodfields
P 1689.7971, -474.4122, -194.2025,  0, 0, 0,  2,  Grithyank_Avlonnon
P 1303.3593, -355.0981, -188.2732,  0, 0, 0,  2,  Ziven
P 1175.1346, -1048.4797, -194.2025,  0, 0, 0,  2,  Givrund_the_Devoted
P -359.4851, -1587.4047, 159.6265,  0, 127, 127,  2,  Yemail_the_Arcane_(Mission)
P -789.4427, -37.4387, 11.4564,  128, 64, 0,  2,  Txenn_(PH_roam)
P -2455.6125, -1203.3258, 40.3493,  128, 64, 0,  2,  Shzalk_(Named)
P -3019.0000, -867.5000, 14.1250,  128, 64, 0,  2,  Ulkat_(Named)
P -2222.0000, -976.1250, 43.7500,  128, 64, 0,  2,  Cythkes_(Named)
P -2490.3750, -651.1250, 49.8750,  128, 64, 0,  2,  Maxantxora_(Named)
P -2060.6250, -695.7500, 68.6250,  128, 64, 0,  2,  Xangef_(Named)
P -1120.0000, -729.0000, 120.0000,  128, 64, 0,  2,  Xoneua_(Named)
