L 1000.0000, 0.0000, 0.0000,  1000.0000, -50.0000, 0.0000,  255, 0, 0
L -20.0000, 50.0000, 0.0000,  -50.0000, 20.0000, 0.0000,  255, 0, 0
L 50.0000, 20.0000, 0.0000,  20.0000, 50.0000, 0.0000,  255, 0, 0
L 20.0000, -50.0000, 0.0000,  50.0000, -20.0000, 0.0000,  255, 0, 0
L -50.0000, -20.0000, 0.0000,  -20.0000, -50.0000, 0.0000,  255, 0, 0
L -50.0000, 20.0000, 0.0000,  -50.0000, -20.0000, 0.0000,  255, 0, 0
L 20.0000, 50.0000, 0.0000,  -20.0000, 50.0000, 0.0000,  255, 0, 0
L 50.0000, -20.0000, 0.0000,  50.0000, 20.0000, 0.0000,  255, 0, 0
L -20.0000, -50.0000, 0.0000,  20.0000, -50.0000, 0.0000,  255, 0, 0
L 580.0000, -20.0000, 0.0000,  540.0000, -20.0000, 0.0000,  255, 0, 0
L 580.0000, -90.0000, 0.0000,  580.0000, -20.0000, 0.0000,  255, 0, 0
L 540.0000, -90.0000, 0.0000,  580.0000, -90.0000, 0.0000,  255, 0, 0
L 540.0000, -20.0000, 0.0000,  540.0000, -90.0000, 0.0000,  255, 0, 0
L 520.0000, -20.0000, 0.0000,  480.0000, -20.0000, 0.0000,  255, 0, 0
L 520.0000, -90.0000, 0.0000,  520.0000, -20.0000, 0.0000,  255, 0, 0
L 480.0000, -90.0000, 0.0000,  520.0000, -90.0000, 0.0000,  255, 0, 0
L 480.0000, -20.0000, 0.0000,  480.0000, -90.0000, 0.0000,  255, 0, 0
L 460.0000, -90.0000, 0.0000,  450.0000, -80.0000, 0.0000,  255, 0, 0
L 460.0000, -20.0000, 0.0000,  460.0000, -90.0000, 0.0000,  255, 0, 0
L 0.0000, -250.0000, 0.0000,  0.0000, 250.0000, 0.0000,  255, 0, 0
L -250.0000, 0.0000, 0.0000,  1000.0000, 0.0000, 0.0000,  255, 0, 0
L -120.0000, -80.0000, 0.0000,  -120.0000, -60.0000, 0.0000,  255, 0, 0
L -120.0000, -60.0000, 0.0000,  -120.0000, -40.0000, 0.0000,  255, 0, 0
L -100.0000, -60.0000, 0.0000,  -120.0000, -60.0000, 0.0000,  255, 0, 0
L -120.0000, -60.0000, 0.0000,  -140.0000, -60.0000, 0.0000,  255, 0, 0
L -90.0000, -50.0000, 0.0000,  -100.0000, -30.0000, 0.0000,  255, 0, 0
L -60.0000, -80.0000, 0.0000,  -60.0000, -60.0000, 0.0000,  255, 0, 0
L -60.0000, -60.0000, 0.0000,  -60.0000, -40.0000, 0.0000,  255, 0, 0
L -40.0000, -60.0000, 0.0000,  -60.0000, -60.0000, 0.0000,  255, 0, 0
L -60.0000, -60.0000, 0.0000,  -80.0000, -60.0000, 0.0000,  255, 0, 0
L 100.0000, 60.0000, 0.0000,  120.0000, 60.0000, 0.0000,  255, 0, 0
L 120.0000, 60.0000, 0.0000,  140.0000, 60.0000, 0.0000,  255, 0, 0
L 90.0000, 70.0000, 0.0000,  80.0000, 90.0000, 0.0000,  255, 0, 0
L 40.0000, 60.0000, 0.0000,  60.0000, 60.0000, 0.0000,  255, 0, 0
L 60.0000, 60.0000, 0.0000,  80.0000, 60.0000, 0.0000,  255, 0, 0
L -100.0000, 60.0000, 0.0000,  -120.0000, 60.0000, 0.0000,  255, 0, 0
L -120.0000, 60.0000, 0.0000,  -140.0000, 60.0000, 0.0000,  255, 0, 0
L -90.0000, 70.0000, 0.0000,  -100.0000, 90.0000, 0.0000,  255, 0, 0
L -60.0000, 80.0000, 0.0000,  -60.0000, 60.0000, 0.0000,  255, 0, 0
L -60.0000, 60.0000, 0.0000,  -60.0000, 40.0000, 0.0000,  255, 0, 0
L -40.0000, 60.0000, 0.0000,  -60.0000, 60.0000, 0.0000,  255, 0, 0
L -60.0000, 60.0000, 0.0000,  -80.0000, 60.0000, 0.0000,  255, 0, 0
L 100.0000, -60.0000, 0.0000,  120.0000, -60.0000, 0.0000,  255, 0, 0
L 120.0000, -60.0000, 0.0000,  140.0000, -60.0000, 0.0000,  255, 0, 0
L 90.0000, -50.0000, 0.0000,  80.0000, -30.0000, 0.0000,  255, 0, 0
L 60.0000, -80.0000, 0.0000,  60.0000, -60.0000, 0.0000,  255, 0, 0
L 60.0000, -60.0000, 0.0000,  60.0000, -40.0000, 0.0000,  255, 0, 0
L 40.0000, -60.0000, 0.0000,  60.0000, -60.0000, 0.0000,  255, 0, 0
L 60.0000, -60.0000, 0.0000,  80.0000, -60.0000, 0.0000,  255, 0, 0
L 599.0000, -90.0000, 0.0000,  637.3000, -90.0000, 0.0000,  255, 0, 0
L 599.0000, -20.0000, 0.0000,  637.3000, -20.0000, 0.0000,  255, 0, 0
L 599.0000, -90.0000, 0.0000,  599.0000, -20.0000, 0.0000,  255, 0, 0
L 637.3000, -90.0000, 0.0000,  637.3000, -20.0000, 0.0000,  255, 0, 0
L -100.0000, 3100.0000, 0.0000,  -100.0000, 3160.0000, 0.0000,  0, 0, 0
L -60.0000, 3160.0000, 0.0000,  -100.0000, 3160.0000, 0.0000,  0, 0, 0
L -40.0000, 3130.0000, 0.0000,  -10.0000, 3130.0000, 0.0000,  0, 0, 0
L -40.0000, 3160.0000, 0.0000,  -10.0000, 3160.0000, 0.0000,  0, 0, 0
L -40.0000, 3100.0000, 0.0000,  -40.0000, 3160.0000, 0.0000,  0, 0, 0
L -10.0000, 3100.0000, 0.0000,  -40.0000, 3100.0000, 0.0000,  0, 0, 0
L 40.0000, 3160.0000, 0.0000,  10.0000, 3160.0000, 0.0000,  0, 0, 0
L 10.0000, 3100.0000, 0.0000,  40.0000, 3100.0000, 0.0000,  0, 0, 0
L 10.0000, 3160.0000, 0.0000,  10.0000, 3100.0000, 0.0000,  0, 0, 0
L 40.0000, 3160.0000, 0.0000,  40.0000, 3130.0000, 0.0000,  0, 0, 0
L 40.0000, 3130.0000, 0.0000,  20.0000, 3130.0000, 0.0000,  0, 0, 0
L 60.0000, 3130.0000, 0.0000,  90.0000, 3130.0000, 0.0000,  0, 0, 0
L 60.0000, 3160.0000, 0.0000,  90.0000, 3160.0000, 0.0000,  0, 0, 0
L 60.0000, 3100.0000, 0.0000,  60.0000, 3160.0000, 0.0000,  0, 0, 0
L 90.0000, 3100.0000, 0.0000,  60.0000, 3100.0000, 0.0000,  0, 0, 0
L 140.0000, 3160.0000, 0.0000,  140.0000, 3100.0000, 0.0000,  0, 0, 0
L 110.0000, 3100.0000, 0.0000,  140.0000, 3160.0000, 0.0000,  0, 0, 0
L 110.0000, 3160.0000, 0.0000,  110.0000, 3100.0000, 0.0000,  0, 0, 0
L 170.0000, 3160.0000, 0.0000,  170.0000, 3100.0000, 0.0000,  0, 0, 0
L 180.0000, 3160.0000, 0.0000,  160.0000, 3160.0000, 0.0000,  0, 0, 0
L 190.0000, 3130.0000, 0.0000,  180.0000, 3160.0000, 0.0000,  0, 0, 0
L 180.0000, 3100.0000, 0.0000,  190.0000, 3130.0000, 0.0000,  0, 0, 0
L 160.0000, 3100.0000, 0.0000,  180.0000, 3100.0000, 0.0000,  0, 0, 0
L -100.0000, 3270.0000, 0.0000,  -40.0000, 3270.0000, 0.0000,  0, 0, 0
L -100.0000, 3190.0000, 0.0000,  -40.0000, 3190.0000, 0.0000,  0, 0, 0
L -70.0000, 3243.0000, 0.0000,  -70.0000, 3217.0000, 0.0000,  205, 133, 63
L -40.0000, 3270.0000, 0.0000,  20.0000, 3270.0000, 0.0000,  0, 0, 0
L -40.0000, 3270.0000, 0.0000,  -40.0000, 3243.0000, 0.0000,  205, 133, 63
L -70.0000, 3243.0000, 0.0000,  -10.0000, 3243.0000, 0.0000,  205, 133, 63
L -70.0000, 3217.0000, 0.0000,  -40.0000, 3217.0000, 0.0000,  205, 133, 63
L -40.0000, 3217.0000, 0.0000,  -10.0000, 3217.0000, 0.0000,  205, 133, 63
L -40.0000, 3190.0000, 0.0000,  20.0000, 3190.0000, 0.0000,  0, 0, 0
L -40.0000, 3217.0000, 0.0000,  -40.0000, 3190.0000, 0.0000,  205, 133, 63
L -10.0000, 3243.0000, 0.0000,  -10.0000, 3217.0000, 0.0000,  205, 133, 63
L 70.0000, 3260.0000, 0.0000,  70.0000, 3200.0000, 0.0000,  0, 0, 0
L 80.0000, 3260.0000, 0.0000,  60.0000, 3260.0000, 0.0000,  0, 0, 0
L 90.0000, 3230.0000, 0.0000,  80.0000, 3260.0000, 0.0000,  0, 0, 0
L 80.0000, 3200.0000, 0.0000,  90.0000, 3230.0000, 0.0000,  0, 0, 0
L 60.0000, 3200.0000, 0.0000,  80.0000, 3200.0000, 0.0000,  0, 0, 0
L 110.0000, 3200.0000, 0.0000,  140.0000, 3200.0000, 0.0000,  0, 0, 0
L 110.0000, 3260.0000, 0.0000,  140.0000, 3260.0000, 0.0000,  0, 0, 0
L 110.0000, 3200.0000, 0.0000,  110.0000, 3260.0000, 0.0000,  0, 0, 0
L 140.0000, 3200.0000, 0.0000,  140.0000, 3260.0000, 0.0000,  0, 0, 0
L 160.0000, 3200.0000, 0.0000,  190.0000, 3200.0000, 0.0000,  0, 0, 0
L 160.0000, 3260.0000, 0.0000,  190.0000, 3260.0000, 0.0000,  0, 0, 0
L 160.0000, 3200.0000, 0.0000,  160.0000, 3260.0000, 0.0000,  0, 0, 0
L 190.0000, 3200.0000, 0.0000,  190.0000, 3260.0000, 0.0000,  0, 0, 0
L 210.0000, 3200.0000, 0.0000,  210.0000, 3230.0000, 0.0000,  0, 0, 0
L 210.0000, 3230.0000, 0.0000,  210.0000, 3260.0000, 0.0000,  0, 0, 0
L 210.0000, 3230.0000, 0.0000,  230.0000, 3230.0000, 0.0000,  0, 0, 0
L 250.0000, 3230.0000, 0.0000,  250.0000, 3200.0000, 0.0000,  0, 0, 0
L 210.0000, 3200.0000, 0.0000,  250.0000, 3200.0000, 0.0000,  0, 0, 0
L 230.0000, 3230.0000, 0.0000,  250.0000, 3230.0000, 0.0000,  0, 0, 0
L 250.0000, 3260.0000, 0.0000,  230.0000, 3230.0000, 0.0000,  0, 0, 0
L -100.0000, 3310.0000, 0.0000,  -100.0000, 3340.0000, 0.0000,  255, 210, 0
L -100.0000, 3310.0000, 0.0000,  -80.0000, 3310.0000, 0.0000,  255, 210, 0
L -80.0000, 3370.0000, 0.0000,  -100.0000, 3370.0000, 0.0000,  255, 210, 0
L -100.0000, 3340.0000, 0.0000,  -100.0000, 3370.0000, 0.0000,  255, 210, 0
L -80.0000, 3340.0000, 0.0000,  -100.0000, 3340.0000, 0.0000,  255, 210, 0
L -80.0000, 3340.0000, 0.0000,  -60.0000, 3325.0000, 0.0000,  255, 210, 0
L -80.0000, 3310.0000, 0.0000,  -60.0000, 3325.0000, 0.0000,  255, 210, 0
L -80.0000, 3340.0000, 0.0000,  -60.0000, 3355.0000, 0.0000,  255, 210, 0
L -60.0000, 3355.0000, 0.0000,  -80.0000, 3370.0000, 0.0000,  255, 210, 0
L -30.0000, 3340.0000, 0.0000,  -10.0000, 3340.0000, 0.0000,  255, 210, 0
L -20.0000, 3310.0000, 0.0000,  0.0000, 3370.0000, 0.0000,  255, 210, 0
L -40.0000, 3370.0000, 0.0000,  -20.0000, 3310.0000, 0.0000,  255, 210, 0
L 50.0000, 3370.0000, 0.0000,  50.0000, 3310.0000, 0.0000,  255, 210, 0
L 20.0000, 3310.0000, 0.0000,  50.0000, 3370.0000, 0.0000,  255, 210, 0
L 20.0000, 3370.0000, 0.0000,  20.0000, 3310.0000, 0.0000,  255, 210, 0
L 70.0000, 3310.0000, 0.0000,  70.0000, 3340.0000, 0.0000,  255, 210, 0
L 70.0000, 3340.0000, 0.0000,  70.0000, 3370.0000, 0.0000,  255, 210, 0
L 70.0000, 3340.0000, 0.0000,  110.0000, 3370.0000, 0.0000,  255, 210, 0
L 70.0000, 3340.0000, 0.0000,  110.0000, 3310.0000, 0.0000,  255, 210, 0
L 130.0000, 3340.0000, 0.0000,  160.0000, 3340.0000, 0.0000,  255, 210, 0
L 130.0000, 3370.0000, 0.0000,  160.0000, 3370.0000, 0.0000,  255, 210, 0
L 130.0000, 3310.0000, 0.0000,  130.0000, 3370.0000, 0.0000,  255, 210, 0
L 160.0000, 3310.0000, 0.0000,  130.0000, 3310.0000, 0.0000,  255, 210, 0
L 180.0000, 3310.0000, 0.0000,  180.0000, 3340.0000, 0.0000,  255, 210, 0
L 180.0000, 3340.0000, 0.0000,  180.0000, 3370.0000, 0.0000,  255, 210, 0
L 180.0000, 3340.0000, 0.0000,  200.0000, 3340.0000, 0.0000,  255, 210, 0
L 220.0000, 3340.0000, 0.0000,  220.0000, 3310.0000, 0.0000,  255, 210, 0
L 180.0000, 3310.0000, 0.0000,  220.0000, 3310.0000, 0.0000,  255, 210, 0
L 200.0000, 3340.0000, 0.0000,  220.0000, 3340.0000, 0.0000,  255, 210, 0
L 220.0000, 3370.0000, 0.0000,  200.0000, 3340.0000, 0.0000,  255, 210, 0
L -70.0000, 3460.0000, 0.0000,  -100.0000, 3460.0000, 0.0000,  255, 255, 255
L -100.0000, 3400.0000, 0.0000,  -70.0000, 3400.0000, 0.0000,  255, 255, 255
L -100.0000, 3460.0000, 0.0000,  -100.0000, 3400.0000, 0.0000,  255, 255, 255
L -50.0000, 3400.0000, 0.0000,  -20.0000, 3400.0000, 0.0000,  255, 255, 255
L -50.0000, 3460.0000, 0.0000,  -20.0000, 3460.0000, 0.0000,  255, 255, 255
L -50.0000, 3400.0000, 0.0000,  -50.0000, 3460.0000, 0.0000,  255, 255, 255
L -20.0000, 3400.0000, 0.0000,  -20.0000, 3460.0000, 0.0000,  255, 255, 255
L 40.0000, 3400.0000, 0.0000,  40.0000, 3460.0000, 0.0000,  255, 255, 255
L 20.0000, 3430.0000, 0.0000,  40.0000, 3400.0000, 0.0000,  255, 255, 255
L 0.0000, 3400.0000, 0.0000,  20.0000, 3430.0000, 0.0000,  255, 255, 255
L 0.0000, 3460.0000, 0.0000,  0.0000, 3400.0000, 0.0000,  255, 255, 255
L 100.0000, 3400.0000, 0.0000,  100.0000, 3460.0000, 0.0000,  255, 255, 255
L 80.0000, 3430.0000, 0.0000,  100.0000, 3400.0000, 0.0000,  255, 255, 255
L 60.0000, 3400.0000, 0.0000,  80.0000, 3430.0000, 0.0000,  255, 255, 255
L 60.0000, 3460.0000, 0.0000,  60.0000, 3400.0000, 0.0000,  255, 255, 255
L 120.0000, 3430.0000, 0.0000,  150.0000, 3430.0000, 0.0000,  255, 255, 255
L 120.0000, 3460.0000, 0.0000,  150.0000, 3460.0000, 0.0000,  255, 255, 255
L 120.0000, 3400.0000, 0.0000,  120.0000, 3460.0000, 0.0000,  255, 255, 255
L 150.0000, 3400.0000, 0.0000,  120.0000, 3400.0000, 0.0000,  255, 255, 255
L 200.0000, 3460.0000, 0.0000,  200.0000, 3400.0000, 0.0000,  255, 255, 255
L 170.0000, 3400.0000, 0.0000,  200.0000, 3460.0000, 0.0000,  255, 255, 255
L 170.0000, 3460.0000, 0.0000,  170.0000, 3400.0000, 0.0000,  255, 255, 255
L 240.0000, 3400.0000, 0.0000,  240.0000, 3460.0000, 0.0000,  255, 255, 255
L 220.0000, 3400.0000, 0.0000,  260.0000, 3400.0000, 0.0000,  255, 255, 255
L -70.0000, 3550.0000, 0.0000,  -100.0000, 3550.0000, 0.0000,  0, 0, 0
L -100.0000, 3490.0000, 0.0000,  -70.0000, 3490.0000, 0.0000,  0, 0, 0
L -100.0000, 3550.0000, 0.0000,  -100.0000, 3490.0000, 0.0000,  0, 0, 0
L -70.0000, 3550.0000, 0.0000,  -70.0000, 3520.0000, 0.0000,  0, 0, 0
L -70.0000, 3520.0000, 0.0000,  -90.0000, 3520.0000, 0.0000,  0, 0, 0
L -50.0000, 3520.0000, 0.0000,  -20.0000, 3520.0000, 0.0000,  0, 0, 0
L -50.0000, 3550.0000, 0.0000,  -20.0000, 3550.0000, 0.0000,  0, 0, 0
L -50.0000, 3490.0000, 0.0000,  -50.0000, 3550.0000, 0.0000,  0, 0, 0
L -20.0000, 3490.0000, 0.0000,  -50.0000, 3490.0000, 0.0000,  0, 0, 0
L 30.0000, 3550.0000, 0.0000,  30.0000, 3490.0000, 0.0000,  0, 0, 0
L 0.0000, 3490.0000, 0.0000,  30.0000, 3550.0000, 0.0000,  0, 0, 0
L 0.0000, 3550.0000, 0.0000,  0.0000, 3490.0000, 0.0000,  0, 0, 0
L 50.0000, 3520.0000, 0.0000,  80.0000, 3520.0000, 0.0000,  0, 0, 0
L 50.0000, 3550.0000, 0.0000,  80.0000, 3550.0000, 0.0000,  0, 0, 0
L 50.0000, 3490.0000, 0.0000,  50.0000, 3550.0000, 0.0000,  0, 0, 0
L 80.0000, 3490.0000, 0.0000,  50.0000, 3490.0000, 0.0000,  0, 0, 0
L 100.0000, 3490.0000, 0.0000,  100.0000, 3520.0000, 0.0000,  0, 0, 0
L 100.0000, 3520.0000, 0.0000,  100.0000, 3550.0000, 0.0000,  0, 0, 0
L 100.0000, 3520.0000, 0.0000,  120.0000, 3520.0000, 0.0000,  0, 0, 0
L 140.0000, 3520.0000, 0.0000,  140.0000, 3490.0000, 0.0000,  0, 0, 0
L 100.0000, 3490.0000, 0.0000,  140.0000, 3490.0000, 0.0000,  0, 0, 0
L 120.0000, 3520.0000, 0.0000,  140.0000, 3520.0000, 0.0000,  0, 0, 0
L 140.0000, 3550.0000, 0.0000,  120.0000, 3520.0000, 0.0000,  0, 0, 0
L 170.0000, 3520.0000, 0.0000,  190.0000, 3520.0000, 0.0000,  0, 0, 0
L 180.0000, 3490.0000, 0.0000,  200.0000, 3550.0000, 0.0000,  0, 0, 0
L 160.0000, 3550.0000, 0.0000,  180.0000, 3490.0000, 0.0000,  0, 0, 0
L 220.0000, 3490.0000, 0.0000,  220.0000, 3550.0000, 0.0000,  0, 0, 0
L 260.0000, 3550.0000, 0.0000,  220.0000, 3550.0000, 0.0000,  0, 0, 0
L -70.0000, 3640.0000, 0.0000,  -100.0000, 3640.0000, 0.0000,  0, 0, 255
L -100.0000, 3580.0000, 0.0000,  -70.0000, 3580.0000, 0.0000,  0, 0, 255
L -100.0000, 3640.0000, 0.0000,  -100.0000, 3580.0000, 0.0000,  0, 0, 255
L -70.0000, 3640.0000, 0.0000,  -70.0000, 3610.0000, 0.0000,  0, 0, 255
L -70.0000, 3610.0000, 0.0000,  -90.0000, 3610.0000, 0.0000,  0, 0, 255
L -50.0000, 3580.0000, 0.0000,  -50.0000, 3610.0000, 0.0000,  0, 0, 255
L -50.0000, 3610.0000, 0.0000,  -50.0000, 3640.0000, 0.0000,  0, 0, 255
L -50.0000, 3610.0000, 0.0000,  -30.0000, 3610.0000, 0.0000,  0, 0, 255
L -10.0000, 3610.0000, 0.0000,  -10.0000, 3580.0000, 0.0000,  0, 0, 255
L -50.0000, 3580.0000, 0.0000,  -10.0000, 3580.0000, 0.0000,  0, 0, 255
L -30.0000, 3610.0000, 0.0000,  -10.0000, 3610.0000, 0.0000,  0, 0, 255
L -10.0000, 3640.0000, 0.0000,  -30.0000, 3610.0000, 0.0000,  0, 0, 255
L 10.0000, 3580.0000, 0.0000,  40.0000, 3580.0000, 0.0000,  0, 0, 255
L 10.0000, 3640.0000, 0.0000,  40.0000, 3640.0000, 0.0000,  0, 0, 255
L 10.0000, 3580.0000, 0.0000,  10.0000, 3640.0000, 0.0000,  0, 0, 255
L 40.0000, 3580.0000, 0.0000,  40.0000, 3640.0000, 0.0000,  0, 0, 255
L 100.0000, 3580.0000, 0.0000,  100.0000, 3640.0000, 0.0000,  0, 0, 255
L 60.0000, 3580.0000, 0.0000,  60.0000, 3640.0000, 0.0000,  0, 0, 255
L 60.0000, 3640.0000, 0.0000,  100.0000, 3640.0000, 0.0000,  0, 0, 255
L 150.0000, 3640.0000, 0.0000,  150.0000, 3580.0000, 0.0000,  0, 0, 255
L 120.0000, 3580.0000, 0.0000,  150.0000, 3640.0000, 0.0000,  0, 0, 255
L 120.0000, 3640.0000, 0.0000,  120.0000, 3580.0000, 0.0000,  0, 0, 255
L 180.0000, 3640.0000, 0.0000,  180.0000, 3580.0000, 0.0000,  0, 0, 255
L 190.0000, 3640.0000, 0.0000,  170.0000, 3640.0000, 0.0000,  0, 0, 255
L 200.0000, 3610.0000, 0.0000,  190.0000, 3640.0000, 0.0000,  0, 0, 255
L 190.0000, 3580.0000, 0.0000,  200.0000, 3610.0000, 0.0000,  0, 0, 255
L 170.0000, 3580.0000, 0.0000,  190.0000, 3580.0000, 0.0000,  0, 0, 255
L 280.0000, 3580.0000, 0.0000,  280.0000, 3610.0000, 0.0000,  0, 0, 255
L 280.0000, 3640.0000, 0.0000,  320.0000, 3640.0000, 0.0000,  0, 0, 255
L 320.0000, 3610.0000, 0.0000,  280.0000, 3610.0000, 0.0000,  0, 0, 255
L 280.0000, 3580.0000, 0.0000,  320.0000, 3580.0000, 0.0000,  0, 0, 255
L 320.0000, 3610.0000, 0.0000,  320.0000, 3640.0000, 0.0000,  0, 0, 255
L 370.0000, 3610.0000, 0.0000,  340.0000, 3610.0000, 0.0000,  0, 0, 255
L 370.0000, 3580.0000, 0.0000,  370.0000, 3610.0000, 0.0000,  0, 0, 255
L 340.0000, 3580.0000, 0.0000,  370.0000, 3580.0000, 0.0000,  0, 0, 255
L 340.0000, 3640.0000, 0.0000,  340.0000, 3580.0000, 0.0000,  0, 0, 255
L 400.0000, 3610.0000, 0.0000,  420.0000, 3610.0000, 0.0000,  0, 0, 255
L 410.0000, 3580.0000, 0.0000,  430.0000, 3640.0000, 0.0000,  0, 0, 255
L 390.0000, 3640.0000, 0.0000,  410.0000, 3580.0000, 0.0000,  0, 0, 255
L 480.0000, 3640.0000, 0.0000,  490.0000, 3580.0000, 0.0000,  0, 0, 255
L 470.0000, 3610.0000, 0.0000,  480.0000, 3640.0000, 0.0000,  0, 0, 255
L 460.0000, 3640.0000, 0.0000,  470.0000, 3610.0000, 0.0000,  0, 0, 255
L 450.0000, 3580.0000, 0.0000,  460.0000, 3640.0000, 0.0000,  0, 0, 255
L 540.0000, 3640.0000, 0.0000,  540.0000, 3580.0000, 0.0000,  0, 0, 255
L 510.0000, 3580.0000, 0.0000,  540.0000, 3640.0000, 0.0000,  0, 0, 255
L 510.0000, 3640.0000, 0.0000,  510.0000, 3580.0000, 0.0000,  0, 0, 255
L -70.0000, 3730.0000, 0.0000,  -100.0000, 3730.0000, 0.0000,  128, 128, 128
L -100.0000, 3670.0000, 0.0000,  -70.0000, 3670.0000, 0.0000,  128, 128, 128
L -100.0000, 3730.0000, 0.0000,  -100.0000, 3670.0000, 0.0000,  128, 128, 128
L -70.0000, 3730.0000, 0.0000,  -70.0000, 3700.0000, 0.0000,  128, 128, 128
L -70.0000, 3700.0000, 0.0000,  -90.0000, 3700.0000, 0.0000,  128, 128, 128
L -10.0000, 3670.0000, 0.0000,  -10.0000, 3730.0000, 0.0000,  128, 128, 128
L -50.0000, 3670.0000, 0.0000,  -50.0000, 3730.0000, 0.0000,  128, 128, 128
L -50.0000, 3730.0000, 0.0000,  -10.0000, 3730.0000, 0.0000,  128, 128, 128
L 10.0000, 3670.0000, 0.0000,  10.0000, 3730.0000, 0.0000,  128, 128, 128
L 30.0000, 3670.0000, 0.0000,  30.0000, 3730.0000, 0.0000,  128, 128, 128
L 70.0000, 3730.0000, 0.0000,  30.0000, 3730.0000, 0.0000,  128, 128, 128
L 100.0000, 3730.0000, 0.0000,  100.0000, 3670.0000, 0.0000,  128, 128, 128
L 110.0000, 3730.0000, 0.0000,  90.0000, 3730.0000, 0.0000,  128, 128, 128
L 120.0000, 3700.0000, 0.0000,  110.0000, 3730.0000, 0.0000,  128, 128, 128
L 110.0000, 3670.0000, 0.0000,  120.0000, 3700.0000, 0.0000,  128, 128, 128
L 90.0000, 3670.0000, 0.0000,  110.0000, 3670.0000, 0.0000,  128, 128, 128
L 240.0000, 3670.0000, 0.0000,  240.0000, 3730.0000, 0.0000,  128, 128, 128
L 220.0000, 3700.0000, 0.0000,  240.0000, 3670.0000, 0.0000,  128, 128, 128
L 200.0000, 3670.0000, 0.0000,  220.0000, 3700.0000, 0.0000,  128, 128, 128
L 200.0000, 3730.0000, 0.0000,  200.0000, 3670.0000, 0.0000,  128, 128, 128
L 270.0000, 3700.0000, 0.0000,  290.0000, 3700.0000, 0.0000,  128, 128, 128
L 280.0000, 3670.0000, 0.0000,  300.0000, 3730.0000, 0.0000,  128, 128, 128
L 260.0000, 3730.0000, 0.0000,  280.0000, 3670.0000, 0.0000,  128, 128, 128
L 320.0000, 3670.0000, 0.0000,  320.0000, 3700.0000, 0.0000,  128, 128, 128
L 320.0000, 3730.0000, 0.0000,  360.0000, 3730.0000, 0.0000,  128, 128, 128
L 360.0000, 3700.0000, 0.0000,  320.0000, 3700.0000, 0.0000,  128, 128, 128
L 320.0000, 3670.0000, 0.0000,  360.0000, 3670.0000, 0.0000,  128, 128, 128
L 360.0000, 3700.0000, 0.0000,  360.0000, 3730.0000, 0.0000,  128, 128, 128
L 400.0000, 3670.0000, 0.0000,  400.0000, 3730.0000, 0.0000,  128, 128, 128
L 380.0000, 3670.0000, 0.0000,  420.0000, 3670.0000, 0.0000,  128, 128, 128
L 440.0000, 3700.0000, 0.0000,  470.0000, 3700.0000, 0.0000,  128, 128, 128
L 440.0000, 3730.0000, 0.0000,  470.0000, 3730.0000, 0.0000,  128, 128, 128
L 440.0000, 3670.0000, 0.0000,  440.0000, 3730.0000, 0.0000,  128, 128, 128
L 470.0000, 3670.0000, 0.0000,  440.0000, 3670.0000, 0.0000,  128, 128, 128
L 490.0000, 3670.0000, 0.0000,  490.0000, 3700.0000, 0.0000,  128, 128, 128
L 490.0000, 3700.0000, 0.0000,  490.0000, 3730.0000, 0.0000,  128, 128, 128
L 490.0000, 3700.0000, 0.0000,  510.0000, 3700.0000, 0.0000,  128, 128, 128
L 530.0000, 3700.0000, 0.0000,  530.0000, 3670.0000, 0.0000,  128, 128, 128
L 490.0000, 3670.0000, 0.0000,  530.0000, 3670.0000, 0.0000,  128, 128, 128
L 510.0000, 3700.0000, 0.0000,  530.0000, 3700.0000, 0.0000,  128, 128, 128
L 530.0000, 3730.0000, 0.0000,  510.0000, 3700.0000, 0.0000,  128, 128, 128
L -100.0000, 3760.0000, 0.0000,  -100.0000, 3790.0000, 0.0000,  127, 64, 0
L -60.0000, 3820.0000, 0.0000,  -60.0000, 3790.0000, 0.0000,  127, 64, 0
L -100.0000, 3790.0000, 0.0000,  -100.0000, 3820.0000, 0.0000,  127, 64, 0
L -60.0000, 3790.0000, 0.0000,  -60.0000, 3760.0000, 0.0000,  127, 64, 0
L -100.0000, 3790.0000, 0.0000,  -60.0000, 3790.0000, 0.0000,  127, 64, 0
L 0.0000, 3760.0000, 0.0000,  0.0000, 3820.0000, 0.0000,  127, 64, 0
L -40.0000, 3760.0000, 0.0000,  -40.0000, 3820.0000, 0.0000,  127, 64, 0
L -40.0000, 3820.0000, 0.0000,  0.0000, 3820.0000, 0.0000,  127, 64, 0
L 50.0000, 3820.0000, 0.0000,  50.0000, 3760.0000, 0.0000,  127, 64, 0
L 20.0000, 3760.0000, 0.0000,  50.0000, 3820.0000, 0.0000,  127, 64, 0
L 20.0000, 3820.0000, 0.0000,  20.0000, 3760.0000, 0.0000,  127, 64, 0
L 90.0000, 3760.0000, 0.0000,  90.0000, 3820.0000, 0.0000,  127, 64, 0
L 70.0000, 3760.0000, 0.0000,  110.0000, 3760.0000, 0.0000,  127, 64, 0
L 130.0000, 3790.0000, 0.0000,  160.0000, 3790.0000, 0.0000,  127, 64, 0
L 130.0000, 3820.0000, 0.0000,  160.0000, 3820.0000, 0.0000,  127, 64, 0
L 130.0000, 3760.0000, 0.0000,  130.0000, 3820.0000, 0.0000,  127, 64, 0
L 160.0000, 3760.0000, 0.0000,  130.0000, 3760.0000, 0.0000,  127, 64, 0
L 180.0000, 3760.0000, 0.0000,  180.0000, 3790.0000, 0.0000,  127, 64, 0
L 180.0000, 3790.0000, 0.0000,  180.0000, 3820.0000, 0.0000,  127, 64, 0
L 180.0000, 3790.0000, 0.0000,  200.0000, 3790.0000, 0.0000,  127, 64, 0
L 220.0000, 3790.0000, 0.0000,  220.0000, 3760.0000, 0.0000,  127, 64, 0
L 180.0000, 3760.0000, 0.0000,  220.0000, 3760.0000, 0.0000,  127, 64, 0
L 200.0000, 3790.0000, 0.0000,  220.0000, 3790.0000, 0.0000,  127, 64, 0
L 220.0000, 3820.0000, 0.0000,  200.0000, 3790.0000, 0.0000,  127, 64, 0
L -60.0000, 3850.0000, 0.0000,  -60.0000, 3910.0000, 0.0000,  0, 127, 0
L -80.0000, 3880.0000, 0.0000,  -60.0000, 3850.0000, 0.0000,  0, 127, 0
L -100.0000, 3850.0000, 0.0000,  -80.0000, 3880.0000, 0.0000,  0, 127, 0
L -100.0000, 3910.0000, 0.0000,  -100.0000, 3850.0000, 0.0000,  0, 127, 0
L -40.0000, 3880.0000, 0.0000,  -10.0000, 3880.0000, 0.0000,  0, 127, 0
L -40.0000, 3910.0000, 0.0000,  -10.0000, 3910.0000, 0.0000,  0, 127, 0
L -40.0000, 3850.0000, 0.0000,  -40.0000, 3910.0000, 0.0000,  0, 127, 0
L -10.0000, 3850.0000, 0.0000,  -40.0000, 3850.0000, 0.0000,  0, 127, 0
L 10.0000, 3850.0000, 0.0000,  10.0000, 3880.0000, 0.0000,  0, 127, 0
L 10.0000, 3880.0000, 0.0000,  10.0000, 3910.0000, 0.0000,  0, 127, 0
L 10.0000, 3880.0000, 0.0000,  30.0000, 3880.0000, 0.0000,  0, 127, 0
L 50.0000, 3880.0000, 0.0000,  50.0000, 3850.0000, 0.0000,  0, 127, 0
L 10.0000, 3850.0000, 0.0000,  50.0000, 3850.0000, 0.0000,  0, 127, 0
L 30.0000, 3880.0000, 0.0000,  50.0000, 3880.0000, 0.0000,  0, 127, 0
L 50.0000, 3910.0000, 0.0000,  30.0000, 3880.0000, 0.0000,  0, 127, 0
L 100.0000, 3910.0000, 0.0000,  70.0000, 3910.0000, 0.0000,  0, 127, 0
L 70.0000, 3850.0000, 0.0000,  100.0000, 3850.0000, 0.0000,  0, 127, 0
L 70.0000, 3910.0000, 0.0000,  70.0000, 3850.0000, 0.0000,  0, 127, 0
L 120.0000, 3850.0000, 0.0000,  120.0000, 3880.0000, 0.0000,  0, 127, 0
L 160.0000, 3910.0000, 0.0000,  160.0000, 3880.0000, 0.0000,  0, 127, 0
L 120.0000, 3880.0000, 0.0000,  120.0000, 3910.0000, 0.0000,  0, 127, 0
L 160.0000, 3880.0000, 0.0000,  160.0000, 3850.0000, 0.0000,  0, 127, 0
L 120.0000, 3880.0000, 0.0000,  160.0000, 3880.0000, 0.0000,  0, 127, 0
L 190.0000, 3880.0000, 0.0000,  210.0000, 3880.0000, 0.0000,  0, 127, 0
L 200.0000, 3850.0000, 0.0000,  220.0000, 3910.0000, 0.0000,  0, 127, 0
L 180.0000, 3910.0000, 0.0000,  200.0000, 3850.0000, 0.0000,  0, 127, 0
L 270.0000, 3910.0000, 0.0000,  270.0000, 3850.0000, 0.0000,  0, 127, 0
L 240.0000, 3850.0000, 0.0000,  270.0000, 3910.0000, 0.0000,  0, 127, 0
L 240.0000, 3910.0000, 0.0000,  240.0000, 3850.0000, 0.0000,  0, 127, 0
L 310.0000, 3850.0000, 0.0000,  310.0000, 3910.0000, 0.0000,  0, 127, 0
L 290.0000, 3850.0000, 0.0000,  330.0000, 3850.0000, 0.0000,  0, 127, 0
L -60.0000, 3940.0000, 0.0000,  -60.0000, 4000.0000, 0.0000,  0, 127, 127
L -80.0000, 3970.0000, 0.0000,  -60.0000, 3940.0000, 0.0000,  0, 127, 127
L -100.0000, 3940.0000, 0.0000,  -80.0000, 3970.0000, 0.0000,  0, 127, 127
L -100.0000, 4000.0000, 0.0000,  -100.0000, 3940.0000, 0.0000,  0, 127, 127
L -40.0000, 3940.0000, 0.0000,  -40.0000, 4000.0000, 0.0000,  0, 127, 127
L -20.0000, 3940.0000, 0.0000,  -20.0000, 3970.0000, 0.0000,  0, 127, 127
L -20.0000, 4000.0000, 0.0000,  20.0000, 4000.0000, 0.0000,  0, 127, 127
L 20.0000, 3970.0000, 0.0000,  -20.0000, 3970.0000, 0.0000,  0, 127, 127
L -20.0000, 3940.0000, 0.0000,  20.0000, 3940.0000, 0.0000,  0, 127, 127
L 20.0000, 3970.0000, 0.0000,  20.0000, 4000.0000, 0.0000,  0, 127, 127
L 40.0000, 3940.0000, 0.0000,  40.0000, 3970.0000, 0.0000,  0, 127, 127
L 40.0000, 4000.0000, 0.0000,  80.0000, 4000.0000, 0.0000,  0, 127, 127
L 80.0000, 3970.0000, 0.0000,  40.0000, 3970.0000, 0.0000,  0, 127, 127
L 40.0000, 3940.0000, 0.0000,  80.0000, 3940.0000, 0.0000,  0, 127, 127
L 80.0000, 3970.0000, 0.0000,  80.0000, 4000.0000, 0.0000,  0, 127, 127
L 100.0000, 3940.0000, 0.0000,  100.0000, 4000.0000, 0.0000,  0, 127, 127
L 120.0000, 3940.0000, 0.0000,  150.0000, 3940.0000, 0.0000,  0, 127, 127
L 120.0000, 4000.0000, 0.0000,  150.0000, 4000.0000, 0.0000,  0, 127, 127
L 120.0000, 3940.0000, 0.0000,  120.0000, 4000.0000, 0.0000,  0, 127, 127
L 150.0000, 3940.0000, 0.0000,  150.0000, 4000.0000, 0.0000,  0, 127, 127
L 200.0000, 4000.0000, 0.0000,  200.0000, 3940.0000, 0.0000,  0, 127, 127
L 170.0000, 3940.0000, 0.0000,  200.0000, 4000.0000, 0.0000,  0, 127, 127
L 170.0000, 4000.0000, 0.0000,  170.0000, 3940.0000, 0.0000,  0, 127, 127
L -70.0000, 4090.0000, 0.0000,  -70.0000, 4030.0000, 0.0000,  127, 64, 0
L -100.0000, 4030.0000, 0.0000,  -70.0000, 4090.0000, 0.0000,  127, 64, 0
L -100.0000, 4090.0000, 0.0000,  -100.0000, 4030.0000, 0.0000,  127, 64, 0
L -40.0000, 4060.0000, 0.0000,  -20.0000, 4060.0000, 0.0000,  127, 64, 0
L -30.0000, 4030.0000, 0.0000,  -10.0000, 4090.0000, 0.0000,  127, 64, 0
L -50.0000, 4090.0000, 0.0000,  -30.0000, 4030.0000, 0.0000,  127, 64, 0
L 50.0000, 4030.0000, 0.0000,  50.0000, 4090.0000, 0.0000,  127, 64, 0
L 30.0000, 4060.0000, 0.0000,  50.0000, 4030.0000, 0.0000,  127, 64, 0
L 10.0000, 4030.0000, 0.0000,  30.0000, 4060.0000, 0.0000,  127, 64, 0
L 10.0000, 4090.0000, 0.0000,  10.0000, 4030.0000, 0.0000,  127, 64, 0
L 70.0000, 4060.0000, 0.0000,  100.0000, 4060.0000, 0.0000,  127, 64, 0
L 70.0000, 4090.0000, 0.0000,  100.0000, 4090.0000, 0.0000,  127, 64, 0
L 70.0000, 4030.0000, 0.0000,  70.0000, 4090.0000, 0.0000,  127, 64, 0
L 100.0000, 4030.0000, 0.0000,  70.0000, 4030.0000, 0.0000,  127, 64, 0
L 130.0000, 4090.0000, 0.0000,  130.0000, 4030.0000, 0.0000,  127, 64, 0
L 140.0000, 4090.0000, 0.0000,  120.0000, 4090.0000, 0.0000,  127, 64, 0
L 150.0000, 4060.0000, 0.0000,  140.0000, 4090.0000, 0.0000,  127, 64, 0
L 140.0000, 4030.0000, 0.0000,  150.0000, 4060.0000, 0.0000,  127, 64, 0
L 120.0000, 4030.0000, 0.0000,  140.0000, 4030.0000, 0.0000,  127, 64, 0
L -70.0000, 4150.0000, 0.0000,  -100.0000, 4150.0000, 0.0000,  0, 255, 0
L -70.0000, 4120.0000, 0.0000,  -70.0000, 4150.0000, 0.0000,  0, 255, 0
L -100.0000, 4120.0000, 0.0000,  -70.0000, 4120.0000, 0.0000,  0, 255, 0
L -100.0000, 4180.0000, 0.0000,  -100.0000, 4120.0000, 0.0000,  0, 255, 0
L -40.0000, 4150.0000, 0.0000,  -20.0000, 4150.0000, 0.0000,  0, 255, 0
L -30.0000, 4120.0000, 0.0000,  -10.0000, 4180.0000, 0.0000,  0, 255, 0
L -50.0000, 4180.0000, 0.0000,  -30.0000, 4120.0000, 0.0000,  0, 255, 0
L 10.0000, 4120.0000, 0.0000,  10.0000, 4150.0000, 0.0000,  0, 255, 0
L 10.0000, 4150.0000, 0.0000,  10.0000, 4180.0000, 0.0000,  0, 255, 0
L 10.0000, 4150.0000, 0.0000,  30.0000, 4150.0000, 0.0000,  0, 255, 0
L 50.0000, 4150.0000, 0.0000,  50.0000, 4120.0000, 0.0000,  0, 255, 0
L 10.0000, 4120.0000, 0.0000,  50.0000, 4120.0000, 0.0000,  0, 255, 0
L 30.0000, 4150.0000, 0.0000,  50.0000, 4150.0000, 0.0000,  0, 255, 0
L 50.0000, 4180.0000, 0.0000,  30.0000, 4150.0000, 0.0000,  0, 255, 0
L 100.0000, 4180.0000, 0.0000,  70.0000, 4180.0000, 0.0000,  0, 255, 0
L 70.0000, 4120.0000, 0.0000,  100.0000, 4120.0000, 0.0000,  0, 255, 0
L 70.0000, 4180.0000, 0.0000,  70.0000, 4120.0000, 0.0000,  0, 255, 0
L 120.0000, 4150.0000, 0.0000,  150.0000, 4150.0000, 0.0000,  0, 255, 0
L 120.0000, 4180.0000, 0.0000,  150.0000, 4180.0000, 0.0000,  0, 255, 0
L 120.0000, 4120.0000, 0.0000,  120.0000, 4180.0000, 0.0000,  0, 255, 0
L 150.0000, 4120.0000, 0.0000,  120.0000, 4120.0000, 0.0000,  0, 255, 0
L 170.0000, 4120.0000, 0.0000,  170.0000, 4180.0000, 0.0000,  0, 255, 0
L 210.0000, 4180.0000, 0.0000,  170.0000, 4180.0000, 0.0000,  0, 255, 0
L 230.0000, 4120.0000, 0.0000,  230.0000, 4150.0000, 0.0000,  0, 255, 0
L 230.0000, 4180.0000, 0.0000,  270.0000, 4180.0000, 0.0000,  0, 255, 0
L 270.0000, 4150.0000, 0.0000,  230.0000, 4150.0000, 0.0000,  0, 255, 0
L 230.0000, 4120.0000, 0.0000,  270.0000, 4120.0000, 0.0000,  0, 255, 0
L 270.0000, 4150.0000, 0.0000,  270.0000, 4180.0000, 0.0000,  0, 255, 0
L -100.0000, 4210.0000, 0.0000,  -100.0000, 4240.0000, 0.0000,  0, 240, 240
L -100.0000, 4240.0000, 0.0000,  -100.0000, 4270.0000, 0.0000,  0, 240, 240
L -100.0000, 4240.0000, 0.0000,  -80.0000, 4240.0000, 0.0000,  0, 240, 240
L -60.0000, 4240.0000, 0.0000,  -60.0000, 4210.0000, 0.0000,  0, 240, 240
L -100.0000, 4210.0000, 0.0000,  -60.0000, 4210.0000, 0.0000,  0, 240, 240
L -80.0000, 4240.0000, 0.0000,  -60.0000, 4240.0000, 0.0000,  0, 240, 240
L -60.0000, 4270.0000, 0.0000,  -80.0000, 4240.0000, 0.0000,  0, 240, 240
L -30.0000, 4240.0000, 0.0000,  -10.0000, 4240.0000, 0.0000,  0, 240, 240
L -20.0000, 4210.0000, 0.0000,  0.0000, 4270.0000, 0.0000,  0, 240, 240
L -40.0000, 4270.0000, 0.0000,  -20.0000, 4210.0000, 0.0000,  0, 240, 240
L 20.0000, 4210.0000, 0.0000,  20.0000, 4270.0000, 0.0000,  0, 240, 240
L 50.0000, 4270.0000, 0.0000,  50.0000, 4210.0000, 0.0000,  0, 240, 240
L 60.0000, 4270.0000, 0.0000,  40.0000, 4270.0000, 0.0000,  0, 240, 240
L 70.0000, 4240.0000, 0.0000,  60.0000, 4270.0000, 0.0000,  0, 240, 240
L 60.0000, 4210.0000, 0.0000,  70.0000, 4240.0000, 0.0000,  0, 240, 240
L 40.0000, 4210.0000, 0.0000,  60.0000, 4210.0000, 0.0000,  0, 240, 240
L -100.0000, 4300.0000, 0.0000,  -100.0000, 4330.0000, 0.0000,  0, 255, 0
L -100.0000, 4360.0000, 0.0000,  -60.0000, 4360.0000, 0.0000,  0, 255, 0
L -60.0000, 4330.0000, 0.0000,  -100.0000, 4330.0000, 0.0000,  0, 255, 0
L -100.0000, 4300.0000, 0.0000,  -60.0000, 4300.0000, 0.0000,  0, 255, 0
L -60.0000, 4330.0000, 0.0000,  -60.0000, 4360.0000, 0.0000,  0, 255, 0
L -10.0000, 4330.0000, 0.0000,  -40.0000, 4330.0000, 0.0000,  0, 255, 0
L -10.0000, 4300.0000, 0.0000,  -10.0000, 4330.0000, 0.0000,  0, 255, 0
L -40.0000, 4300.0000, 0.0000,  -10.0000, 4300.0000, 0.0000,  0, 255, 0
L -40.0000, 4360.0000, 0.0000,  -40.0000, 4300.0000, 0.0000,  0, 255, 0
L 10.0000, 4330.0000, 0.0000,  40.0000, 4330.0000, 0.0000,  0, 255, 0
L 10.0000, 4360.0000, 0.0000,  40.0000, 4360.0000, 0.0000,  0, 255, 0
L 10.0000, 4300.0000, 0.0000,  10.0000, 4360.0000, 0.0000,  0, 255, 0
L 40.0000, 4300.0000, 0.0000,  10.0000, 4300.0000, 0.0000,  0, 255, 0
L 90.0000, 4360.0000, 0.0000,  60.0000, 4360.0000, 0.0000,  0, 255, 0
L 60.0000, 4300.0000, 0.0000,  90.0000, 4300.0000, 0.0000,  0, 255, 0
L 60.0000, 4360.0000, 0.0000,  60.0000, 4300.0000, 0.0000,  0, 255, 0
L 110.0000, 4300.0000, 0.0000,  110.0000, 4360.0000, 0.0000,  0, 255, 0
L 140.0000, 4330.0000, 0.0000,  160.0000, 4330.0000, 0.0000,  0, 255, 0
L 150.0000, 4300.0000, 0.0000,  170.0000, 4360.0000, 0.0000,  0, 255, 0
L 130.0000, 4360.0000, 0.0000,  150.0000, 4300.0000, 0.0000,  0, 255, 0
L 190.0000, 4300.0000, 0.0000,  190.0000, 4360.0000, 0.0000,  0, 255, 0
L 230.0000, 4360.0000, 0.0000,  190.0000, 4360.0000, 0.0000,  0, 255, 0
L 340.0000, 4360.0000, 0.0000,  310.0000, 4360.0000, 0.0000,  0, 255, 0
L 310.0000, 4300.0000, 0.0000,  340.0000, 4300.0000, 0.0000,  0, 255, 0
L 310.0000, 4360.0000, 0.0000,  310.0000, 4300.0000, 0.0000,  0, 255, 0
L 400.0000, 4300.0000, 0.0000,  400.0000, 4360.0000, 0.0000,  0, 255, 0
L 360.0000, 4300.0000, 0.0000,  360.0000, 4360.0000, 0.0000,  0, 255, 0
L 360.0000, 4360.0000, 0.0000,  400.0000, 4360.0000, 0.0000,  0, 255, 0
L 420.0000, 4300.0000, 0.0000,  420.0000, 4330.0000, 0.0000,  0, 255, 0
L 420.0000, 4330.0000, 0.0000,  420.0000, 4360.0000, 0.0000,  0, 255, 0
L 420.0000, 4330.0000, 0.0000,  440.0000, 4330.0000, 0.0000,  0, 255, 0
L 460.0000, 4330.0000, 0.0000,  460.0000, 4300.0000, 0.0000,  0, 255, 0
L 420.0000, 4300.0000, 0.0000,  460.0000, 4300.0000, 0.0000,  0, 255, 0
L 440.0000, 4330.0000, 0.0000,  460.0000, 4330.0000, 0.0000,  0, 255, 0
L 460.0000, 4360.0000, 0.0000,  440.0000, 4330.0000, 0.0000,  0, 255, 0
L 480.0000, 4300.0000, 0.0000,  480.0000, 4330.0000, 0.0000,  0, 255, 0
L 480.0000, 4330.0000, 0.0000,  480.0000, 4360.0000, 0.0000,  0, 255, 0
L 480.0000, 4330.0000, 0.0000,  500.0000, 4330.0000, 0.0000,  0, 255, 0
L 520.0000, 4330.0000, 0.0000,  520.0000, 4300.0000, 0.0000,  0, 255, 0
L 480.0000, 4300.0000, 0.0000,  520.0000, 4300.0000, 0.0000,  0, 255, 0
L 500.0000, 4330.0000, 0.0000,  520.0000, 4330.0000, 0.0000,  0, 255, 0
L 520.0000, 4360.0000, 0.0000,  500.0000, 4330.0000, 0.0000,  0, 255, 0
L 540.0000, 4330.0000, 0.0000,  570.0000, 4330.0000, 0.0000,  0, 255, 0
L 540.0000, 4360.0000, 0.0000,  570.0000, 4360.0000, 0.0000,  0, 255, 0
L 540.0000, 4300.0000, 0.0000,  540.0000, 4360.0000, 0.0000,  0, 255, 0
L 570.0000, 4300.0000, 0.0000,  540.0000, 4300.0000, 0.0000,  0, 255, 0
L 620.0000, 4360.0000, 0.0000,  620.0000, 4300.0000, 0.0000,  0, 255, 0
L 590.0000, 4300.0000, 0.0000,  620.0000, 4360.0000, 0.0000,  0, 255, 0
L 590.0000, 4360.0000, 0.0000,  590.0000, 4300.0000, 0.0000,  0, 255, 0
L 670.0000, 4360.0000, 0.0000,  640.0000, 4360.0000, 0.0000,  0, 255, 0
L 640.0000, 4300.0000, 0.0000,  670.0000, 4300.0000, 0.0000,  0, 255, 0
L 640.0000, 4360.0000, 0.0000,  640.0000, 4300.0000, 0.0000,  0, 255, 0
L 710.0000, 4330.0000, 0.0000,  710.0000, 4360.0000, 0.0000,  0, 255, 0
L 710.0000, 4330.0000, 0.0000,  730.0000, 4300.0000, 0.0000,  0, 255, 0
L 690.0000, 4300.0000, 0.0000,  710.0000, 4330.0000, 0.0000,  0, 255, 0
L -100.0000, 4390.0000, 0.0000,  -100.0000, 4420.0000, 0.0000,  255, 0, 0
L -100.0000, 4450.0000, 0.0000,  -60.0000, 4450.0000, 0.0000,  255, 0, 0
L -60.0000, 4420.0000, 0.0000,  -100.0000, 4420.0000, 0.0000,  255, 0, 0
L -100.0000, 4390.0000, 0.0000,  -60.0000, 4390.0000, 0.0000,  255, 0, 0
L -60.0000, 4420.0000, 0.0000,  -60.0000, 4450.0000, 0.0000,  255, 0, 0
L 0.0000, 4390.0000, 0.0000,  0.0000, 4450.0000, 0.0000,  255, 0, 0
L -40.0000, 4390.0000, 0.0000,  -40.0000, 4450.0000, 0.0000,  255, 0, 0
L -40.0000, 4450.0000, 0.0000,  0.0000, 4450.0000, 0.0000,  255, 0, 0
L 50.0000, 4450.0000, 0.0000,  20.0000, 4450.0000, 0.0000,  255, 0, 0
L 20.0000, 4390.0000, 0.0000,  50.0000, 4390.0000, 0.0000,  255, 0, 0
L 20.0000, 4450.0000, 0.0000,  20.0000, 4390.0000, 0.0000,  255, 0, 0
L 100.0000, 4450.0000, 0.0000,  70.0000, 4450.0000, 0.0000,  255, 0, 0
L 70.0000, 4390.0000, 0.0000,  100.0000, 4390.0000, 0.0000,  255, 0, 0
L 70.0000, 4450.0000, 0.0000,  70.0000, 4390.0000, 0.0000,  255, 0, 0
L 120.0000, 4390.0000, 0.0000,  150.0000, 4390.0000, 0.0000,  255, 0, 0
L 120.0000, 4450.0000, 0.0000,  150.0000, 4450.0000, 0.0000,  255, 0, 0
L 120.0000, 4390.0000, 0.0000,  120.0000, 4450.0000, 0.0000,  255, 0, 0
L 150.0000, 4390.0000, 0.0000,  150.0000, 4450.0000, 0.0000,  255, 0, 0
L 170.0000, 4390.0000, 0.0000,  170.0000, 4420.0000, 0.0000,  255, 0, 0
L 170.0000, 4420.0000, 0.0000,  170.0000, 4450.0000, 0.0000,  255, 0, 0
L 170.0000, 4420.0000, 0.0000,  190.0000, 4420.0000, 0.0000,  255, 0, 0
L 210.0000, 4420.0000, 0.0000,  210.0000, 4390.0000, 0.0000,  255, 0, 0
L 170.0000, 4390.0000, 0.0000,  210.0000, 4390.0000, 0.0000,  255, 0, 0
L 190.0000, 4420.0000, 0.0000,  210.0000, 4420.0000, 0.0000,  255, 0, 0
L 210.0000, 4450.0000, 0.0000,  190.0000, 4420.0000, 0.0000,  255, 0, 0
L -80.0000, 4480.0000, 0.0000,  -80.0000, 4540.0000, 0.0000,  255, 255, 0
L -100.0000, 4480.0000, 0.0000,  -60.0000, 4480.0000, 0.0000,  255, 255, 0
L -40.0000, 4510.0000, 0.0000,  -10.0000, 4510.0000, 0.0000,  255, 255, 0
L -40.0000, 4540.0000, 0.0000,  -10.0000, 4540.0000, 0.0000,  255, 255, 0
L -40.0000, 4480.0000, 0.0000,  -40.0000, 4540.0000, 0.0000,  255, 255, 0
L -10.0000, 4480.0000, 0.0000,  -40.0000, 4480.0000, 0.0000,  255, 255, 0
L 10.0000, 4480.0000, 0.0000,  10.0000, 4540.0000, 0.0000,  255, 255, 0
L 50.0000, 4540.0000, 0.0000,  10.0000, 4540.0000, 0.0000,  255, 255, 0
L 70.0000, 4510.0000, 0.0000,  100.0000, 4510.0000, 0.0000,  255, 255, 0
L 70.0000, 4540.0000, 0.0000,  100.0000, 4540.0000, 0.0000,  255, 255, 0
L 70.0000, 4480.0000, 0.0000,  70.0000, 4540.0000, 0.0000,  255, 255, 0
L 100.0000, 4480.0000, 0.0000,  70.0000, 4480.0000, 0.0000,  255, 255, 0
L 150.0000, 4510.0000, 0.0000,  120.0000, 4510.0000, 0.0000,  255, 255, 0
L 150.0000, 4480.0000, 0.0000,  150.0000, 4510.0000, 0.0000,  255, 255, 0
L 120.0000, 4480.0000, 0.0000,  150.0000, 4480.0000, 0.0000,  255, 255, 0
L 120.0000, 4540.0000, 0.0000,  120.0000, 4480.0000, 0.0000,  255, 255, 0
L 170.0000, 4480.0000, 0.0000,  200.0000, 4480.0000, 0.0000,  255, 255, 0
L 170.0000, 4540.0000, 0.0000,  200.0000, 4540.0000, 0.0000,  255, 255, 0
L 170.0000, 4480.0000, 0.0000,  170.0000, 4540.0000, 0.0000,  255, 255, 0
L 200.0000, 4480.0000, 0.0000,  200.0000, 4540.0000, 0.0000,  255, 255, 0
L 220.0000, 4480.0000, 0.0000,  220.0000, 4510.0000, 0.0000,  255, 255, 0
L 220.0000, 4510.0000, 0.0000,  220.0000, 4540.0000, 0.0000,  255, 255, 0
L 220.0000, 4510.0000, 0.0000,  240.0000, 4510.0000, 0.0000,  255, 255, 0
L 260.0000, 4510.0000, 0.0000,  260.0000, 4480.0000, 0.0000,  255, 255, 0
L 220.0000, 4480.0000, 0.0000,  260.0000, 4480.0000, 0.0000,  255, 255, 0
L 240.0000, 4510.0000, 0.0000,  260.0000, 4510.0000, 0.0000,  255, 255, 0
L 260.0000, 4540.0000, 0.0000,  240.0000, 4510.0000, 0.0000,  255, 255, 0
L 300.0000, 4480.0000, 0.0000,  300.0000, 4540.0000, 0.0000,  255, 255, 0
L 280.0000, 4480.0000, 0.0000,  320.0000, 4480.0000, 0.0000,  255, 255, 0
L -80.0000, 4570.0000, 0.0000,  -80.0000, 4630.0000, 0.0000,  128, 0, 128
L -100.0000, 4570.0000, 0.0000,  -60.0000, 4570.0000, 0.0000,  128, 0, 128
L -40.0000, 4570.0000, 0.0000,  -40.0000, 4600.0000, 0.0000,  128, 0, 128
L -40.0000, 4600.0000, 0.0000,  -40.0000, 4630.0000, 0.0000,  128, 0, 128
L -40.0000, 4600.0000, 0.0000,  -20.0000, 4600.0000, 0.0000,  128, 0, 128
L 0.0000, 4600.0000, 0.0000,  0.0000, 4570.0000, 0.0000,  128, 0, 128
L -40.0000, 4570.0000, 0.0000,  0.0000, 4570.0000, 0.0000,  128, 0, 128
L -20.0000, 4600.0000, 0.0000,  0.0000, 4600.0000, 0.0000,  128, 0, 128
L 0.0000, 4630.0000, 0.0000,  -20.0000, 4600.0000, 0.0000,  128, 0, 128
L 30.0000, 4600.0000, 0.0000,  50.0000, 4600.0000, 0.0000,  128, 0, 128
L 40.0000, 4570.0000, 0.0000,  60.0000, 4630.0000, 0.0000,  128, 0, 128
L 20.0000, 4630.0000, 0.0000,  40.0000, 4570.0000, 0.0000,  128, 0, 128
L 90.0000, 4630.0000, 0.0000,  90.0000, 4570.0000, 0.0000,  128, 0, 128
L 100.0000, 4630.0000, 0.0000,  80.0000, 4630.0000, 0.0000,  128, 0, 128
L 110.0000, 4600.0000, 0.0000,  100.0000, 4630.0000, 0.0000,  128, 0, 128
L 100.0000, 4570.0000, 0.0000,  110.0000, 4600.0000, 0.0000,  128, 0, 128
L 80.0000, 4570.0000, 0.0000,  100.0000, 4570.0000, 0.0000,  128, 0, 128
L 130.0000, 4600.0000, 0.0000,  160.0000, 4600.0000, 0.0000,  128, 0, 128
L 130.0000, 4630.0000, 0.0000,  160.0000, 4630.0000, 0.0000,  128, 0, 128
L 130.0000, 4570.0000, 0.0000,  130.0000, 4630.0000, 0.0000,  128, 0, 128
L 160.0000, 4570.0000, 0.0000,  130.0000, 4570.0000, 0.0000,  128, 0, 128
L 180.0000, 4570.0000, 0.0000,  180.0000, 4600.0000, 0.0000,  128, 0, 128
L 180.0000, 4630.0000, 0.0000,  220.0000, 4630.0000, 0.0000,  128, 0, 128
L 220.0000, 4600.0000, 0.0000,  180.0000, 4600.0000, 0.0000,  128, 0, 128
L 180.0000, 4570.0000, 0.0000,  220.0000, 4570.0000, 0.0000,  128, 0, 128
L 220.0000, 4600.0000, 0.0000,  220.0000, 4630.0000, 0.0000,  128, 0, 128
L 240.0000, 4570.0000, 0.0000,  240.0000, 4600.0000, 0.0000,  128, 0, 128
L 240.0000, 4600.0000, 0.0000,  240.0000, 4630.0000, 0.0000,  128, 0, 128
L 240.0000, 4600.0000, 0.0000,  280.0000, 4630.0000, 0.0000,  128, 0, 128
L 240.0000, 4600.0000, 0.0000,  280.0000, 4570.0000, 0.0000,  128, 0, 128
L 300.0000, 4570.0000, 0.0000,  300.0000, 4630.0000, 0.0000,  128, 0, 128
L 320.0000, 4570.0000, 0.0000,  320.0000, 4630.0000, 0.0000,  128, 0, 128
L 360.0000, 4630.0000, 0.0000,  320.0000, 4630.0000, 0.0000,  128, 0, 128
L 380.0000, 4570.0000, 0.0000,  380.0000, 4630.0000, 0.0000,  128, 0, 128
L 420.0000, 4630.0000, 0.0000,  380.0000, 4630.0000, 0.0000,  128, 0, 128
L 530.0000, 4630.0000, 0.0000,  500.0000, 4630.0000, 0.0000,  128, 0, 128
L 500.0000, 4570.0000, 0.0000,  530.0000, 4570.0000, 0.0000,  128, 0, 128
L 500.0000, 4630.0000, 0.0000,  500.0000, 4570.0000, 0.0000,  128, 0, 128
L 550.0000, 4570.0000, 0.0000,  580.0000, 4570.0000, 0.0000,  128, 0, 128
L 550.0000, 4630.0000, 0.0000,  580.0000, 4630.0000, 0.0000,  128, 0, 128
L 550.0000, 4570.0000, 0.0000,  550.0000, 4630.0000, 0.0000,  128, 0, 128
L 580.0000, 4570.0000, 0.0000,  580.0000, 4630.0000, 0.0000,  128, 0, 128
L 630.0000, 4630.0000, 0.0000,  630.0000, 4570.0000, 0.0000,  128, 0, 128
L 600.0000, 4570.0000, 0.0000,  630.0000, 4630.0000, 0.0000,  128, 0, 128
L 600.0000, 4630.0000, 0.0000,  600.0000, 4570.0000, 0.0000,  128, 0, 128
L 670.0000, 4570.0000, 0.0000,  670.0000, 4630.0000, 0.0000,  128, 0, 128
L 650.0000, 4570.0000, 0.0000,  690.0000, 4570.0000, 0.0000,  128, 0, 128
L 720.0000, 4600.0000, 0.0000,  740.0000, 4600.0000, 0.0000,  128, 0, 128
L 730.0000, 4570.0000, 0.0000,  750.0000, 4630.0000, 0.0000,  128, 0, 128
L 710.0000, 4630.0000, 0.0000,  730.0000, 4570.0000, 0.0000,  128, 0, 128
L 770.0000, 4570.0000, 0.0000,  770.0000, 4630.0000, 0.0000,  128, 0, 128
L 820.0000, 4630.0000, 0.0000,  820.0000, 4570.0000, 0.0000,  128, 0, 128
L 790.0000, 4570.0000, 0.0000,  820.0000, 4630.0000, 0.0000,  128, 0, 128
L 790.0000, 4630.0000, 0.0000,  790.0000, 4570.0000, 0.0000,  128, 0, 128
L 840.0000, 4600.0000, 0.0000,  870.0000, 4600.0000, 0.0000,  128, 0, 128
L 840.0000, 4630.0000, 0.0000,  870.0000, 4630.0000, 0.0000,  128, 0, 128
L 840.0000, 4570.0000, 0.0000,  840.0000, 4630.0000, 0.0000,  128, 0, 128
L 870.0000, 4570.0000, 0.0000,  840.0000, 4570.0000, 0.0000,  128, 0, 128
L 890.0000, 4570.0000, 0.0000,  890.0000, 4600.0000, 0.0000,  128, 0, 128
L 890.0000, 4600.0000, 0.0000,  890.0000, 4630.0000, 0.0000,  128, 0, 128
L 890.0000, 4600.0000, 0.0000,  910.0000, 4600.0000, 0.0000,  128, 0, 128
L 930.0000, 4600.0000, 0.0000,  930.0000, 4570.0000, 0.0000,  128, 0, 128
L 890.0000, 4570.0000, 0.0000,  930.0000, 4570.0000, 0.0000,  128, 0, 128
L 910.0000, 4600.0000, 0.0000,  930.0000, 4600.0000, 0.0000,  128, 0, 128
L 930.0000, 4630.0000, 0.0000,  910.0000, 4600.0000, 0.0000,  128, 0, 128
L -80.0000, 4660.0000, 0.0000,  -80.0000, 4720.0000, 0.0000,  255, 255, 0
L -100.0000, 4660.0000, 0.0000,  -60.0000, 4660.0000, 0.0000,  255, 255, 0
L -40.0000, 4660.0000, 0.0000,  -40.0000, 4690.0000, 0.0000,  255, 255, 0
L -40.0000, 4690.0000, 0.0000,  -40.0000, 4720.0000, 0.0000,  255, 255, 0
L -40.0000, 4690.0000, 0.0000,  -20.0000, 4690.0000, 0.0000,  255, 255, 0
L 0.0000, 4690.0000, 0.0000,  0.0000, 4660.0000, 0.0000,  255, 255, 0
L -40.0000, 4660.0000, 0.0000,  0.0000, 4660.0000, 0.0000,  255, 255, 0
L -20.0000, 4690.0000, 0.0000,  0.0000, 4690.0000, 0.0000,  255, 255, 0
L 0.0000, 4720.0000, 0.0000,  -20.0000, 4690.0000, 0.0000,  255, 255, 0
L 30.0000, 4690.0000, 0.0000,  50.0000, 4690.0000, 0.0000,  255, 255, 0
L 40.0000, 4660.0000, 0.0000,  60.0000, 4720.0000, 0.0000,  255, 255, 0
L 20.0000, 4720.0000, 0.0000,  40.0000, 4660.0000, 0.0000,  255, 255, 0
L 110.0000, 4690.0000, 0.0000,  80.0000, 4690.0000, 0.0000,  255, 255, 0
L 110.0000, 4660.0000, 0.0000,  110.0000, 4690.0000, 0.0000,  255, 255, 0
L 80.0000, 4660.0000, 0.0000,  110.0000, 4660.0000, 0.0000,  255, 255, 0
L 80.0000, 4720.0000, 0.0000,  80.0000, 4660.0000, 0.0000,  255, 255, 0
L -70.0000, 4750.0000, 0.0000,  -100.0000, 4750.0000, 0.0000,  255, 0, 0
L -100.0000, 4810.0000, 0.0000,  -70.0000, 4750.0000, 0.0000,  255, 0, 0
L -100.0000, 4810.0000, 0.0000,  -70.0000, 4810.0000, 0.0000,  255, 0, 0
L -50.0000, 4750.0000, 0.0000,  -20.0000, 4750.0000, 0.0000,  255, 0, 0
L -50.0000, 4810.0000, 0.0000,  -20.0000, 4810.0000, 0.0000,  255, 0, 0
L -50.0000, 4750.0000, 0.0000,  -50.0000, 4810.0000, 0.0000,  255, 0, 0
L -20.0000, 4750.0000, 0.0000,  -20.0000, 4810.0000, 0.0000,  255, 0, 0
L 30.0000, 4810.0000, 0.0000,  30.0000, 4750.0000, 0.0000,  255, 0, 0
L 0.0000, 4750.0000, 0.0000,  30.0000, 4810.0000, 0.0000,  255, 0, 0
L 0.0000, 4810.0000, 0.0000,  0.0000, 4750.0000, 0.0000,  255, 0, 0
L 50.0000, 4780.0000, 0.0000,  80.0000, 4780.0000, 0.0000,  255, 0, 0
L 50.0000, 4810.0000, 0.0000,  80.0000, 4810.0000, 0.0000,  255, 0, 0
L 50.0000, 4750.0000, 0.0000,  50.0000, 4810.0000, 0.0000,  255, 0, 0
L 80.0000, 4750.0000, 0.0000,  50.0000, 4750.0000, 0.0000,  255, 0, 0
P -1100.0000, 3100.0000, 0.0000,  0, 0, 0,  2,  Original_Map:_Brewall_Rainsiger_(Cazic-Thule)
P -1100.0000, 3300.0000, 0.0000,  0, 0, 0,  2,  http://www.eqmaps.info
P -1100.0000, 3500.0000, 0.0000,  0, 0, 0,  2,  Return_of_the_Exiled_(www.roteguild.org)
P -1100.0000, 3700.0000, 0.0000,  127, 64, 0,  2,  a_bluff_golem_PH=a_rocky_cliff_golem
P -1100.0000, 3900.0000, 0.0000,  127, 64, 0,  2,  a_grotesque_succulent_PH=a_sickly_succulent
P -1100.0000, 4100.0000, 0.0000,  127, 64, 0,  2,  a_Kar'Zok_lacerator_PH=a_Ferreth_procurator
P -1100.0000, 4300.0000, 0.0000,  127, 64, 0,  2,  a_majestic_cockatrice_PH=a_stoneglint_cockatrice
P -1100.0000, 4500.0000, 0.0000,  127, 64, 0,  2,  an_iron_sentinel_PH=a_rubble_golem
P -1100.0000, 4700.0000, 0.0000,  127, 64, 0,  2,  Arcron_Thaumaturge_Osellik_PH=an_arcron_thaumaturge
P -1100.0000, 4900.0000, 0.0000,  127, 64, 0,  2,  Banshee_PH=a_screeching_chokidai
P -1100.0000, 5100.0000, 0.0000,  127, 64, 0,  2,  Bloodstalker_PH=a_blood-stained_stalker
P -1100.0000, 5300.0000, 0.0000,  127, 64, 0,  2,  Drakis_PH=a_dreadful_scorpikis
P -1100.0000, 5500.0000, 0.0000,  127, 64, 0,  2,  Fang_PH=a_stonepeep_cockatrice
P -1100.0000, 5700.0000, 0.0000,  127, 64, 0,  2,  Flamescale_Overlord_Takarious_PH=a_Krellnakor_overlord
P -1100.0000, 5900.0000, 0.0000,  127, 64, 0,  2,  Janissary_Virzak_PH=a_Wulthan_Zealot
P -1100.0000, 6100.0000, 0.0000,  127, 64, 0,  2,  Myrmidon_Tundak_PH=a_Krellnakor_officer
P -1100.0000, 6300.0000, 0.0000,  127, 64, 0,  2,  Needle_PH=a_needle-covered_succulent
P -1100.0000, 6500.0000, 0.0000,  127, 64, 0,  2,  Observer_Eyrzekla_PH=a_mysterious_sarnak
P -1100.0000, 6700.0000, 0.0000,  127, 64, 0,  2,  Rigelon_the_Watcher_PH=a_shifty_scorpikis
P -1100.0000, 6900.0000, 0.0000,  127, 64, 0,  2,  Saber_PH=a_raging_rhino
