P 655.5000, -782.8750, -26.0625, 255, 0, 0, 3, to_The_Underquarry
P -523.5000, 558.2500, -3.5625, 255, 0, 0, 3, to_The_Cooling_Chamber
P -335.0616, -1726.3378, 6.2421, 255, 0, 0, 3, to_Fungal_Forest
P 908.4221, 294.5547, -45.8124, 255, 0, 0, 3, to_Brell's_Rest
P -340.0926, -321.7122, 12.9945, 0, 0, 0, 2, Gol`Kulnar
P -365.9487, -331.7849, 15.5761, 0, 127, 127, 2, Kobok_the_Primalist_(Quest)
P -373.6430, -341.1797, 11.4944, 0, 127, 127, 2, Tronten_the_Subnexus_(Quest)
P -612.4976, -592.7316, -30.9458, 0, 0, 0, 2, Blar_Gurin
P -726.4269, -810.0523, -31.0073, 0, 0, 0, 2, Hergnana_the_Malefactor
P -1314.6115, -98.8648, 0.5096, 0, 127, 127, 2, Magnite_Ordinator_Bammor_(Quest)
P -270.1902, -290.7050, 0.7814, 0, 127, 127, 2, Soldy_Falfendaar_(Quest)
P -370.7173, -1706.7452, 5.1727, 0, 0, 0, 2, Elma_Sparks
P 160.6543, -1076.3634, -30.7624, 240, 240, 240, 2, Cliknar's
P -1327.6252, -100.6815, 0.5005, 0, 127, 127, 2, Kronk_Kollus_(Quest)
P -1840.2035, -1353.9506, -1.0860, 240, 240, 240, 2, Memory_Crystals
P -379.3295, -240.3670, -0.7624, 240, 240, 240, 2, Geodech_Area
P 9.7562, -731.3156, -5.5870, 127, 64, 0, 2, Anarchist_Agitator_Clatktu_(Named)
P -1028.2788, -1120.7289, -21.2350, 240, 240, 240, 2, Crystalline_Mobs
P 530.0000, 193.0000, -12.0000, 255, 255, 255, 2, scry_1
P -511.0000, -1453.0000, 5.0000, 255, 255, 255, 2, scry_2
P -1103.0000, -165.0000, 5.0000, 255, 255, 255, 2, scry
P -883.0000, -613.0000, -8.0000, 255, 255, 255, 2, scry_spawn