L 1000.0000, 0.0000, 0.0000,  1000.0000, -50.0000, 0.0000,  255, 0, 0
L -20.0000, 50.0000, 0.0000,  -50.0000, 20.0000, 0.0000,  255, 0, 0
L 50.0000, 20.0000, 0.0000,  20.0000, 50.0000, 0.0000,  255, 0, 0
L 20.0000, -50.0000, 0.0000,  50.0000, -20.0000, 0.0000,  255, 0, 0
L -50.0000, -20.0000, 0.0000,  -20.0000, -50.0000, 0.0000,  255, 0, 0
L -50.0000, 20.0000, 0.0000,  -50.0000, -20.0000, 0.0000,  255, 0, 0
L 20.0000, 50.0000, 0.0000,  -20.0000, 50.0000, 0.0000,  255, 0, 0
L 50.0000, -20.0000, 0.0000,  50.0000, 20.0000, 0.0000,  255, 0, 0
L -20.0000, -50.0000, 0.0000,  20.0000, -50.0000, 0.0000,  255, 0, 0
L 580.0000, -20.0000, 0.0000,  540.0000, -20.0000, 0.0000,  255, 0, 0
L 580.0000, -90.0000, 0.0000,  580.0000, -20.0000, 0.0000,  255, 0, 0
L 540.0000, -90.0000, 0.0000,  580.0000, -90.0000, 0.0000,  255, 0, 0
L 540.0000, -20.0000, 0.0000,  540.0000, -90.0000, 0.0000,  255, 0, 0
L 520.0000, -20.0000, 0.0000,  480.0000, -20.0000, 0.0000,  255, 0, 0
L 520.0000, -90.0000, 0.0000,  520.0000, -20.0000, 0.0000,  255, 0, 0
L 480.0000, -90.0000, 0.0000,  520.0000, -90.0000, 0.0000,  255, 0, 0
L 480.0000, -20.0000, 0.0000,  480.0000, -90.0000, 0.0000,  255, 0, 0
L 460.0000, -90.0000, 0.0000,  450.0000, -80.0000, 0.0000,  255, 0, 0
L 460.0000, -20.0000, 0.0000,  460.0000, -90.0000, 0.0000,  255, 0, 0
L 0.0000, -250.0000, 0.0000,  0.0000, 250.0000, 0.0000,  255, 0, 0
L -250.0000, 0.0000, 0.0000,  1000.0000, 0.0000, 0.0000,  255, 0, 0
L -120.0000, -80.0000, 0.0000,  -120.0000, -60.0000, 0.0000,  255, 0, 0
L -120.0000, -60.0000, 0.0000,  -120.0000, -40.0000, 0.0000,  255, 0, 0
L -100.0000, -60.0000, 0.0000,  -120.0000, -60.0000, 0.0000,  255, 0, 0
L -120.0000, -60.0000, 0.0000,  -140.0000, -60.0000, 0.0000,  255, 0, 0
L -90.0000, -50.0000, 0.0000,  -100.0000, -30.0000, 0.0000,  255, 0, 0
L -60.0000, -80.0000, 0.0000,  -60.0000, -60.0000, 0.0000,  255, 0, 0
L -60.0000, -60.0000, 0.0000,  -60.0000, -40.0000, 0.0000,  255, 0, 0
L -40.0000, -60.0000, 0.0000,  -60.0000, -60.0000, 0.0000,  255, 0, 0
L -60.0000, -60.0000, 0.0000,  -80.0000, -60.0000, 0.0000,  255, 0, 0
L 100.0000, 60.0000, 0.0000,  120.0000, 60.0000, 0.0000,  255, 0, 0
L 120.0000, 60.0000, 0.0000,  140.0000, 60.0000, 0.0000,  255, 0, 0
L 90.0000, 70.0000, 0.0000,  80.0000, 90.0000, 0.0000,  255, 0, 0
L 40.0000, 60.0000, 0.0000,  60.0000, 60.0000, 0.0000,  255, 0, 0
L 60.0000, 60.0000, 0.0000,  80.0000, 60.0000, 0.0000,  255, 0, 0
L -100.0000, 60.0000, 0.0000,  -120.0000, 60.0000, 0.0000,  255, 0, 0
L -120.0000, 60.0000, 0.0000,  -140.0000, 60.0000, 0.0000,  255, 0, 0
L -90.0000, 70.0000, 0.0000,  -100.0000, 90.0000, 0.0000,  255, 0, 0
L -60.0000, 80.0000, 0.0000,  -60.0000, 60.0000, 0.0000,  255, 0, 0
L -60.0000, 60.0000, 0.0000,  -60.0000, 40.0000, 0.0000,  255, 0, 0
L -40.0000, 60.0000, 0.0000,  -60.0000, 60.0000, 0.0000,  255, 0, 0
L -60.0000, 60.0000, 0.0000,  -80.0000, 60.0000, 0.0000,  255, 0, 0
L 100.0000, -60.0000, 0.0000,  120.0000, -60.0000, 0.0000,  255, 0, 0
L 120.0000, -60.0000, 0.0000,  140.0000, -60.0000, 0.0000,  255, 0, 0
L 90.0000, -50.0000, 0.0000,  80.0000, -30.0000, 0.0000,  255, 0, 0
L 60.0000, -80.0000, 0.0000,  60.0000, -60.0000, 0.0000,  255, 0, 0
L 60.0000, -60.0000, 0.0000,  60.0000, -40.0000, 0.0000,  255, 0, 0
L 40.0000, -60.0000, 0.0000,  60.0000, -60.0000, 0.0000,  255, 0, 0
L 60.0000, -60.0000, 0.0000,  80.0000, -60.0000, 0.0000,  255, 0, 0
L 599.0000, -90.0000, 0.0000,  637.3000, -90.0000, 0.0000,  255, 0, 0
L 599.0000, -20.0000, 0.0000,  637.3000, -20.0000, 0.0000,  255, 0, 0
L 599.0000, -90.0000, 0.0000,  599.0000, -20.0000, 0.0000,  255, 0, 0
L 637.3000, -90.0000, 0.0000,  637.3000, -20.0000, 0.0000,  255, 0, 0
P 0.0000, 2100.0000, 0.0000,  0, 0, 0,  2,  Original_Map:_Brewall_Rainsiger_(Cazic-Thule)
P 0.0000, 2300.0000, 0.0000,  0, 0, 0,  2,  http://www.eqmaps.info
P 0.0000, 2500.0000, 0.0000,  0, 0, 0,  2,  Return_of_the_Exiled_(www.roteguild.org)
P 0.0000, 2700.0000, 0.0000,  240, 127, 0,  2,  Arch_Mage_Yozanni
P 0.0000, 2900.0000, 0.0000,  240, 127, 0,  2,  Babnoxis_the_Spider_Queen
P 0.0000, 3100.0000, 0.0000,  240, 127, 0,  2,  Blazzax_the_Omnifiend
P 0.0000, 3300.0000, 0.0000,  240, 127, 0,  2,  Criare_Sunmane
P 0.0000, 3500.0000, 0.0000,  240, 127, 0,  2,  Fennin_Ro_the_Tyrant_of_Fire
P 0.0000, 3700.0000, 0.0000,  240, 127, 0,  2,  General_Druav_Flamesinger
P 0.0000, 3900.0000, 0.0000,  240, 127, 0,  2,  General_Reparm
P 0.0000, 4100.0000, 0.0000,  240, 127, 0,  2,  Jaxoliz_Dawneyes
P 0.0000, 4300.0000, 0.0000,  240, 127, 0,  2,  Magmaton
P 0.0000, 4500.0000, 0.0000,  240, 127, 0,  2,  Pyronis
P 0.0000, 4700.0000, 0.0000,  240, 127, 0,  2,  Quavonis_Firetail
P 0.0000, 4900.0000, 0.0000,  127, 64, 0,  2,  Captain_of_Fire
P 0.0000, 5100.0000, 0.0000,  127, 64, 0,  2,  Charmer_of_Fire
P 0.0000, 5300.0000, 0.0000,  127, 64, 0,  2,  Dark_Obsidian_Lava_Spider
P 0.0000, 5500.0000, 0.0000,  127, 64, 0,  2,  Doomfire_Firecharmer
P 0.0000, 5700.0000, 0.0000,  127, 64, 0,  2,  Doomfire_Magus
P 0.0000, 5900.0000, 0.0000,  127, 64, 0,  2,  Doomfire_Reaver
P 0.0000, 6100.0000, 0.0000,  127, 64, 0,  2,  Doomfire_Vicar
P 0.0000, 6300.0000, 0.0000,  127, 64, 0,  2,  Doomfire_Warlord
P 0.0000, 6500.0000, 0.0000,  127, 64, 0,  2,  Doomfire_Warmaster
P 0.0000, 6700.0000, 0.0000,  127, 64, 0,  2,  Fiery_Spirit_Equine_Overlord
P 0.0000, 6900.0000, 0.0000,  127, 64, 0,  2,  Flame_Overlord
P 0.0000, 7100.0000, 0.0000,  127, 64, 0,  2,  Flame_Wilder
P 0.0000, 7300.0000, 0.0000,  127, 64, 0,  2,  Jopal_Chieftan
P 0.0000, 7500.0000, 0.0000,  127, 64, 0,  2,  Jopal_Crafter
P 0.0000, 7700.0000, 0.0000,  127, 64, 0,  2,  Jopal_Flame_Protector
P 0.0000, 7900.0000, 0.0000,  127, 64, 0,  2,  Jopal_Seer
P 0.0000, 8100.0000, 0.0000,  127, 64, 0,  2,  Jopal_Tracker
P 0.0000, 8300.0000, 0.0000,  127, 64, 0,  2,  Magma_Overlord
P 0.0000, 8500.0000, 0.0000,  127, 64, 0,  2,  Obsidian_Tree_Spider_Queen
P 0.0000, 8700.0000, 0.0000,  127, 64, 0,  2,  Obsidian_War_Spider
P 0.0000, 8900.0000, 0.0000,  127, 64, 0,  2,  Sorcerer_of_Fire
P 0.0000, 9100.0000, 0.0000,  127, 64, 0,  2,  Vicar_of_Fire
P 0.0000, 9300.0000, 0.0000,  127, 64, 0,  2,  Wild_Fiery_Spirit_Steed
