P 2419.2632, 1265.4988, -484.6871,  255, 0, 0,  3,  to_The_Plane_of_Tranquility_(click_Tree)
P 1795.0000, 2059.0000, -473.1874,  255, 0, 0,  2,  Succor
P 282.8073, 1164.1985, -449.4678,  0, 127, 0,  2,  T
P 697.1529, 632.9777, -450.2327,  0, 127, 0,  2,  T
P 1318.6155, 284.2047, -449.4962,  0, 127, 0,  2,  T
P 1845.5990, 309.5526, -449.4766,  0, 127, 0,  2,  T
P 1560.8534, 608.6252, -449.4634,  0, 127, 0,  2,  T
P 1531.7953, 1079.9506, -453.0071,  0, 127, 0,  2,  T
P 1526.8333, 1552.9551, -450.2072,  0, 127, 0,  2,  T
P 800.2662, 1861.5175, -450.1829,  0, 127, 0,  2,  T
P 996.2955, 1396.9435, -450.1671,  0, 127, 0,  2,  T
P 580.1811, 1447.9181, -450.1519,  0, 127, 0,  2,  T
P 60.7128, 1347.9137, -449.4452,  0, 127, 0,  2,  T
P 56.8496, 2136.8157, -447.5388,  0, 127, 0,  2,  T
P -968.4263, 1652.6288, -448.6324,  0, 127, 0,  2,  T
P 1210.3546, 2011.5945, -460.8211,  0, 127, 0,  2,  T
P 854.3296, 1044.1222, -450.1183,  0, 127, 0,  2,  T
P 1217.2799, 1159.3595, -450.1005,  0, 127, 0,  2,  T
P 349.6542, 1827.3906, -449.4005,  0, 127, 0,  2,  T
P 81.7186, 1866.8507, -448.6146,  0, 127, 0,  2,  T
P -326.3305, 1131.7632, -449.4714,  0, 127, 0,  2,  T
P -664.6291, 1350.1509, -452.2479,  0, 127, 0,  2,  T
P -578.9974, 1751.4059, -452.8391,  0, 127, 0,  2,  T
P -1016.6172, 2001.5691, -450.1906,  0, 127, 0,  2,  T
P -1440.5978, 1975.2274, -450.1594,  0, 127, 0,  2,  T
P -1232.1123, 1775.1951, -450.1476,  0, 127, 0,  2,  T
P -1023.3831, -1750.8292, -445.5614,  0, 127, 0,  2,  T
P -1385.8455, -1999.3517, -448.1467,  0, 127, 0,  2,  T
P -941.6511, -1975.6641, -454.7104,  0, 127, 0,  2,  T
P -392.9952, -1955.8445, -450.2046,  0, 127, 0,  2,  T
P 738.9393, -1943.4186, -451.3490,  0, 127, 0,  2,  T
P 1144.8341, -1977.3833, -459.1351,  0, 127, 0,  2,  T
P 1486.7887, -1812.3364, -459.1156,  0, 127, 0,  2,  T
P 1895.1383, -1605.6819, -453.3771,  0, 127, 0,  2,  T
P 1354.6376, -1525.5685, -453.3303,  0, 127, 0,  2,  T
P 1240.5656, -1230.9740, -450.1892,  0, 127, 0,  2,  T
P 1487.0924, -871.3324, -451.3525,  0, 127, 0,  2,  T
P 1443.1243, -559.8990, -453.9018,  0, 127, 0,  2,  T
P 1838.4774, -638.8177, -454.5096,  0, 127, 0,  2,  T
P -126.1474, 1655.1133, -450.1918,  0, 127, 0,  2,  T
P 1968.3496, -1243.3429, -458.3145,  240, 240, 240,  2,  Note:_to_target,_kill_all_giants_in_fort,_and_5_north_of_fort
P -1669.4645, -2166.3047, -448.1280,  0, 0, 0,  2,  Relv_the_Mysterious
P -242.3305, -2050.3877, -450.2003,  0, 0, 0,  2,  Swirling_Monsoon_Elemental
P 2443.1570, 1143.1840, -480.0400,  0, 0, 0,  2,  Wembly_the_Forlorn
P 2578.6360, 1259.0619, -475.8740,  0, 0, 0,  2,  Askr_the_Lost
P 2465.6619, 1066.2468, -477.1550,  0, 0, 0,  2,  Bittrik_the_Unkempt
P -1417.2517, -1280.9762, -383.5380,  0, 0, 0,  2,  Bearuth_the_Stoic
P -404.0283, 1868.1531, -443.5118,  0, 0, 0,  2,  Olidan
P 2624.6614, 1202.1437, -479.5605,  0, 0, 0,  2,  Krelk_the_Drifter
P 2532.0061, 1150.9760, -480.0556,  0, 127, 0,  2,  Grok_(General)
P 46.8873, 178.2812, -573.4039,  240, 127, 0,  2,  Drornok_Tok_Vo`Lok_(Raid)
P 575.8500, -5467.5845, -497.7255,  240, 127, 0,  2,  Falto_Lord_of_Thunder_(Raid)
P -268.9628, 1800.1880, -443.2313,  240, 127, 0,  2,  Faruek_the_Bold_(Raid)
P -2010.0153, -213.6518, -440.7542,  240, 127, 0,  2,  Gurebk,_Lord_of_Krendic_(Raid)
P -352.9336, 2523.1724, -457.7838,  240, 127, 0,  2,  Jeplak,_Lord_of_the_Srerendi_(Raid)
P -349.0284, 3140.8782, -452.3138,  240, 127, 0,  2,  Jeplak,_Lord_of_the_Srendi_(Raid_Phase_II)
P 1937.5768, -1328.0398, -454.2108,  240, 127, 0,  2,  Laruken_the_Rigid_(Raid)
P 1971.0377, -1253.9467, -456.8096,  240, 127, 0,  2,  Neffiken,_Lord_of_Kelek'Vor_(Raid)
P -748.0782, 1948.6093, -439.2035,  240, 127, 0,  2,  Paruek_the_Strong_(Raid)
P -972.9184, 69.3409, -450.2053,  240, 127, 0,  2,  Pendubk_the_Turbulent_(Raid)
P -2112.1199, 158.7040, -450.2122,  240, 127, 0,  2,  Solnebk_the_Unruly_(Raid)
P 199.8439, -664.3110, -377.6227,  240, 127, 0,  2,  Ston'Ruak
P 1966.1476, -1032.9561, -454.2525,  240, 127, 0,  2,  Zertuken_the_Unyielding_(Raid)
P 1969.5028, -1154.2538, -456.3503,  127, 64, 0,  2,  Dolshak_the_Ornery_(Hunter)
