L 1000.0000, 0.0000, 0.0000,  1000.0000, -50.0000, 0.0000,  255, 0, 0
L -20.0000, 50.0000, 0.0000,  -50.0000, 20.0000, 0.0000,  255, 0, 0
L 50.0000, 20.0000, 0.0000,  20.0000, 50.0000, 0.0000,  255, 0, 0
L 20.0000, -50.0000, 0.0000,  50.0000, -20.0000, 0.0000,  255, 0, 0
L -50.0000, -20.0000, 0.0000,  -20.0000, -50.0000, 0.0000,  255, 0, 0
L -50.0000, 20.0000, 0.0000,  -50.0000, -20.0000, 0.0000,  255, 0, 0
L 20.0000, 50.0000, 0.0000,  -20.0000, 50.0000, 0.0000,  255, 0, 0
L 50.0000, -20.0000, 0.0000,  50.0000, 20.0000, 0.0000,  255, 0, 0
L -20.0000, -50.0000, 0.0000,  20.0000, -50.0000, 0.0000,  255, 0, 0
L 580.0000, -20.0000, 0.0000,  540.0000, -20.0000, 0.0000,  255, 0, 0
L 580.0000, -90.0000, 0.0000,  580.0000, -20.0000, 0.0000,  255, 0, 0
L 540.0000, -90.0000, 0.0000,  580.0000, -90.0000, 0.0000,  255, 0, 0
L 540.0000, -20.0000, 0.0000,  540.0000, -90.0000, 0.0000,  255, 0, 0
L 520.0000, -20.0000, 0.0000,  480.0000, -20.0000, 0.0000,  255, 0, 0
L 520.0000, -90.0000, 0.0000,  520.0000, -20.0000, 0.0000,  255, 0, 0
L 480.0000, -90.0000, 0.0000,  520.0000, -90.0000, 0.0000,  255, 0, 0
L 480.0000, -20.0000, 0.0000,  480.0000, -90.0000, 0.0000,  255, 0, 0
L 460.0000, -90.0000, 0.0000,  450.0000, -80.0000, 0.0000,  255, 0, 0
L 460.0000, -20.0000, 0.0000,  460.0000, -90.0000, 0.0000,  255, 0, 0
L 0.0000, -250.0000, 0.0000,  0.0000, 250.0000, 0.0000,  255, 0, 0
L -250.0000, 0.0000, 0.0000,  1000.0000, 0.0000, 0.0000,  255, 0, 0
L -120.0000, -80.0000, 0.0000,  -120.0000, -60.0000, 0.0000,  255, 0, 0
L -120.0000, -60.0000, 0.0000,  -120.0000, -40.0000, 0.0000,  255, 0, 0
L -100.0000, -60.0000, 0.0000,  -120.0000, -60.0000, 0.0000,  255, 0, 0
L -120.0000, -60.0000, 0.0000,  -140.0000, -60.0000, 0.0000,  255, 0, 0
L -90.0000, -50.0000, 0.0000,  -100.0000, -30.0000, 0.0000,  255, 0, 0
L -60.0000, -80.0000, 0.0000,  -60.0000, -60.0000, 0.0000,  255, 0, 0
L -60.0000, -60.0000, 0.0000,  -60.0000, -40.0000, 0.0000,  255, 0, 0
L -40.0000, -60.0000, 0.0000,  -60.0000, -60.0000, 0.0000,  255, 0, 0
L -60.0000, -60.0000, 0.0000,  -80.0000, -60.0000, 0.0000,  255, 0, 0
L 100.0000, 60.0000, 0.0000,  120.0000, 60.0000, 0.0000,  255, 0, 0
L 120.0000, 60.0000, 0.0000,  140.0000, 60.0000, 0.0000,  255, 0, 0
L 90.0000, 70.0000, 0.0000,  80.0000, 90.0000, 0.0000,  255, 0, 0
L 40.0000, 60.0000, 0.0000,  60.0000, 60.0000, 0.0000,  255, 0, 0
L 60.0000, 60.0000, 0.0000,  80.0000, 60.0000, 0.0000,  255, 0, 0
L -100.0000, 60.0000, 0.0000,  -120.0000, 60.0000, 0.0000,  255, 0, 0
L -120.0000, 60.0000, 0.0000,  -140.0000, 60.0000, 0.0000,  255, 0, 0
L -90.0000, 70.0000, 0.0000,  -100.0000, 90.0000, 0.0000,  255, 0, 0
L -60.0000, 80.0000, 0.0000,  -60.0000, 60.0000, 0.0000,  255, 0, 0
L -60.0000, 60.0000, 0.0000,  -60.0000, 40.0000, 0.0000,  255, 0, 0
L -40.0000, 60.0000, 0.0000,  -60.0000, 60.0000, 0.0000,  255, 0, 0
L -60.0000, 60.0000, 0.0000,  -80.0000, 60.0000, 0.0000,  255, 0, 0
L 100.0000, -60.0000, 0.0000,  120.0000, -60.0000, 0.0000,  255, 0, 0
L 120.0000, -60.0000, 0.0000,  140.0000, -60.0000, 0.0000,  255, 0, 0
L 90.0000, -50.0000, 0.0000,  80.0000, -30.0000, 0.0000,  255, 0, 0
L 60.0000, -80.0000, 0.0000,  60.0000, -60.0000, 0.0000,  255, 0, 0
L 60.0000, -60.0000, 0.0000,  60.0000, -40.0000, 0.0000,  255, 0, 0
L 40.0000, -60.0000, 0.0000,  60.0000, -60.0000, 0.0000,  255, 0, 0
L 60.0000, -60.0000, 0.0000,  80.0000, -60.0000, 0.0000,  255, 0, 0
L 599.0000, -90.0000, 0.0000,  637.3000, -90.0000, 0.0000,  255, 0, 0
L 599.0000, -20.0000, 0.0000,  637.3000, -20.0000, 0.0000,  255, 0, 0
L 599.0000, -90.0000, 0.0000,  599.0000, -20.0000, 0.0000,  255, 0, 0
L 637.3000, -90.0000, 0.0000,  637.3000, -20.0000, 0.0000,  255, 0, 0
L 1000.0000, 3800.0000, 0.0000,  1000.0000, 3860.0000, 0.0000,  0, 0, 0
L 1040.0000, 3860.0000, 0.0000,  1000.0000, 3860.0000, 0.0000,  0, 0, 0
L 1060.0000, 3830.0000, 0.0000,  1090.0000, 3830.0000, 0.0000,  0, 0, 0
L 1060.0000, 3860.0000, 0.0000,  1090.0000, 3860.0000, 0.0000,  0, 0, 0
L 1060.0000, 3800.0000, 0.0000,  1060.0000, 3860.0000, 0.0000,  0, 0, 0
L 1090.0000, 3800.0000, 0.0000,  1060.0000, 3800.0000, 0.0000,  0, 0, 0
L 1140.0000, 3860.0000, 0.0000,  1110.0000, 3860.0000, 0.0000,  0, 0, 0
L 1110.0000, 3800.0000, 0.0000,  1140.0000, 3800.0000, 0.0000,  0, 0, 0
L 1110.0000, 3860.0000, 0.0000,  1110.0000, 3800.0000, 0.0000,  0, 0, 0
L 1140.0000, 3860.0000, 0.0000,  1140.0000, 3830.0000, 0.0000,  0, 0, 0
L 1140.0000, 3830.0000, 0.0000,  1120.0000, 3830.0000, 0.0000,  0, 0, 0
L 1160.0000, 3830.0000, 0.0000,  1190.0000, 3830.0000, 0.0000,  0, 0, 0
L 1160.0000, 3860.0000, 0.0000,  1190.0000, 3860.0000, 0.0000,  0, 0, 0
L 1160.0000, 3800.0000, 0.0000,  1160.0000, 3860.0000, 0.0000,  0, 0, 0
L 1190.0000, 3800.0000, 0.0000,  1160.0000, 3800.0000, 0.0000,  0, 0, 0
L 1240.0000, 3860.0000, 0.0000,  1240.0000, 3800.0000, 0.0000,  0, 0, 0
L 1210.0000, 3800.0000, 0.0000,  1240.0000, 3860.0000, 0.0000,  0, 0, 0
L 1210.0000, 3860.0000, 0.0000,  1210.0000, 3800.0000, 0.0000,  0, 0, 0
L 1270.0000, 3860.0000, 0.0000,  1270.0000, 3800.0000, 0.0000,  0, 0, 0
L 1280.0000, 3860.0000, 0.0000,  1260.0000, 3860.0000, 0.0000,  0, 0, 0
L 1290.0000, 3830.0000, 0.0000,  1280.0000, 3860.0000, 0.0000,  0, 0, 0
L 1280.0000, 3800.0000, 0.0000,  1290.0000, 3830.0000, 0.0000,  0, 0, 0
L 1260.0000, 3800.0000, 0.0000,  1280.0000, 3800.0000, 0.0000,  0, 0, 0
L 1000.0000, 3970.0000, 0.0000,  1060.0000, 3970.0000, 0.0000,  0, 0, 0
L 1000.0000, 3890.0000, 0.0000,  1060.0000, 3890.0000, 0.0000,  0, 0, 0
L 1030.0000, 3943.0000, 0.0000,  1030.0000, 3917.0000, 0.0000,  205, 133, 63
L 1060.0000, 3970.0000, 0.0000,  1120.0000, 3970.0000, 0.0000,  0, 0, 0
L 1060.0000, 3970.0000, 0.0000,  1060.0000, 3943.0000, 0.0000,  205, 133, 63
L 1030.0000, 3943.0000, 0.0000,  1090.0000, 3943.0000, 0.0000,  205, 133, 63
L 1030.0000, 3917.0000, 0.0000,  1060.0000, 3917.0000, 0.0000,  205, 133, 63
L 1060.0000, 3917.0000, 0.0000,  1090.0000, 3917.0000, 0.0000,  205, 133, 63
L 1060.0000, 3890.0000, 0.0000,  1120.0000, 3890.0000, 0.0000,  0, 0, 0
L 1060.0000, 3917.0000, 0.0000,  1060.0000, 3890.0000, 0.0000,  205, 133, 63
L 1090.0000, 3943.0000, 0.0000,  1090.0000, 3917.0000, 0.0000,  205, 133, 63
L 1170.0000, 3960.0000, 0.0000,  1170.0000, 3900.0000, 0.0000,  0, 0, 0
L 1180.0000, 3960.0000, 0.0000,  1160.0000, 3960.0000, 0.0000,  0, 0, 0
L 1190.0000, 3930.0000, 0.0000,  1180.0000, 3960.0000, 0.0000,  0, 0, 0
L 1180.0000, 3900.0000, 0.0000,  1190.0000, 3930.0000, 0.0000,  0, 0, 0
L 1160.0000, 3900.0000, 0.0000,  1180.0000, 3900.0000, 0.0000,  0, 0, 0
L 1210.0000, 3900.0000, 0.0000,  1240.0000, 3900.0000, 0.0000,  0, 0, 0
L 1210.0000, 3960.0000, 0.0000,  1240.0000, 3960.0000, 0.0000,  0, 0, 0
L 1210.0000, 3900.0000, 0.0000,  1210.0000, 3960.0000, 0.0000,  0, 0, 0
L 1240.0000, 3900.0000, 0.0000,  1240.0000, 3960.0000, 0.0000,  0, 0, 0
L 1260.0000, 3900.0000, 0.0000,  1290.0000, 3900.0000, 0.0000,  0, 0, 0
L 1260.0000, 3960.0000, 0.0000,  1290.0000, 3960.0000, 0.0000,  0, 0, 0
L 1260.0000, 3900.0000, 0.0000,  1260.0000, 3960.0000, 0.0000,  0, 0, 0
L 1290.0000, 3900.0000, 0.0000,  1290.0000, 3960.0000, 0.0000,  0, 0, 0
L 1310.0000, 3900.0000, 0.0000,  1310.0000, 3930.0000, 0.0000,  0, 0, 0
L 1310.0000, 3930.0000, 0.0000,  1310.0000, 3960.0000, 0.0000,  0, 0, 0
L 1310.0000, 3930.0000, 0.0000,  1330.0000, 3930.0000, 0.0000,  0, 0, 0
L 1350.0000, 3930.0000, 0.0000,  1350.0000, 3900.0000, 0.0000,  0, 0, 0
L 1310.0000, 3900.0000, 0.0000,  1350.0000, 3900.0000, 0.0000,  0, 0, 0
L 1330.0000, 3930.0000, 0.0000,  1350.0000, 3930.0000, 0.0000,  0, 0, 0
L 1350.0000, 3960.0000, 0.0000,  1330.0000, 3930.0000, 0.0000,  0, 0, 0
L 1000.0000, 4010.0000, 0.0000,  1000.0000, 4040.0000, 0.0000,  255, 210, 0
L 1000.0000, 4010.0000, 0.0000,  1020.0000, 4010.0000, 0.0000,  255, 210, 0
L 1020.0000, 4070.0000, 0.0000,  1000.0000, 4070.0000, 0.0000,  255, 210, 0
L 1000.0000, 4040.0000, 0.0000,  1000.0000, 4070.0000, 0.0000,  255, 210, 0
L 1020.0000, 4040.0000, 0.0000,  1000.0000, 4040.0000, 0.0000,  255, 210, 0
L 1020.0000, 4040.0000, 0.0000,  1040.0000, 4025.0000, 0.0000,  255, 210, 0
L 1020.0000, 4010.0000, 0.0000,  1040.0000, 4025.0000, 0.0000,  255, 210, 0
L 1020.0000, 4040.0000, 0.0000,  1040.0000, 4055.0000, 0.0000,  255, 210, 0
L 1040.0000, 4055.0000, 0.0000,  1020.0000, 4070.0000, 0.0000,  255, 210, 0
L 1070.0000, 4040.0000, 0.0000,  1090.0000, 4040.0000, 0.0000,  255, 210, 0
L 1080.0000, 4010.0000, 0.0000,  1100.0000, 4070.0000, 0.0000,  255, 210, 0
L 1060.0000, 4070.0000, 0.0000,  1080.0000, 4010.0000, 0.0000,  255, 210, 0
L 1150.0000, 4070.0000, 0.0000,  1150.0000, 4010.0000, 0.0000,  255, 210, 0
L 1120.0000, 4010.0000, 0.0000,  1150.0000, 4070.0000, 0.0000,  255, 210, 0
L 1120.0000, 4070.0000, 0.0000,  1120.0000, 4010.0000, 0.0000,  255, 210, 0
L 1170.0000, 4010.0000, 0.0000,  1170.0000, 4040.0000, 0.0000,  255, 210, 0
L 1170.0000, 4040.0000, 0.0000,  1170.0000, 4070.0000, 0.0000,  255, 210, 0
L 1170.0000, 4040.0000, 0.0000,  1210.0000, 4070.0000, 0.0000,  255, 210, 0
L 1170.0000, 4040.0000, 0.0000,  1210.0000, 4010.0000, 0.0000,  255, 210, 0
L 1230.0000, 4040.0000, 0.0000,  1260.0000, 4040.0000, 0.0000,  255, 210, 0
L 1230.0000, 4070.0000, 0.0000,  1260.0000, 4070.0000, 0.0000,  255, 210, 0
L 1230.0000, 4010.0000, 0.0000,  1230.0000, 4070.0000, 0.0000,  255, 210, 0
L 1260.0000, 4010.0000, 0.0000,  1230.0000, 4010.0000, 0.0000,  255, 210, 0
L 1280.0000, 4010.0000, 0.0000,  1280.0000, 4040.0000, 0.0000,  255, 210, 0
L 1280.0000, 4040.0000, 0.0000,  1280.0000, 4070.0000, 0.0000,  255, 210, 0
L 1280.0000, 4040.0000, 0.0000,  1300.0000, 4040.0000, 0.0000,  255, 210, 0
L 1320.0000, 4040.0000, 0.0000,  1320.0000, 4010.0000, 0.0000,  255, 210, 0
L 1280.0000, 4010.0000, 0.0000,  1320.0000, 4010.0000, 0.0000,  255, 210, 0
L 1300.0000, 4040.0000, 0.0000,  1320.0000, 4040.0000, 0.0000,  255, 210, 0
L 1320.0000, 4070.0000, 0.0000,  1300.0000, 4040.0000, 0.0000,  255, 210, 0
L 1030.0000, 4160.0000, 0.0000,  1000.0000, 4160.0000, 0.0000,  255, 255, 255
L 1000.0000, 4100.0000, 0.0000,  1030.0000, 4100.0000, 0.0000,  255, 255, 255
L 1000.0000, 4160.0000, 0.0000,  1000.0000, 4100.0000, 0.0000,  255, 255, 255
L 1050.0000, 4100.0000, 0.0000,  1080.0000, 4100.0000, 0.0000,  255, 255, 255
L 1050.0000, 4160.0000, 0.0000,  1080.0000, 4160.0000, 0.0000,  255, 255, 255
L 1050.0000, 4100.0000, 0.0000,  1050.0000, 4160.0000, 0.0000,  255, 255, 255
L 1080.0000, 4100.0000, 0.0000,  1080.0000, 4160.0000, 0.0000,  255, 255, 255
L 1140.0000, 4100.0000, 0.0000,  1140.0000, 4160.0000, 0.0000,  255, 255, 255
L 1120.0000, 4130.0000, 0.0000,  1140.0000, 4100.0000, 0.0000,  255, 255, 255
L 1100.0000, 4100.0000, 0.0000,  1120.0000, 4130.0000, 0.0000,  255, 255, 255
L 1100.0000, 4160.0000, 0.0000,  1100.0000, 4100.0000, 0.0000,  255, 255, 255
L 1200.0000, 4100.0000, 0.0000,  1200.0000, 4160.0000, 0.0000,  255, 255, 255
L 1180.0000, 4130.0000, 0.0000,  1200.0000, 4100.0000, 0.0000,  255, 255, 255
L 1160.0000, 4100.0000, 0.0000,  1180.0000, 4130.0000, 0.0000,  255, 255, 255
L 1160.0000, 4160.0000, 0.0000,  1160.0000, 4100.0000, 0.0000,  255, 255, 255
L 1220.0000, 4130.0000, 0.0000,  1250.0000, 4130.0000, 0.0000,  255, 255, 255
L 1220.0000, 4160.0000, 0.0000,  1250.0000, 4160.0000, 0.0000,  255, 255, 255
L 1220.0000, 4100.0000, 0.0000,  1220.0000, 4160.0000, 0.0000,  255, 255, 255
L 1250.0000, 4100.0000, 0.0000,  1220.0000, 4100.0000, 0.0000,  255, 255, 255
L 1300.0000, 4160.0000, 0.0000,  1300.0000, 4100.0000, 0.0000,  255, 255, 255
L 1270.0000, 4100.0000, 0.0000,  1300.0000, 4160.0000, 0.0000,  255, 255, 255
L 1270.0000, 4160.0000, 0.0000,  1270.0000, 4100.0000, 0.0000,  255, 255, 255
L 1340.0000, 4100.0000, 0.0000,  1340.0000, 4160.0000, 0.0000,  255, 255, 255
L 1320.0000, 4100.0000, 0.0000,  1360.0000, 4100.0000, 0.0000,  255, 255, 255
L 1030.0000, 4250.0000, 0.0000,  1000.0000, 4250.0000, 0.0000,  0, 0, 0
L 1000.0000, 4190.0000, 0.0000,  1030.0000, 4190.0000, 0.0000,  0, 0, 0
L 1000.0000, 4250.0000, 0.0000,  1000.0000, 4190.0000, 0.0000,  0, 0, 0
L 1030.0000, 4250.0000, 0.0000,  1030.0000, 4220.0000, 0.0000,  0, 0, 0
L 1030.0000, 4220.0000, 0.0000,  1010.0000, 4220.0000, 0.0000,  0, 0, 0
L 1050.0000, 4220.0000, 0.0000,  1080.0000, 4220.0000, 0.0000,  0, 0, 0
L 1050.0000, 4250.0000, 0.0000,  1080.0000, 4250.0000, 0.0000,  0, 0, 0
L 1050.0000, 4190.0000, 0.0000,  1050.0000, 4250.0000, 0.0000,  0, 0, 0
L 1080.0000, 4190.0000, 0.0000,  1050.0000, 4190.0000, 0.0000,  0, 0, 0
L 1130.0000, 4250.0000, 0.0000,  1130.0000, 4190.0000, 0.0000,  0, 0, 0
L 1100.0000, 4190.0000, 0.0000,  1130.0000, 4250.0000, 0.0000,  0, 0, 0
L 1100.0000, 4250.0000, 0.0000,  1100.0000, 4190.0000, 0.0000,  0, 0, 0
L 1150.0000, 4220.0000, 0.0000,  1180.0000, 4220.0000, 0.0000,  0, 0, 0
L 1150.0000, 4250.0000, 0.0000,  1180.0000, 4250.0000, 0.0000,  0, 0, 0
L 1150.0000, 4190.0000, 0.0000,  1150.0000, 4250.0000, 0.0000,  0, 0, 0
L 1180.0000, 4190.0000, 0.0000,  1150.0000, 4190.0000, 0.0000,  0, 0, 0
L 1200.0000, 4190.0000, 0.0000,  1200.0000, 4220.0000, 0.0000,  0, 0, 0
L 1200.0000, 4220.0000, 0.0000,  1200.0000, 4250.0000, 0.0000,  0, 0, 0
L 1200.0000, 4220.0000, 0.0000,  1220.0000, 4220.0000, 0.0000,  0, 0, 0
L 1240.0000, 4220.0000, 0.0000,  1240.0000, 4190.0000, 0.0000,  0, 0, 0
L 1200.0000, 4190.0000, 0.0000,  1240.0000, 4190.0000, 0.0000,  0, 0, 0
L 1220.0000, 4220.0000, 0.0000,  1240.0000, 4220.0000, 0.0000,  0, 0, 0
L 1240.0000, 4250.0000, 0.0000,  1220.0000, 4220.0000, 0.0000,  0, 0, 0
L 1270.0000, 4220.0000, 0.0000,  1290.0000, 4220.0000, 0.0000,  0, 0, 0
L 1280.0000, 4190.0000, 0.0000,  1300.0000, 4250.0000, 0.0000,  0, 0, 0
L 1260.0000, 4250.0000, 0.0000,  1280.0000, 4190.0000, 0.0000,  0, 0, 0
L 1320.0000, 4190.0000, 0.0000,  1320.0000, 4250.0000, 0.0000,  0, 0, 0
L 1360.0000, 4250.0000, 0.0000,  1320.0000, 4250.0000, 0.0000,  0, 0, 0
L 1030.0000, 4340.0000, 0.0000,  1000.0000, 4340.0000, 0.0000,  0, 0, 255
L 1000.0000, 4280.0000, 0.0000,  1030.0000, 4280.0000, 0.0000,  0, 0, 255
L 1000.0000, 4340.0000, 0.0000,  1000.0000, 4280.0000, 0.0000,  0, 0, 255
L 1030.0000, 4340.0000, 0.0000,  1030.0000, 4310.0000, 0.0000,  0, 0, 255
L 1030.0000, 4310.0000, 0.0000,  1010.0000, 4310.0000, 0.0000,  0, 0, 255
L 1050.0000, 4280.0000, 0.0000,  1050.0000, 4310.0000, 0.0000,  0, 0, 255
L 1050.0000, 4310.0000, 0.0000,  1050.0000, 4340.0000, 0.0000,  0, 0, 255
L 1050.0000, 4310.0000, 0.0000,  1070.0000, 4310.0000, 0.0000,  0, 0, 255
L 1090.0000, 4310.0000, 0.0000,  1090.0000, 4280.0000, 0.0000,  0, 0, 255
L 1050.0000, 4280.0000, 0.0000,  1090.0000, 4280.0000, 0.0000,  0, 0, 255
L 1070.0000, 4310.0000, 0.0000,  1090.0000, 4310.0000, 0.0000,  0, 0, 255
L 1090.0000, 4340.0000, 0.0000,  1070.0000, 4310.0000, 0.0000,  0, 0, 255
L 1110.0000, 4280.0000, 0.0000,  1140.0000, 4280.0000, 0.0000,  0, 0, 255
L 1110.0000, 4340.0000, 0.0000,  1140.0000, 4340.0000, 0.0000,  0, 0, 255
L 1110.0000, 4280.0000, 0.0000,  1110.0000, 4340.0000, 0.0000,  0, 0, 255
L 1140.0000, 4280.0000, 0.0000,  1140.0000, 4340.0000, 0.0000,  0, 0, 255
L 1200.0000, 4280.0000, 0.0000,  1200.0000, 4340.0000, 0.0000,  0, 0, 255
L 1160.0000, 4280.0000, 0.0000,  1160.0000, 4340.0000, 0.0000,  0, 0, 255
L 1160.0000, 4340.0000, 0.0000,  1200.0000, 4340.0000, 0.0000,  0, 0, 255
L 1250.0000, 4340.0000, 0.0000,  1250.0000, 4280.0000, 0.0000,  0, 0, 255
L 1220.0000, 4280.0000, 0.0000,  1250.0000, 4340.0000, 0.0000,  0, 0, 255
L 1220.0000, 4340.0000, 0.0000,  1220.0000, 4280.0000, 0.0000,  0, 0, 255
L 1280.0000, 4340.0000, 0.0000,  1280.0000, 4280.0000, 0.0000,  0, 0, 255
L 1290.0000, 4340.0000, 0.0000,  1270.0000, 4340.0000, 0.0000,  0, 0, 255
L 1300.0000, 4310.0000, 0.0000,  1290.0000, 4340.0000, 0.0000,  0, 0, 255
L 1290.0000, 4280.0000, 0.0000,  1300.0000, 4310.0000, 0.0000,  0, 0, 255
L 1270.0000, 4280.0000, 0.0000,  1290.0000, 4280.0000, 0.0000,  0, 0, 255
L 1380.0000, 4280.0000, 0.0000,  1380.0000, 4310.0000, 0.0000,  0, 0, 255
L 1380.0000, 4340.0000, 0.0000,  1420.0000, 4340.0000, 0.0000,  0, 0, 255
L 1420.0000, 4310.0000, 0.0000,  1380.0000, 4310.0000, 0.0000,  0, 0, 255
L 1380.0000, 4280.0000, 0.0000,  1420.0000, 4280.0000, 0.0000,  0, 0, 255
L 1420.0000, 4310.0000, 0.0000,  1420.0000, 4340.0000, 0.0000,  0, 0, 255
L 1470.0000, 4310.0000, 0.0000,  1440.0000, 4310.0000, 0.0000,  0, 0, 255
L 1470.0000, 4280.0000, 0.0000,  1470.0000, 4310.0000, 0.0000,  0, 0, 255
L 1440.0000, 4280.0000, 0.0000,  1470.0000, 4280.0000, 0.0000,  0, 0, 255
L 1440.0000, 4340.0000, 0.0000,  1440.0000, 4280.0000, 0.0000,  0, 0, 255
L 1500.0000, 4310.0000, 0.0000,  1520.0000, 4310.0000, 0.0000,  0, 0, 255
L 1510.0000, 4280.0000, 0.0000,  1530.0000, 4340.0000, 0.0000,  0, 0, 255
L 1490.0000, 4340.0000, 0.0000,  1510.0000, 4280.0000, 0.0000,  0, 0, 255
L 1580.0000, 4340.0000, 0.0000,  1590.0000, 4280.0000, 0.0000,  0, 0, 255
L 1570.0000, 4310.0000, 0.0000,  1580.0000, 4340.0000, 0.0000,  0, 0, 255
L 1560.0000, 4340.0000, 0.0000,  1570.0000, 4310.0000, 0.0000,  0, 0, 255
L 1550.0000, 4280.0000, 0.0000,  1560.0000, 4340.0000, 0.0000,  0, 0, 255
L 1640.0000, 4340.0000, 0.0000,  1640.0000, 4280.0000, 0.0000,  0, 0, 255
L 1610.0000, 4280.0000, 0.0000,  1640.0000, 4340.0000, 0.0000,  0, 0, 255
L 1610.0000, 4340.0000, 0.0000,  1610.0000, 4280.0000, 0.0000,  0, 0, 255
L 1030.0000, 4430.0000, 0.0000,  1000.0000, 4430.0000, 0.0000,  128, 128, 128
L 1000.0000, 4370.0000, 0.0000,  1030.0000, 4370.0000, 0.0000,  128, 128, 128
L 1000.0000, 4430.0000, 0.0000,  1000.0000, 4370.0000, 0.0000,  128, 128, 128
L 1030.0000, 4430.0000, 0.0000,  1030.0000, 4400.0000, 0.0000,  128, 128, 128
L 1030.0000, 4400.0000, 0.0000,  1010.0000, 4400.0000, 0.0000,  128, 128, 128
L 1090.0000, 4370.0000, 0.0000,  1090.0000, 4430.0000, 0.0000,  128, 128, 128
L 1050.0000, 4370.0000, 0.0000,  1050.0000, 4430.0000, 0.0000,  128, 128, 128
L 1050.0000, 4430.0000, 0.0000,  1090.0000, 4430.0000, 0.0000,  128, 128, 128
L 1110.0000, 4370.0000, 0.0000,  1110.0000, 4430.0000, 0.0000,  128, 128, 128
L 1130.0000, 4370.0000, 0.0000,  1130.0000, 4430.0000, 0.0000,  128, 128, 128
L 1170.0000, 4430.0000, 0.0000,  1130.0000, 4430.0000, 0.0000,  128, 128, 128
L 1200.0000, 4430.0000, 0.0000,  1200.0000, 4370.0000, 0.0000,  128, 128, 128
L 1210.0000, 4430.0000, 0.0000,  1190.0000, 4430.0000, 0.0000,  128, 128, 128
L 1220.0000, 4400.0000, 0.0000,  1210.0000, 4430.0000, 0.0000,  128, 128, 128
L 1210.0000, 4370.0000, 0.0000,  1220.0000, 4400.0000, 0.0000,  128, 128, 128
L 1190.0000, 4370.0000, 0.0000,  1210.0000, 4370.0000, 0.0000,  128, 128, 128
L 1340.0000, 4370.0000, 0.0000,  1340.0000, 4430.0000, 0.0000,  128, 128, 128
L 1320.0000, 4400.0000, 0.0000,  1340.0000, 4370.0000, 0.0000,  128, 128, 128
L 1300.0000, 4370.0000, 0.0000,  1320.0000, 4400.0000, 0.0000,  128, 128, 128
L 1300.0000, 4430.0000, 0.0000,  1300.0000, 4370.0000, 0.0000,  128, 128, 128
L 1370.0000, 4400.0000, 0.0000,  1390.0000, 4400.0000, 0.0000,  128, 128, 128
L 1380.0000, 4370.0000, 0.0000,  1400.0000, 4430.0000, 0.0000,  128, 128, 128
L 1360.0000, 4430.0000, 0.0000,  1380.0000, 4370.0000, 0.0000,  128, 128, 128
L 1420.0000, 4370.0000, 0.0000,  1420.0000, 4400.0000, 0.0000,  128, 128, 128
L 1420.0000, 4430.0000, 0.0000,  1460.0000, 4430.0000, 0.0000,  128, 128, 128
L 1460.0000, 4400.0000, 0.0000,  1420.0000, 4400.0000, 0.0000,  128, 128, 128
L 1420.0000, 4370.0000, 0.0000,  1460.0000, 4370.0000, 0.0000,  128, 128, 128
L 1460.0000, 4400.0000, 0.0000,  1460.0000, 4430.0000, 0.0000,  128, 128, 128
L 1500.0000, 4370.0000, 0.0000,  1500.0000, 4430.0000, 0.0000,  128, 128, 128
L 1480.0000, 4370.0000, 0.0000,  1520.0000, 4370.0000, 0.0000,  128, 128, 128
L 1540.0000, 4400.0000, 0.0000,  1570.0000, 4400.0000, 0.0000,  128, 128, 128
L 1540.0000, 4430.0000, 0.0000,  1570.0000, 4430.0000, 0.0000,  128, 128, 128
L 1540.0000, 4370.0000, 0.0000,  1540.0000, 4430.0000, 0.0000,  128, 128, 128
L 1570.0000, 4370.0000, 0.0000,  1540.0000, 4370.0000, 0.0000,  128, 128, 128
L 1590.0000, 4370.0000, 0.0000,  1590.0000, 4400.0000, 0.0000,  128, 128, 128
L 1590.0000, 4400.0000, 0.0000,  1590.0000, 4430.0000, 0.0000,  128, 128, 128
L 1590.0000, 4400.0000, 0.0000,  1610.0000, 4400.0000, 0.0000,  128, 128, 128
L 1630.0000, 4400.0000, 0.0000,  1630.0000, 4370.0000, 0.0000,  128, 128, 128
L 1590.0000, 4370.0000, 0.0000,  1630.0000, 4370.0000, 0.0000,  128, 128, 128
L 1610.0000, 4400.0000, 0.0000,  1630.0000, 4400.0000, 0.0000,  128, 128, 128
L 1630.0000, 4430.0000, 0.0000,  1610.0000, 4400.0000, 0.0000,  128, 128, 128
L 1000.0000, 4460.0000, 0.0000,  1000.0000, 4490.0000, 0.0000,  127, 64, 0
L 1040.0000, 4520.0000, 0.0000,  1040.0000, 4490.0000, 0.0000,  127, 64, 0
L 1000.0000, 4490.0000, 0.0000,  1000.0000, 4520.0000, 0.0000,  127, 64, 0
L 1040.0000, 4490.0000, 0.0000,  1040.0000, 4460.0000, 0.0000,  127, 64, 0
L 1000.0000, 4490.0000, 0.0000,  1040.0000, 4490.0000, 0.0000,  127, 64, 0
L 1100.0000, 4460.0000, 0.0000,  1100.0000, 4520.0000, 0.0000,  127, 64, 0
L 1060.0000, 4460.0000, 0.0000,  1060.0000, 4520.0000, 0.0000,  127, 64, 0
L 1060.0000, 4520.0000, 0.0000,  1100.0000, 4520.0000, 0.0000,  127, 64, 0
L 1150.0000, 4520.0000, 0.0000,  1150.0000, 4460.0000, 0.0000,  127, 64, 0
L 1120.0000, 4460.0000, 0.0000,  1150.0000, 4520.0000, 0.0000,  127, 64, 0
L 1120.0000, 4520.0000, 0.0000,  1120.0000, 4460.0000, 0.0000,  127, 64, 0
L 1190.0000, 4460.0000, 0.0000,  1190.0000, 4520.0000, 0.0000,  127, 64, 0
L 1170.0000, 4460.0000, 0.0000,  1210.0000, 4460.0000, 0.0000,  127, 64, 0
L 1230.0000, 4490.0000, 0.0000,  1260.0000, 4490.0000, 0.0000,  127, 64, 0
L 1230.0000, 4520.0000, 0.0000,  1260.0000, 4520.0000, 0.0000,  127, 64, 0
L 1230.0000, 4460.0000, 0.0000,  1230.0000, 4520.0000, 0.0000,  127, 64, 0
L 1260.0000, 4460.0000, 0.0000,  1230.0000, 4460.0000, 0.0000,  127, 64, 0
L 1280.0000, 4460.0000, 0.0000,  1280.0000, 4490.0000, 0.0000,  127, 64, 0
L 1280.0000, 4490.0000, 0.0000,  1280.0000, 4520.0000, 0.0000,  127, 64, 0
L 1280.0000, 4490.0000, 0.0000,  1300.0000, 4490.0000, 0.0000,  127, 64, 0
L 1320.0000, 4490.0000, 0.0000,  1320.0000, 4460.0000, 0.0000,  127, 64, 0
L 1280.0000, 4460.0000, 0.0000,  1320.0000, 4460.0000, 0.0000,  127, 64, 0
L 1300.0000, 4490.0000, 0.0000,  1320.0000, 4490.0000, 0.0000,  127, 64, 0
L 1320.0000, 4520.0000, 0.0000,  1300.0000, 4490.0000, 0.0000,  127, 64, 0
L 1040.0000, 4550.0000, 0.0000,  1040.0000, 4610.0000, 0.0000,  0, 127, 0
L 1020.0000, 4580.0000, 0.0000,  1040.0000, 4550.0000, 0.0000,  0, 127, 0
L 1000.0000, 4550.0000, 0.0000,  1020.0000, 4580.0000, 0.0000,  0, 127, 0
L 1000.0000, 4610.0000, 0.0000,  1000.0000, 4550.0000, 0.0000,  0, 127, 0
L 1060.0000, 4580.0000, 0.0000,  1090.0000, 4580.0000, 0.0000,  0, 127, 0
L 1060.0000, 4610.0000, 0.0000,  1090.0000, 4610.0000, 0.0000,  0, 127, 0
L 1060.0000, 4550.0000, 0.0000,  1060.0000, 4610.0000, 0.0000,  0, 127, 0
L 1090.0000, 4550.0000, 0.0000,  1060.0000, 4550.0000, 0.0000,  0, 127, 0
L 1110.0000, 4550.0000, 0.0000,  1110.0000, 4580.0000, 0.0000,  0, 127, 0
L 1110.0000, 4580.0000, 0.0000,  1110.0000, 4610.0000, 0.0000,  0, 127, 0
L 1110.0000, 4580.0000, 0.0000,  1130.0000, 4580.0000, 0.0000,  0, 127, 0
L 1150.0000, 4580.0000, 0.0000,  1150.0000, 4550.0000, 0.0000,  0, 127, 0
L 1110.0000, 4550.0000, 0.0000,  1150.0000, 4550.0000, 0.0000,  0, 127, 0
L 1130.0000, 4580.0000, 0.0000,  1150.0000, 4580.0000, 0.0000,  0, 127, 0
L 1150.0000, 4610.0000, 0.0000,  1130.0000, 4580.0000, 0.0000,  0, 127, 0
L 1200.0000, 4610.0000, 0.0000,  1170.0000, 4610.0000, 0.0000,  0, 127, 0
L 1170.0000, 4550.0000, 0.0000,  1200.0000, 4550.0000, 0.0000,  0, 127, 0
L 1170.0000, 4610.0000, 0.0000,  1170.0000, 4550.0000, 0.0000,  0, 127, 0
L 1220.0000, 4550.0000, 0.0000,  1220.0000, 4580.0000, 0.0000,  0, 127, 0
L 1260.0000, 4610.0000, 0.0000,  1260.0000, 4580.0000, 0.0000,  0, 127, 0
L 1220.0000, 4580.0000, 0.0000,  1220.0000, 4610.0000, 0.0000,  0, 127, 0
L 1260.0000, 4580.0000, 0.0000,  1260.0000, 4550.0000, 0.0000,  0, 127, 0
L 1220.0000, 4580.0000, 0.0000,  1260.0000, 4580.0000, 0.0000,  0, 127, 0
L 1290.0000, 4580.0000, 0.0000,  1310.0000, 4580.0000, 0.0000,  0, 127, 0
L 1300.0000, 4550.0000, 0.0000,  1320.0000, 4610.0000, 0.0000,  0, 127, 0
L 1280.0000, 4610.0000, 0.0000,  1300.0000, 4550.0000, 0.0000,  0, 127, 0
L 1370.0000, 4610.0000, 0.0000,  1370.0000, 4550.0000, 0.0000,  0, 127, 0
L 1340.0000, 4550.0000, 0.0000,  1370.0000, 4610.0000, 0.0000,  0, 127, 0
L 1340.0000, 4610.0000, 0.0000,  1340.0000, 4550.0000, 0.0000,  0, 127, 0
L 1410.0000, 4550.0000, 0.0000,  1410.0000, 4610.0000, 0.0000,  0, 127, 0
L 1390.0000, 4550.0000, 0.0000,  1430.0000, 4550.0000, 0.0000,  0, 127, 0
L 1040.0000, 4640.0000, 0.0000,  1040.0000, 4700.0000, 0.0000,  0, 127, 127
L 1020.0000, 4670.0000, 0.0000,  1040.0000, 4640.0000, 0.0000,  0, 127, 127
L 1000.0000, 4640.0000, 0.0000,  1020.0000, 4670.0000, 0.0000,  0, 127, 127
L 1000.0000, 4700.0000, 0.0000,  1000.0000, 4640.0000, 0.0000,  0, 127, 127
L 1060.0000, 4640.0000, 0.0000,  1060.0000, 4700.0000, 0.0000,  0, 127, 127
L 1080.0000, 4640.0000, 0.0000,  1080.0000, 4670.0000, 0.0000,  0, 127, 127
L 1080.0000, 4700.0000, 0.0000,  1120.0000, 4700.0000, 0.0000,  0, 127, 127
L 1120.0000, 4670.0000, 0.0000,  1080.0000, 4670.0000, 0.0000,  0, 127, 127
L 1080.0000, 4640.0000, 0.0000,  1120.0000, 4640.0000, 0.0000,  0, 127, 127
L 1120.0000, 4670.0000, 0.0000,  1120.0000, 4700.0000, 0.0000,  0, 127, 127
L 1140.0000, 4640.0000, 0.0000,  1140.0000, 4670.0000, 0.0000,  0, 127, 127
L 1140.0000, 4700.0000, 0.0000,  1180.0000, 4700.0000, 0.0000,  0, 127, 127
L 1180.0000, 4670.0000, 0.0000,  1140.0000, 4670.0000, 0.0000,  0, 127, 127
L 1140.0000, 4640.0000, 0.0000,  1180.0000, 4640.0000, 0.0000,  0, 127, 127
L 1180.0000, 4670.0000, 0.0000,  1180.0000, 4700.0000, 0.0000,  0, 127, 127
L 1200.0000, 4640.0000, 0.0000,  1200.0000, 4700.0000, 0.0000,  0, 127, 127
L 1220.0000, 4640.0000, 0.0000,  1250.0000, 4640.0000, 0.0000,  0, 127, 127
L 1220.0000, 4700.0000, 0.0000,  1250.0000, 4700.0000, 0.0000,  0, 127, 127
L 1220.0000, 4640.0000, 0.0000,  1220.0000, 4700.0000, 0.0000,  0, 127, 127
L 1250.0000, 4640.0000, 0.0000,  1250.0000, 4700.0000, 0.0000,  0, 127, 127
L 1300.0000, 4700.0000, 0.0000,  1300.0000, 4640.0000, 0.0000,  0, 127, 127
L 1270.0000, 4640.0000, 0.0000,  1300.0000, 4700.0000, 0.0000,  0, 127, 127
L 1270.0000, 4700.0000, 0.0000,  1270.0000, 4640.0000, 0.0000,  0, 127, 127
L 1030.0000, 4790.0000, 0.0000,  1030.0000, 4730.0000, 0.0000,  127, 64, 0
L 1000.0000, 4730.0000, 0.0000,  1030.0000, 4790.0000, 0.0000,  127, 64, 0
L 1000.0000, 4790.0000, 0.0000,  1000.0000, 4730.0000, 0.0000,  127, 64, 0
L 1060.0000, 4760.0000, 0.0000,  1080.0000, 4760.0000, 0.0000,  127, 64, 0
L 1070.0000, 4730.0000, 0.0000,  1090.0000, 4790.0000, 0.0000,  127, 64, 0
L 1050.0000, 4790.0000, 0.0000,  1070.0000, 4730.0000, 0.0000,  127, 64, 0
L 1150.0000, 4730.0000, 0.0000,  1150.0000, 4790.0000, 0.0000,  127, 64, 0
L 1130.0000, 4760.0000, 0.0000,  1150.0000, 4730.0000, 0.0000,  127, 64, 0
L 1110.0000, 4730.0000, 0.0000,  1130.0000, 4760.0000, 0.0000,  127, 64, 0
L 1110.0000, 4790.0000, 0.0000,  1110.0000, 4730.0000, 0.0000,  127, 64, 0
L 1170.0000, 4760.0000, 0.0000,  1200.0000, 4760.0000, 0.0000,  127, 64, 0
L 1170.0000, 4790.0000, 0.0000,  1200.0000, 4790.0000, 0.0000,  127, 64, 0
L 1170.0000, 4730.0000, 0.0000,  1170.0000, 4790.0000, 0.0000,  127, 64, 0
L 1200.0000, 4730.0000, 0.0000,  1170.0000, 4730.0000, 0.0000,  127, 64, 0
L 1230.0000, 4790.0000, 0.0000,  1230.0000, 4730.0000, 0.0000,  127, 64, 0
L 1240.0000, 4790.0000, 0.0000,  1220.0000, 4790.0000, 0.0000,  127, 64, 0
L 1250.0000, 4760.0000, 0.0000,  1240.0000, 4790.0000, 0.0000,  127, 64, 0
L 1240.0000, 4730.0000, 0.0000,  1250.0000, 4760.0000, 0.0000,  127, 64, 0
L 1220.0000, 4730.0000, 0.0000,  1240.0000, 4730.0000, 0.0000,  127, 64, 0
L 1030.0000, 4850.0000, 0.0000,  1000.0000, 4850.0000, 0.0000,  0, 255, 0
L 1030.0000, 4820.0000, 0.0000,  1030.0000, 4850.0000, 0.0000,  0, 255, 0
L 1000.0000, 4820.0000, 0.0000,  1030.0000, 4820.0000, 0.0000,  0, 255, 0
L 1000.0000, 4880.0000, 0.0000,  1000.0000, 4820.0000, 0.0000,  0, 255, 0
L 1060.0000, 4850.0000, 0.0000,  1080.0000, 4850.0000, 0.0000,  0, 255, 0
L 1070.0000, 4820.0000, 0.0000,  1090.0000, 4880.0000, 0.0000,  0, 255, 0
L 1050.0000, 4880.0000, 0.0000,  1070.0000, 4820.0000, 0.0000,  0, 255, 0
L 1110.0000, 4820.0000, 0.0000,  1110.0000, 4850.0000, 0.0000,  0, 255, 0
L 1110.0000, 4850.0000, 0.0000,  1110.0000, 4880.0000, 0.0000,  0, 255, 0
L 1110.0000, 4850.0000, 0.0000,  1130.0000, 4850.0000, 0.0000,  0, 255, 0
L 1150.0000, 4850.0000, 0.0000,  1150.0000, 4820.0000, 0.0000,  0, 255, 0
L 1110.0000, 4820.0000, 0.0000,  1150.0000, 4820.0000, 0.0000,  0, 255, 0
L 1130.0000, 4850.0000, 0.0000,  1150.0000, 4850.0000, 0.0000,  0, 255, 0
L 1150.0000, 4880.0000, 0.0000,  1130.0000, 4850.0000, 0.0000,  0, 255, 0
L 1200.0000, 4880.0000, 0.0000,  1170.0000, 4880.0000, 0.0000,  0, 255, 0
L 1170.0000, 4820.0000, 0.0000,  1200.0000, 4820.0000, 0.0000,  0, 255, 0
L 1170.0000, 4880.0000, 0.0000,  1170.0000, 4820.0000, 0.0000,  0, 255, 0
L 1220.0000, 4850.0000, 0.0000,  1250.0000, 4850.0000, 0.0000,  0, 255, 0
L 1220.0000, 4880.0000, 0.0000,  1250.0000, 4880.0000, 0.0000,  0, 255, 0
L 1220.0000, 4820.0000, 0.0000,  1220.0000, 4880.0000, 0.0000,  0, 255, 0
L 1250.0000, 4820.0000, 0.0000,  1220.0000, 4820.0000, 0.0000,  0, 255, 0
L 1270.0000, 4820.0000, 0.0000,  1270.0000, 4880.0000, 0.0000,  0, 255, 0
L 1310.0000, 4880.0000, 0.0000,  1270.0000, 4880.0000, 0.0000,  0, 255, 0
L 1330.0000, 4820.0000, 0.0000,  1330.0000, 4850.0000, 0.0000,  0, 255, 0
L 1330.0000, 4880.0000, 0.0000,  1370.0000, 4880.0000, 0.0000,  0, 255, 0
L 1370.0000, 4850.0000, 0.0000,  1330.0000, 4850.0000, 0.0000,  0, 255, 0
L 1330.0000, 4820.0000, 0.0000,  1370.0000, 4820.0000, 0.0000,  0, 255, 0
L 1370.0000, 4850.0000, 0.0000,  1370.0000, 4880.0000, 0.0000,  0, 255, 0
L 1000.0000, 4910.0000, 0.0000,  1000.0000, 4940.0000, 0.0000,  0, 240, 240
L 1000.0000, 4940.0000, 0.0000,  1000.0000, 4970.0000, 0.0000,  0, 240, 240
L 1000.0000, 4940.0000, 0.0000,  1020.0000, 4940.0000, 0.0000,  0, 240, 240
L 1040.0000, 4940.0000, 0.0000,  1040.0000, 4910.0000, 0.0000,  0, 240, 240
L 1000.0000, 4910.0000, 0.0000,  1040.0000, 4910.0000, 0.0000,  0, 240, 240
L 1020.0000, 4940.0000, 0.0000,  1040.0000, 4940.0000, 0.0000,  0, 240, 240
L 1040.0000, 4970.0000, 0.0000,  1020.0000, 4940.0000, 0.0000,  0, 240, 240
L 1070.0000, 4940.0000, 0.0000,  1090.0000, 4940.0000, 0.0000,  0, 240, 240
L 1080.0000, 4910.0000, 0.0000,  1100.0000, 4970.0000, 0.0000,  0, 240, 240
L 1060.0000, 4970.0000, 0.0000,  1080.0000, 4910.0000, 0.0000,  0, 240, 240
L 1120.0000, 4910.0000, 0.0000,  1120.0000, 4970.0000, 0.0000,  0, 240, 240
L 1150.0000, 4970.0000, 0.0000,  1150.0000, 4910.0000, 0.0000,  0, 240, 240
L 1160.0000, 4970.0000, 0.0000,  1140.0000, 4970.0000, 0.0000,  0, 240, 240
L 1170.0000, 4940.0000, 0.0000,  1160.0000, 4970.0000, 0.0000,  0, 240, 240
L 1160.0000, 4910.0000, 0.0000,  1170.0000, 4940.0000, 0.0000,  0, 240, 240
L 1140.0000, 4910.0000, 0.0000,  1160.0000, 4910.0000, 0.0000,  0, 240, 240
L 1000.0000, 5000.0000, 0.0000,  1000.0000, 5030.0000, 0.0000,  0, 255, 0
L 1000.0000, 5060.0000, 0.0000,  1040.0000, 5060.0000, 0.0000,  0, 255, 0
L 1040.0000, 5030.0000, 0.0000,  1000.0000, 5030.0000, 0.0000,  0, 255, 0
L 1000.0000, 5000.0000, 0.0000,  1040.0000, 5000.0000, 0.0000,  0, 255, 0
L 1040.0000, 5030.0000, 0.0000,  1040.0000, 5060.0000, 0.0000,  0, 255, 0
L 1090.0000, 5030.0000, 0.0000,  1060.0000, 5030.0000, 0.0000,  0, 255, 0
L 1090.0000, 5000.0000, 0.0000,  1090.0000, 5030.0000, 0.0000,  0, 255, 0
L 1060.0000, 5000.0000, 0.0000,  1090.0000, 5000.0000, 0.0000,  0, 255, 0
L 1060.0000, 5060.0000, 0.0000,  1060.0000, 5000.0000, 0.0000,  0, 255, 0
L 1110.0000, 5030.0000, 0.0000,  1140.0000, 5030.0000, 0.0000,  0, 255, 0
L 1110.0000, 5060.0000, 0.0000,  1140.0000, 5060.0000, 0.0000,  0, 255, 0
L 1110.0000, 5000.0000, 0.0000,  1110.0000, 5060.0000, 0.0000,  0, 255, 0
L 1140.0000, 5000.0000, 0.0000,  1110.0000, 5000.0000, 0.0000,  0, 255, 0
L 1190.0000, 5060.0000, 0.0000,  1160.0000, 5060.0000, 0.0000,  0, 255, 0
L 1160.0000, 5000.0000, 0.0000,  1190.0000, 5000.0000, 0.0000,  0, 255, 0
L 1160.0000, 5060.0000, 0.0000,  1160.0000, 5000.0000, 0.0000,  0, 255, 0
L 1210.0000, 5000.0000, 0.0000,  1210.0000, 5060.0000, 0.0000,  0, 255, 0
L 1240.0000, 5030.0000, 0.0000,  1260.0000, 5030.0000, 0.0000,  0, 255, 0
L 1250.0000, 5000.0000, 0.0000,  1270.0000, 5060.0000, 0.0000,  0, 255, 0
L 1230.0000, 5060.0000, 0.0000,  1250.0000, 5000.0000, 0.0000,  0, 255, 0
L 1290.0000, 5000.0000, 0.0000,  1290.0000, 5060.0000, 0.0000,  0, 255, 0
L 1330.0000, 5060.0000, 0.0000,  1290.0000, 5060.0000, 0.0000,  0, 255, 0
L 1440.0000, 5060.0000, 0.0000,  1410.0000, 5060.0000, 0.0000,  0, 255, 0
L 1410.0000, 5000.0000, 0.0000,  1440.0000, 5000.0000, 0.0000,  0, 255, 0
L 1410.0000, 5060.0000, 0.0000,  1410.0000, 5000.0000, 0.0000,  0, 255, 0
L 1500.0000, 5000.0000, 0.0000,  1500.0000, 5060.0000, 0.0000,  0, 255, 0
L 1460.0000, 5000.0000, 0.0000,  1460.0000, 5060.0000, 0.0000,  0, 255, 0
L 1460.0000, 5060.0000, 0.0000,  1500.0000, 5060.0000, 0.0000,  0, 255, 0
L 1520.0000, 5000.0000, 0.0000,  1520.0000, 5030.0000, 0.0000,  0, 255, 0
L 1520.0000, 5030.0000, 0.0000,  1520.0000, 5060.0000, 0.0000,  0, 255, 0
L 1520.0000, 5030.0000, 0.0000,  1540.0000, 5030.0000, 0.0000,  0, 255, 0
L 1560.0000, 5030.0000, 0.0000,  1560.0000, 5000.0000, 0.0000,  0, 255, 0
L 1520.0000, 5000.0000, 0.0000,  1560.0000, 5000.0000, 0.0000,  0, 255, 0
L 1540.0000, 5030.0000, 0.0000,  1560.0000, 5030.0000, 0.0000,  0, 255, 0
L 1560.0000, 5060.0000, 0.0000,  1540.0000, 5030.0000, 0.0000,  0, 255, 0
L 1580.0000, 5000.0000, 0.0000,  1580.0000, 5030.0000, 0.0000,  0, 255, 0
L 1580.0000, 5030.0000, 0.0000,  1580.0000, 5060.0000, 0.0000,  0, 255, 0
L 1580.0000, 5030.0000, 0.0000,  1600.0000, 5030.0000, 0.0000,  0, 255, 0
L 1620.0000, 5030.0000, 0.0000,  1620.0000, 5000.0000, 0.0000,  0, 255, 0
L 1580.0000, 5000.0000, 0.0000,  1620.0000, 5000.0000, 0.0000,  0, 255, 0
L 1600.0000, 5030.0000, 0.0000,  1620.0000, 5030.0000, 0.0000,  0, 255, 0
L 1620.0000, 5060.0000, 0.0000,  1600.0000, 5030.0000, 0.0000,  0, 255, 0
L 1640.0000, 5030.0000, 0.0000,  1670.0000, 5030.0000, 0.0000,  0, 255, 0
L 1640.0000, 5060.0000, 0.0000,  1670.0000, 5060.0000, 0.0000,  0, 255, 0
L 1640.0000, 5000.0000, 0.0000,  1640.0000, 5060.0000, 0.0000,  0, 255, 0
L 1670.0000, 5000.0000, 0.0000,  1640.0000, 5000.0000, 0.0000,  0, 255, 0
L 1720.0000, 5060.0000, 0.0000,  1720.0000, 5000.0000, 0.0000,  0, 255, 0
L 1690.0000, 5000.0000, 0.0000,  1720.0000, 5060.0000, 0.0000,  0, 255, 0
L 1690.0000, 5060.0000, 0.0000,  1690.0000, 5000.0000, 0.0000,  0, 255, 0
L 1770.0000, 5060.0000, 0.0000,  1740.0000, 5060.0000, 0.0000,  0, 255, 0
L 1740.0000, 5000.0000, 0.0000,  1770.0000, 5000.0000, 0.0000,  0, 255, 0
L 1740.0000, 5060.0000, 0.0000,  1740.0000, 5000.0000, 0.0000,  0, 255, 0
L 1810.0000, 5030.0000, 0.0000,  1810.0000, 5060.0000, 0.0000,  0, 255, 0
L 1810.0000, 5030.0000, 0.0000,  1830.0000, 5000.0000, 0.0000,  0, 255, 0
L 1790.0000, 5000.0000, 0.0000,  1810.0000, 5030.0000, 0.0000,  0, 255, 0
L 1000.0000, 5090.0000, 0.0000,  1000.0000, 5120.0000, 0.0000,  255, 0, 0
L 1000.0000, 5150.0000, 0.0000,  1040.0000, 5150.0000, 0.0000,  255, 0, 0
L 1040.0000, 5120.0000, 0.0000,  1000.0000, 5120.0000, 0.0000,  255, 0, 0
L 1000.0000, 5090.0000, 0.0000,  1040.0000, 5090.0000, 0.0000,  255, 0, 0
L 1040.0000, 5120.0000, 0.0000,  1040.0000, 5150.0000, 0.0000,  255, 0, 0
L 1100.0000, 5090.0000, 0.0000,  1100.0000, 5150.0000, 0.0000,  255, 0, 0
L 1060.0000, 5090.0000, 0.0000,  1060.0000, 5150.0000, 0.0000,  255, 0, 0
L 1060.0000, 5150.0000, 0.0000,  1100.0000, 5150.0000, 0.0000,  255, 0, 0
L 1150.0000, 5150.0000, 0.0000,  1120.0000, 5150.0000, 0.0000,  255, 0, 0
L 1120.0000, 5090.0000, 0.0000,  1150.0000, 5090.0000, 0.0000,  255, 0, 0
L 1120.0000, 5150.0000, 0.0000,  1120.0000, 5090.0000, 0.0000,  255, 0, 0
L 1200.0000, 5150.0000, 0.0000,  1170.0000, 5150.0000, 0.0000,  255, 0, 0
L 1170.0000, 5090.0000, 0.0000,  1200.0000, 5090.0000, 0.0000,  255, 0, 0
L 1170.0000, 5150.0000, 0.0000,  1170.0000, 5090.0000, 0.0000,  255, 0, 0
L 1220.0000, 5090.0000, 0.0000,  1250.0000, 5090.0000, 0.0000,  255, 0, 0
L 1220.0000, 5150.0000, 0.0000,  1250.0000, 5150.0000, 0.0000,  255, 0, 0
L 1220.0000, 5090.0000, 0.0000,  1220.0000, 5150.0000, 0.0000,  255, 0, 0
L 1250.0000, 5090.0000, 0.0000,  1250.0000, 5150.0000, 0.0000,  255, 0, 0
L 1270.0000, 5090.0000, 0.0000,  1270.0000, 5120.0000, 0.0000,  255, 0, 0
L 1270.0000, 5120.0000, 0.0000,  1270.0000, 5150.0000, 0.0000,  255, 0, 0
L 1270.0000, 5120.0000, 0.0000,  1290.0000, 5120.0000, 0.0000,  255, 0, 0
L 1310.0000, 5120.0000, 0.0000,  1310.0000, 5090.0000, 0.0000,  255, 0, 0
L 1270.0000, 5090.0000, 0.0000,  1310.0000, 5090.0000, 0.0000,  255, 0, 0
L 1290.0000, 5120.0000, 0.0000,  1310.0000, 5120.0000, 0.0000,  255, 0, 0
L 1310.0000, 5150.0000, 0.0000,  1290.0000, 5120.0000, 0.0000,  255, 0, 0
L 1020.0000, 5180.0000, 0.0000,  1020.0000, 5240.0000, 0.0000,  255, 255, 0
L 1000.0000, 5180.0000, 0.0000,  1040.0000, 5180.0000, 0.0000,  255, 255, 0
L 1060.0000, 5210.0000, 0.0000,  1090.0000, 5210.0000, 0.0000,  255, 255, 0
L 1060.0000, 5240.0000, 0.0000,  1090.0000, 5240.0000, 0.0000,  255, 255, 0
L 1060.0000, 5180.0000, 0.0000,  1060.0000, 5240.0000, 0.0000,  255, 255, 0
L 1090.0000, 5180.0000, 0.0000,  1060.0000, 5180.0000, 0.0000,  255, 255, 0
L 1110.0000, 5180.0000, 0.0000,  1110.0000, 5240.0000, 0.0000,  255, 255, 0
L 1150.0000, 5240.0000, 0.0000,  1110.0000, 5240.0000, 0.0000,  255, 255, 0
L 1170.0000, 5210.0000, 0.0000,  1200.0000, 5210.0000, 0.0000,  255, 255, 0
L 1170.0000, 5240.0000, 0.0000,  1200.0000, 5240.0000, 0.0000,  255, 255, 0
L 1170.0000, 5180.0000, 0.0000,  1170.0000, 5240.0000, 0.0000,  255, 255, 0
L 1200.0000, 5180.0000, 0.0000,  1170.0000, 5180.0000, 0.0000,  255, 255, 0
L 1250.0000, 5210.0000, 0.0000,  1220.0000, 5210.0000, 0.0000,  255, 255, 0
L 1250.0000, 5180.0000, 0.0000,  1250.0000, 5210.0000, 0.0000,  255, 255, 0
L 1220.0000, 5180.0000, 0.0000,  1250.0000, 5180.0000, 0.0000,  255, 255, 0
L 1220.0000, 5240.0000, 0.0000,  1220.0000, 5180.0000, 0.0000,  255, 255, 0
L 1270.0000, 5180.0000, 0.0000,  1300.0000, 5180.0000, 0.0000,  255, 255, 0
L 1270.0000, 5240.0000, 0.0000,  1300.0000, 5240.0000, 0.0000,  255, 255, 0
L 1270.0000, 5180.0000, 0.0000,  1270.0000, 5240.0000, 0.0000,  255, 255, 0
L 1300.0000, 5180.0000, 0.0000,  1300.0000, 5240.0000, 0.0000,  255, 255, 0
L 1320.0000, 5180.0000, 0.0000,  1320.0000, 5210.0000, 0.0000,  255, 255, 0
L 1320.0000, 5210.0000, 0.0000,  1320.0000, 5240.0000, 0.0000,  255, 255, 0
L 1320.0000, 5210.0000, 0.0000,  1340.0000, 5210.0000, 0.0000,  255, 255, 0
L 1360.0000, 5210.0000, 0.0000,  1360.0000, 5180.0000, 0.0000,  255, 255, 0
L 1320.0000, 5180.0000, 0.0000,  1360.0000, 5180.0000, 0.0000,  255, 255, 0
L 1340.0000, 5210.0000, 0.0000,  1360.0000, 5210.0000, 0.0000,  255, 255, 0
L 1360.0000, 5240.0000, 0.0000,  1340.0000, 5210.0000, 0.0000,  255, 255, 0
L 1400.0000, 5180.0000, 0.0000,  1400.0000, 5240.0000, 0.0000,  255, 255, 0
L 1380.0000, 5180.0000, 0.0000,  1420.0000, 5180.0000, 0.0000,  255, 255, 0
L 1020.0000, 5270.0000, 0.0000,  1020.0000, 5330.0000, 0.0000,  128, 0, 128
L 1000.0000, 5270.0000, 0.0000,  1040.0000, 5270.0000, 0.0000,  128, 0, 128
L 1060.0000, 5270.0000, 0.0000,  1060.0000, 5300.0000, 0.0000,  128, 0, 128
L 1060.0000, 5300.0000, 0.0000,  1060.0000, 5330.0000, 0.0000,  128, 0, 128
L 1060.0000, 5300.0000, 0.0000,  1080.0000, 5300.0000, 0.0000,  128, 0, 128
L 1100.0000, 5300.0000, 0.0000,  1100.0000, 5270.0000, 0.0000,  128, 0, 128
L 1060.0000, 5270.0000, 0.0000,  1100.0000, 5270.0000, 0.0000,  128, 0, 128
L 1080.0000, 5300.0000, 0.0000,  1100.0000, 5300.0000, 0.0000,  128, 0, 128
L 1100.0000, 5330.0000, 0.0000,  1080.0000, 5300.0000, 0.0000,  128, 0, 128
L 1130.0000, 5300.0000, 0.0000,  1150.0000, 5300.0000, 0.0000,  128, 0, 128
L 1140.0000, 5270.0000, 0.0000,  1160.0000, 5330.0000, 0.0000,  128, 0, 128
L 1120.0000, 5330.0000, 0.0000,  1140.0000, 5270.0000, 0.0000,  128, 0, 128
L 1190.0000, 5330.0000, 0.0000,  1190.0000, 5270.0000, 0.0000,  128, 0, 128
L 1200.0000, 5330.0000, 0.0000,  1180.0000, 5330.0000, 0.0000,  128, 0, 128
L 1210.0000, 5300.0000, 0.0000,  1200.0000, 5330.0000, 0.0000,  128, 0, 128
L 1200.0000, 5270.0000, 0.0000,  1210.0000, 5300.0000, 0.0000,  128, 0, 128
L 1180.0000, 5270.0000, 0.0000,  1200.0000, 5270.0000, 0.0000,  128, 0, 128
L 1230.0000, 5300.0000, 0.0000,  1260.0000, 5300.0000, 0.0000,  128, 0, 128
L 1230.0000, 5330.0000, 0.0000,  1260.0000, 5330.0000, 0.0000,  128, 0, 128
L 1230.0000, 5270.0000, 0.0000,  1230.0000, 5330.0000, 0.0000,  128, 0, 128
L 1260.0000, 5270.0000, 0.0000,  1230.0000, 5270.0000, 0.0000,  128, 0, 128
L 1280.0000, 5270.0000, 0.0000,  1280.0000, 5300.0000, 0.0000,  128, 0, 128
L 1280.0000, 5330.0000, 0.0000,  1320.0000, 5330.0000, 0.0000,  128, 0, 128
L 1320.0000, 5300.0000, 0.0000,  1280.0000, 5300.0000, 0.0000,  128, 0, 128
L 1280.0000, 5270.0000, 0.0000,  1320.0000, 5270.0000, 0.0000,  128, 0, 128
L 1320.0000, 5300.0000, 0.0000,  1320.0000, 5330.0000, 0.0000,  128, 0, 128
L 1340.0000, 5270.0000, 0.0000,  1340.0000, 5300.0000, 0.0000,  128, 0, 128
L 1340.0000, 5300.0000, 0.0000,  1340.0000, 5330.0000, 0.0000,  128, 0, 128
L 1340.0000, 5300.0000, 0.0000,  1380.0000, 5330.0000, 0.0000,  128, 0, 128
L 1340.0000, 5300.0000, 0.0000,  1380.0000, 5270.0000, 0.0000,  128, 0, 128
L 1400.0000, 5270.0000, 0.0000,  1400.0000, 5330.0000, 0.0000,  128, 0, 128
L 1420.0000, 5270.0000, 0.0000,  1420.0000, 5330.0000, 0.0000,  128, 0, 128
L 1460.0000, 5330.0000, 0.0000,  1420.0000, 5330.0000, 0.0000,  128, 0, 128
L 1480.0000, 5270.0000, 0.0000,  1480.0000, 5330.0000, 0.0000,  128, 0, 128
L 1520.0000, 5330.0000, 0.0000,  1480.0000, 5330.0000, 0.0000,  128, 0, 128
L 1630.0000, 5330.0000, 0.0000,  1600.0000, 5330.0000, 0.0000,  128, 0, 128
L 1600.0000, 5270.0000, 0.0000,  1630.0000, 5270.0000, 0.0000,  128, 0, 128
L 1600.0000, 5330.0000, 0.0000,  1600.0000, 5270.0000, 0.0000,  128, 0, 128
L 1650.0000, 5270.0000, 0.0000,  1680.0000, 5270.0000, 0.0000,  128, 0, 128
L 1650.0000, 5330.0000, 0.0000,  1680.0000, 5330.0000, 0.0000,  128, 0, 128
L 1650.0000, 5270.0000, 0.0000,  1650.0000, 5330.0000, 0.0000,  128, 0, 128
L 1680.0000, 5270.0000, 0.0000,  1680.0000, 5330.0000, 0.0000,  128, 0, 128
L 1730.0000, 5330.0000, 0.0000,  1730.0000, 5270.0000, 0.0000,  128, 0, 128
L 1700.0000, 5270.0000, 0.0000,  1730.0000, 5330.0000, 0.0000,  128, 0, 128
L 1700.0000, 5330.0000, 0.0000,  1700.0000, 5270.0000, 0.0000,  128, 0, 128
L 1770.0000, 5270.0000, 0.0000,  1770.0000, 5330.0000, 0.0000,  128, 0, 128
L 1750.0000, 5270.0000, 0.0000,  1790.0000, 5270.0000, 0.0000,  128, 0, 128
L 1820.0000, 5300.0000, 0.0000,  1840.0000, 5300.0000, 0.0000,  128, 0, 128
L 1830.0000, 5270.0000, 0.0000,  1850.0000, 5330.0000, 0.0000,  128, 0, 128
L 1810.0000, 5330.0000, 0.0000,  1830.0000, 5270.0000, 0.0000,  128, 0, 128
L 1870.0000, 5270.0000, 0.0000,  1870.0000, 5330.0000, 0.0000,  128, 0, 128
L 1920.0000, 5330.0000, 0.0000,  1920.0000, 5270.0000, 0.0000,  128, 0, 128
L 1890.0000, 5270.0000, 0.0000,  1920.0000, 5330.0000, 0.0000,  128, 0, 128
L 1890.0000, 5330.0000, 0.0000,  1890.0000, 5270.0000, 0.0000,  128, 0, 128
L 1940.0000, 5300.0000, 0.0000,  1970.0000, 5300.0000, 0.0000,  128, 0, 128
L 1940.0000, 5330.0000, 0.0000,  1970.0000, 5330.0000, 0.0000,  128, 0, 128
L 1940.0000, 5270.0000, 0.0000,  1940.0000, 5330.0000, 0.0000,  128, 0, 128
L 1970.0000, 5270.0000, 0.0000,  1940.0000, 5270.0000, 0.0000,  128, 0, 128
L 1990.0000, 5270.0000, 0.0000,  1990.0000, 5300.0000, 0.0000,  128, 0, 128
L 1990.0000, 5300.0000, 0.0000,  1990.0000, 5330.0000, 0.0000,  128, 0, 128
L 1990.0000, 5300.0000, 0.0000,  2010.0000, 5300.0000, 0.0000,  128, 0, 128
L 2030.0000, 5300.0000, 0.0000,  2030.0000, 5270.0000, 0.0000,  128, 0, 128
L 1990.0000, 5270.0000, 0.0000,  2030.0000, 5270.0000, 0.0000,  128, 0, 128
L 2010.0000, 5300.0000, 0.0000,  2030.0000, 5300.0000, 0.0000,  128, 0, 128
L 2030.0000, 5330.0000, 0.0000,  2010.0000, 5300.0000, 0.0000,  128, 0, 128
L 1020.0000, 5360.0000, 0.0000,  1020.0000, 5420.0000, 0.0000,  255, 255, 0
L 1000.0000, 5360.0000, 0.0000,  1040.0000, 5360.0000, 0.0000,  255, 255, 0
L 1060.0000, 5360.0000, 0.0000,  1060.0000, 5390.0000, 0.0000,  255, 255, 0
L 1060.0000, 5390.0000, 0.0000,  1060.0000, 5420.0000, 0.0000,  255, 255, 0
L 1060.0000, 5390.0000, 0.0000,  1080.0000, 5390.0000, 0.0000,  255, 255, 0
L 1100.0000, 5390.0000, 0.0000,  1100.0000, 5360.0000, 0.0000,  255, 255, 0
L 1060.0000, 5360.0000, 0.0000,  1100.0000, 5360.0000, 0.0000,  255, 255, 0
L 1080.0000, 5390.0000, 0.0000,  1100.0000, 5390.0000, 0.0000,  255, 255, 0
L 1100.0000, 5420.0000, 0.0000,  1080.0000, 5390.0000, 0.0000,  255, 255, 0
L 1130.0000, 5390.0000, 0.0000,  1150.0000, 5390.0000, 0.0000,  255, 255, 0
L 1140.0000, 5360.0000, 0.0000,  1160.0000, 5420.0000, 0.0000,  255, 255, 0
L 1120.0000, 5420.0000, 0.0000,  1140.0000, 5360.0000, 0.0000,  255, 255, 0
L 1210.0000, 5390.0000, 0.0000,  1180.0000, 5390.0000, 0.0000,  255, 255, 0
L 1210.0000, 5360.0000, 0.0000,  1210.0000, 5390.0000, 0.0000,  255, 255, 0
L 1180.0000, 5360.0000, 0.0000,  1210.0000, 5360.0000, 0.0000,  255, 255, 0
L 1180.0000, 5420.0000, 0.0000,  1180.0000, 5360.0000, 0.0000,  255, 255, 0
L 1030.0000, 5450.0000, 0.0000,  1000.0000, 5450.0000, 0.0000,  255, 0, 0
L 1000.0000, 5510.0000, 0.0000,  1030.0000, 5450.0000, 0.0000,  255, 0, 0
L 1000.0000, 5510.0000, 0.0000,  1030.0000, 5510.0000, 0.0000,  255, 0, 0
L 1050.0000, 5450.0000, 0.0000,  1080.0000, 5450.0000, 0.0000,  255, 0, 0
L 1050.0000, 5510.0000, 0.0000,  1080.0000, 5510.0000, 0.0000,  255, 0, 0
L 1050.0000, 5450.0000, 0.0000,  1050.0000, 5510.0000, 0.0000,  255, 0, 0
L 1080.0000, 5450.0000, 0.0000,  1080.0000, 5510.0000, 0.0000,  255, 0, 0
L 1130.0000, 5510.0000, 0.0000,  1130.0000, 5450.0000, 0.0000,  255, 0, 0
L 1100.0000, 5450.0000, 0.0000,  1130.0000, 5510.0000, 0.0000,  255, 0, 0
L 1100.0000, 5510.0000, 0.0000,  1100.0000, 5450.0000, 0.0000,  255, 0, 0
L 1150.0000, 5480.0000, 0.0000,  1180.0000, 5480.0000, 0.0000,  255, 0, 0
L 1150.0000, 5510.0000, 0.0000,  1180.0000, 5510.0000, 0.0000,  255, 0, 0
L 1150.0000, 5450.0000, 0.0000,  1150.0000, 5510.0000, 0.0000,  255, 0, 0
L 1180.0000, 5450.0000, 0.0000,  1150.0000, 5450.0000, 0.0000,  255, 0, 0
P 0.0000, 3800.0000, 0.0000,  0, 0, 0,  2,  Original_Map:_Brewall_Rainsiger_(Cazic-Thule)
P 0.0000, 4000.0000, 0.0000,  0, 0, 0,  2,  http://www.eqmaps.info
P 0.0000, 4200.0000, 0.0000,  0, 0, 0,  2,  Return_of_the_Exiled_(www.roteguild.org)
P 0.0000, 4400.0000, 0.0000,  240, 127, 0,  2,  The_Brothers_Zek
P 0.0000, 4600.0000, 0.0000,  127, 64, 0,  2,  Commander_Gannar_Dolm
P 0.0000, 4800.0000, 0.0000,  127, 64, 0,  2,  Commander_Inasch_Prae'va
P 0.0000, 5000.0000, 0.0000,  127, 64, 0,  2,  Gyrup,_the_Caller
P 0.0000, 5200.0000, 0.0000,  127, 64, 0,  2,  Kijarl,_Arcanist_of_Rulnavis
P 0.0000, 5400.0000, 0.0000,  127, 64, 0,  2,  Rolfron_Zek,_Lord_of_Despair
P 0.0000, 5600.0000, 0.0000,  127, 64, 0,  2,  Slave_Driver_Thokk
P 0.0000, 5800.0000, 0.0000,  127, 64, 0,  2,  The_Barb
P 0.0000, 6000.0000, 0.0000,  127, 64, 0,  2,  The_Blade
P 0.0000, 6200.0000, 0.0000,  127, 64, 0,  2,  The_Grandmaster
P 0.0000, 6400.0000, 0.0000,  127, 64, 0,  2,  The_Heart_of_Narikor
P 0.0000, 6600.0000, 0.0000,  127, 64, 0,  2,  The_Judicator_Spawns_at_your_location_after_killing_npcs
P 1919.4441, 2090.6287, 77.6911,  0, 0, 0,  2,  General_Ugor_Gronno
