L 1000.0000, 0.0000, 0.0000,  1000.0000, -50.0000, 0.0000,  255, 0, 0
L -20.0000, 50.0000, 0.0000,  -50.0000, 20.0000, 0.0000,  255, 0, 0
L 50.0000, 20.0000, 0.0000,  20.0000, 50.0000, 0.0000,  255, 0, 0
L 20.0000, -50.0000, 0.0000,  50.0000, -20.0000, 0.0000,  255, 0, 0
L -50.0000, -20.0000, 0.0000,  -20.0000, -50.0000, 0.0000,  255, 0, 0
L -50.0000, 20.0000, 0.0000,  -50.0000, -20.0000, 0.0000,  255, 0, 0
L 20.0000, 50.0000, 0.0000,  -20.0000, 50.0000, 0.0000,  255, 0, 0
L 50.0000, -20.0000, 0.0000,  50.0000, 20.0000, 0.0000,  255, 0, 0
L -20.0000, -50.0000, 0.0000,  20.0000, -50.0000, 0.0000,  255, 0, 0
L 580.0000, -20.0000, 0.0000,  540.0000, -20.0000, 0.0000,  255, 0, 0
L 580.0000, -90.0000, 0.0000,  580.0000, -20.0000, 0.0000,  255, 0, 0
L 540.0000, -90.0000, 0.0000,  580.0000, -90.0000, 0.0000,  255, 0, 0
L 540.0000, -20.0000, 0.0000,  540.0000, -90.0000, 0.0000,  255, 0, 0
L 520.0000, -20.0000, 0.0000,  480.0000, -20.0000, 0.0000,  255, 0, 0
L 520.0000, -90.0000, 0.0000,  520.0000, -20.0000, 0.0000,  255, 0, 0
L 480.0000, -90.0000, 0.0000,  520.0000, -90.0000, 0.0000,  255, 0, 0
L 480.0000, -20.0000, 0.0000,  480.0000, -90.0000, 0.0000,  255, 0, 0
L 460.0000, -90.0000, 0.0000,  450.0000, -80.0000, 0.0000,  255, 0, 0
L 460.0000, -20.0000, 0.0000,  460.0000, -90.0000, 0.0000,  255, 0, 0
L 0.0000, -250.0000, 0.0000,  0.0000, 250.0000, 0.0000,  255, 0, 0
L -250.0000, 0.0000, 0.0000,  1000.0000, 0.0000, 0.0000,  255, 0, 0
L -120.0000, -80.0000, 0.0000,  -120.0000, -60.0000, 0.0000,  255, 0, 0
L -120.0000, -60.0000, 0.0000,  -120.0000, -40.0000, 0.0000,  255, 0, 0
L -100.0000, -60.0000, 0.0000,  -120.0000, -60.0000, 0.0000,  255, 0, 0
L -120.0000, -60.0000, 0.0000,  -140.0000, -60.0000, 0.0000,  255, 0, 0
L -90.0000, -50.0000, 0.0000,  -100.0000, -30.0000, 0.0000,  255, 0, 0
L -60.0000, -80.0000, 0.0000,  -60.0000, -60.0000, 0.0000,  255, 0, 0
L -60.0000, -60.0000, 0.0000,  -60.0000, -40.0000, 0.0000,  255, 0, 0
L -40.0000, -60.0000, 0.0000,  -60.0000, -60.0000, 0.0000,  255, 0, 0
L -60.0000, -60.0000, 0.0000,  -80.0000, -60.0000, 0.0000,  255, 0, 0
L 100.0000, 60.0000, 0.0000,  120.0000, 60.0000, 0.0000,  255, 0, 0
L 120.0000, 60.0000, 0.0000,  140.0000, 60.0000, 0.0000,  255, 0, 0
L 90.0000, 70.0000, 0.0000,  80.0000, 90.0000, 0.0000,  255, 0, 0
L 40.0000, 60.0000, 0.0000,  60.0000, 60.0000, 0.0000,  255, 0, 0
L 60.0000, 60.0000, 0.0000,  80.0000, 60.0000, 0.0000,  255, 0, 0
L -100.0000, 60.0000, 0.0000,  -120.0000, 60.0000, 0.0000,  255, 0, 0
L -120.0000, 60.0000, 0.0000,  -140.0000, 60.0000, 0.0000,  255, 0, 0
L -90.0000, 70.0000, 0.0000,  -100.0000, 90.0000, 0.0000,  255, 0, 0
L -60.0000, 80.0000, 0.0000,  -60.0000, 60.0000, 0.0000,  255, 0, 0
L -60.0000, 60.0000, 0.0000,  -60.0000, 40.0000, 0.0000,  255, 0, 0
L -40.0000, 60.0000, 0.0000,  -60.0000, 60.0000, 0.0000,  255, 0, 0
L -60.0000, 60.0000, 0.0000,  -80.0000, 60.0000, 0.0000,  255, 0, 0
L 100.0000, -60.0000, 0.0000,  120.0000, -60.0000, 0.0000,  255, 0, 0
L 120.0000, -60.0000, 0.0000,  140.0000, -60.0000, 0.0000,  255, 0, 0
L 90.0000, -50.0000, 0.0000,  80.0000, -30.0000, 0.0000,  255, 0, 0
L 60.0000, -80.0000, 0.0000,  60.0000, -60.0000, 0.0000,  255, 0, 0
L 60.0000, -60.0000, 0.0000,  60.0000, -40.0000, 0.0000,  255, 0, 0
L 40.0000, -60.0000, 0.0000,  60.0000, -60.0000, 0.0000,  255, 0, 0
L 60.0000, -60.0000, 0.0000,  80.0000, -60.0000, 0.0000,  255, 0, 0
L 599.0000, -90.0000, 0.0000,  637.3000, -90.0000, 0.0000,  255, 0, 0
L 599.0000, -20.0000, 0.0000,  637.3000, -20.0000, 0.0000,  255, 0, 0
L 599.0000, -90.0000, 0.0000,  599.0000, -20.0000, 0.0000,  255, 0, 0
L 637.3000, -90.0000, 0.0000,  637.3000, -20.0000, 0.0000,  255, 0, 0
P 200.0000, 1500.0000, 0.0000,  0, 0, 0,  2,  Revised_Map:_Brewall_Rainsiger_(Cazic-Thule)
P 200.0000, 1700.0000, 0.0000,  0, 0, 0,  2,  http://www.eqmaps.info
P 200.0000, 1900.0000, 0.0000,  0, 0, 0,  2,  Return_of_the_Exiled_(www.roteguild.org)
P 200.0000, 2100.0000, 0.0000,  240, 127, 0,  2,  Coirnav_the_Avatar_of_Water
P 200.0000, 2300.0000, 0.0000,  240, 127, 0,  2,  Fishlord_Summoning_Event
P 200.0000, 2500.0000, 0.0000,  240, 127, 0,  2,  Phase_1:_a_hungry,_stringy,_or_toughed_anglerfish
P 200.0000, 2700.0000, 0.0000,  240, 127, 0,  2,  Phase_2:_a_dark,_foul,_or_wicked_anglerfish
P 200.0000, 2900.0000, 0.0000,  240, 127, 0,  2,  Phase_3:_a_prime,_prismatic,_or_superior_anglerfish
P 200.0000, 3100.0000, 0.0000,  240, 127, 0,  2,  Phase_4:_a_king,_master,_or_supreme_anglerfish
P 200.0000, 3300.0000, 0.0000,  240, 127, 0,  2,  Grioihin_the_Wise
P 200.0000, 3500.0000, 0.0000,  240, 127, 0,  2,  Hydrotha
P 200.0000, 3700.0000, 0.0000,  240, 127, 0,  2,  Krziik_the_Mighty
P 200.0000, 3900.0000, 0.0000,  240, 127, 0,  2,  Ofossaa_the_Enlightened
P 200.0000, 4100.0000, 0.0000,  127, 64, 0,  2,  an_enormous_frog
P 200.0000, 4300.0000, 0.0000,  127, 64, 0,  2,  Ferocious_Barracuda
P 200.0000, 4500.0000, 0.0000,  127, 64, 0,  2,  Frenzied_Anglerfish
P 200.0000, 4700.0000, 0.0000,  127, 64, 0,  2,  Furious_Deepwater_Kraken
P 200.0000, 4900.0000, 0.0000,  127, 64, 0,  2,  Gigadon
P 200.0000, 5100.0000, 0.0000,  127, 64, 0,  2,  Hammertooth
P 200.0000, 5300.0000, 0.0000,  127, 64, 0,  2,  Hraquis_Arch_Magus
P 200.0000, 5500.0000, 0.0000,  127, 64, 0,  2,  Hraquis_Chieftan
P 200.0000, 5700.0000, 0.0000,  127, 64, 0,  2,  Monstrous_Sea_Turtle
P 200.0000, 5900.0000, 0.0000,  127, 64, 0,  2,  Razorfin
P 200.0000, 6100.0000, 0.0000,  127, 64, 0,  2,  Regrua_Overlord
P 200.0000, 6300.0000, 0.0000,  127, 64, 0,  2,  Regrua_Protector
P 200.0000, 6500.0000, 0.0000,  127, 64, 0,  2,  Savage_Deepwater_Kraken
P 200.0000, 6700.0000, 0.0000,  127, 64, 0,  2,  Swordfang
P 200.0000, 6900.0000, 0.0000,  127, 64, 0,  2,  Triloun_Egg_Keeper
P 200.0000, 7100.0000, 0.0000,  127, 64, 0,  2,  Triloun_Seer
P 200.0000, 7300.0000, 0.0000,  127, 64, 0,  2,  Triloun_Warder
