L 289.0000, 25.0000, -14.0000,  277.0000, 23.0000, -14.0000,  0, 0, 0
L 300.0000, 21.0000, -11.0000,  289.0000, 25.0000, -14.0000,  0, 0, 0
L 301.0000, 21.0000, -11.0000,  300.0000, 21.0000, -11.0000,  0, 0, 0
L 311.0000, 16.0000, -13.0000,  301.0000, 21.0000, -11.0000,  0, 0, 0
L 312.0000, 11.0000, -14.0000,  311.0000, 16.0000, -13.0000,  0, 0, 0
L 310.0000, 4.0000, -13.0000,  312.0000, 11.0000, -14.0000,  0, 0, 0
L 301.0000, 3.0000, -5.0000,  310.0000, 4.0000, -13.0000,  0, 0, 0
L 299.0000, 3.0000, -10.0000,  301.0000, 3.0000, -5.0000,  0, 0, 0
L 300.0000, -44.0000, -14.0000,  299.0000, 3.0000, -10.0000,  0, 0, 0
L 315.0000, -47.0000, -14.0000,  300.0000, -44.0000, -14.0000,  0, 0, 0
L 315.0000, -49.0000, -14.0000,  315.0000, -47.0000, -14.0000,  0, 0, 0
L 323.0000, -45.0000, -12.0000,  315.0000, -49.0000, -14.0000,  0, 0, 0
L 327.0000, -50.0000, -12.0000,  323.0000, -45.0000, -12.0000,  0, 0, 0
L 330.0000, -55.0000, -13.0000,  327.0000, -50.0000, -12.0000,  0, 0, 0
L 328.0000, -59.0000, -14.0000,  330.0000, -55.0000, -13.0000,  0, 0, 0
L 330.0000, -117.0000, -14.0000,  328.0000, -59.0000, -14.0000,  0, 0, 0
L 316.0000, -130.0000, -14.0000,  330.0000, -117.0000, -14.0000,  0, 0, 0
L 314.0000, -135.0000, -14.0000,  316.0000, -130.0000, -14.0000,  0, 0, 0
L 276.0000, -135.0000, -14.0000,  314.0000, -135.0000, -14.0000,  0, 0, 0
L 272.0000, -138.0000, -14.0000,  276.0000, -135.0000, -14.0000,  0, 0, 0
L 279.0000, -154.0000, -14.0000,  272.0000, -138.0000, -14.0000,  0, 0, 0
L 184.0000, -241.0000, -19.0000,  201.0000, -273.0000, -17.0000,  0, 0, 0
L 148.0000, -259.0000, -19.0000,  184.0000, -241.0000, -19.0000,  0, 0, 0
L 460.0000, -519.0000, -11.0000,  458.0000, -509.0000, -17.0000,  0, 0, 0
L 471.0000, -540.0000, -11.0000,  460.0000, -519.0000, -11.0000,  0, 0, 0
L 484.0000, -563.0000, -15.0000,  471.0000, -540.0000, -11.0000,  0, 0, 0
L 574.0000, -547.0000, -19.0000,  484.0000, -563.0000, -15.0000,  0, 0, 0
L 604.0000, -541.0000, -19.0000,  574.0000, -547.0000, -19.0000,  0, 0, 0
L 612.0000, -540.0000, -19.0000,  604.0000, -541.0000, -19.0000,  0, 0, 0
L 615.0000, -539.0000, -19.0000,  612.0000, -540.0000, -19.0000,  0, 0, 0
L 619.0000, -540.0000, -19.0000,  615.0000, -539.0000, -19.0000,  0, 0, 0
L 638.0000, -541.0000, -18.0000,  619.0000, -540.0000, -19.0000,  0, 0, 0
L 714.0000, -550.0000, -12.0000,  638.0000, -541.0000, -18.0000,  0, 0, 0
L 721.0000, -550.0000, -12.0000,  714.0000, -550.0000, -12.0000,  0, 0, 0
L 732.0000, -551.0000, -15.0000,  721.0000, -550.0000, -12.0000,  0, 0, 0
L 735.0000, -551.0000, -16.0000,  732.0000, -551.0000, -15.0000,  0, 0, 0
L 747.0000, -549.0000, -19.0000,  735.0000, -551.0000, -16.0000,  0, 0, 0
L 780.0000, -544.0000, -19.0000,  747.0000, -549.0000, -19.0000,  0, 0, 0
L 789.0000, -543.0000, -17.0000,  780.0000, -544.0000, -19.0000,  0, 0, 0
L 798.0000, -541.0000, -18.0000,  789.0000, -543.0000, -17.0000,  0, 0, 0
L 879.0000, -528.0000, -19.0000,  798.0000, -541.0000, -18.0000,  0, 0, 0
L 896.0000, -526.0000, -19.0000,  879.0000, -528.0000, -19.0000,  0, 0, 0
L 967.0000, -538.0000, -19.0000,  896.0000, -526.0000, -19.0000,  0, 0, 0
L 976.0000, -539.0000, -17.0000,  967.0000, -538.0000, -19.0000,  0, 0, 0
L 989.0000, -542.0000, -16.0000,  976.0000, -539.0000, -17.0000,  0, 0, 0
L 999.0000, -544.0000, -15.0000,  989.0000, -542.0000, -16.0000,  0, 0, 0
L 1008.0000, -545.0000, -13.0000,  999.0000, -544.0000, -15.0000,  0, 0, 0
L 1022.0000, -548.0000, -13.0000,  1008.0000, -545.0000, -13.0000,  0, 0, 0
L 1036.0000, -550.0000, -17.0000,  1022.0000, -548.0000, -13.0000,  0, 0, 0
L 1095.0000, -489.0000, -19.0000,  1036.0000, -550.0000, -17.0000,  0, 0, 0
L 1075.0000, -410.0000, -18.0000,  1095.0000, -489.0000, -19.0000,  0, 0, 0
L 1071.0000, -389.0000, -17.0000,  1075.0000, -410.0000, -18.0000,  0, 0, 0
L 1065.0000, -351.0000, -18.0000,  1071.0000, -389.0000, -17.0000,  0, 0, 0
L 1063.0000, -338.0000, -19.0000,  1065.0000, -351.0000, -18.0000,  0, 0, 0
L 1058.0000, -315.0000, -19.0000,  1063.0000, -338.0000, -19.0000,  0, 0, 0
L 1080.0000, -260.0000, -19.0000,  1058.0000, -315.0000, -19.0000,  0, 0, 0
L 1083.0000, -234.0000, -19.0000,  1080.0000, -260.0000, -19.0000,  0, 0, 0
L 1100.0000, -216.0000, 0.0000,  1083.0000, -234.0000, -19.0000,  0, 0, 0
L 1105.0000, -210.0000, 2.0000,  1100.0000, -216.0000, 0.0000,  0, 0, 0
L 1157.0000, -158.0000, -2.0000,  1105.0000, -210.0000, 2.0000,  0, 0, 0
L 1174.0000, -140.0000, -4.0000,  1157.0000, -158.0000, -2.0000,  0, 0, 0
L 1187.0000, -127.0000, -6.0000,  1174.0000, -140.0000, -4.0000,  0, 0, 0
L 1190.0000, -123.0000, -6.0000,  1187.0000, -127.0000, -6.0000,  0, 0, 0
L 1199.0000, -114.0000, -9.0000,  1190.0000, -123.0000, -6.0000,  0, 0, 0
L 1200.0000, -114.0000, -7.0000,  1199.0000, -114.0000, -9.0000,  0, 0, 0
L 1210.0000, -110.0000, -11.0000,  1200.0000, -114.0000, -7.0000,  0, 0, 0
L 1215.0000, -108.0000, -14.0000,  1210.0000, -110.0000, -11.0000,  0, 0, 0
L 1217.0000, -107.0000, -17.0000,  1215.0000, -108.0000, -14.0000,  0, 0, 0
L 1233.0000, -108.0000, 0.0000,  1217.0000, -107.0000, -17.0000,  0, 0, 0
L 1243.0000, -104.0000, -8.0000,  1233.0000, -108.0000, 0.0000,  0, 0, 0
L 1246.0000, -104.0000, -9.0000,  1243.0000, -104.0000, -8.0000,  0, 0, 0
L 1248.0000, -103.0000, -12.0000,  1246.0000, -104.0000, -9.0000,  0, 0, 0
L 1258.0000, -99.0000, -18.0000,  1248.0000, -103.0000, -12.0000,  0, 0, 0
L 1294.0000, -99.0000, -18.0000,  1258.0000, -99.0000, -18.0000,  0, 0, 0
L 1303.0000, -100.0000, -18.0000,  1294.0000, -99.0000, -18.0000,  0, 0, 0
L 1307.0000, -99.0000, -18.0000,  1303.0000, -100.0000, -18.0000,  0, 0, 0
L 1350.0000, -120.0000, -3.0000,  1307.0000, -99.0000, -18.0000,  0, 0, 0
L 1354.0000, -122.0000, -3.0000,  1350.0000, -120.0000, -3.0000,  0, 0, 0
L 1355.0000, -121.0000, -8.0000,  1354.0000, -122.0000, -3.0000,  0, 0, 0
L 1364.0000, -115.0000, -4.0000,  1355.0000, -121.0000, -8.0000,  0, 0, 0
L 1375.0000, -103.0000, -7.0000,  1364.0000, -115.0000, -4.0000,  0, 0, 0
L 1414.0000, -64.0000, -10.0000,  1375.0000, -103.0000, -7.0000,  0, 0, 0
L 1417.0000, -57.0000, -15.0000,  1414.0000, -64.0000, -10.0000,  0, 0, 0
L 1418.0000, -53.0000, -16.0000,  1417.0000, -57.0000, -15.0000,  0, 0, 0
L 1426.0000, -20.0000, -18.0000,  1418.0000, -53.0000, -16.0000,  0, 0, 0
L 1427.0000, -15.0000, -18.0000,  1426.0000, -20.0000, -18.0000,  0, 0, 0
L 1429.0000, -10.0000, -18.0000,  1427.0000, -15.0000, -18.0000,  0, 0, 0
L 1430.0000, -7.0000, -18.0000,  1429.0000, -10.0000, -18.0000,  0, 0, 0
L 1437.0000, 20.0000, -18.0000,  1430.0000, -7.0000, -18.0000,  0, 0, 0
L 1437.0000, 50.0000, -18.0000,  1437.0000, 20.0000, -18.0000,  0, 0, 0
L 1436.0000, 106.0000, -17.0000,  1437.0000, 50.0000, -18.0000,  0, 0, 0
L 1435.0000, 110.0000, -17.0000,  1436.0000, 106.0000, -17.0000,  0, 0, 0
L 1430.0000, 121.0000, -17.0000,  1435.0000, 110.0000, -17.0000,  0, 0, 0
L 1437.0000, 130.0000, -12.0000,  1430.0000, 121.0000, -17.0000,  0, 0, 0
L 1463.0000, 157.0000, -15.0000,  1437.0000, 130.0000, -12.0000,  0, 0, 0
L 1466.0000, 160.0000, -16.0000,  1463.0000, 157.0000, -15.0000,  0, 0, 0
L 1472.0000, 168.0000, -18.0000,  1466.0000, 160.0000, -16.0000,  0, 0, 0
L 264.0000, 85.0000, -14.0000,  279.0000, 83.0000, -14.0000,  0, 0, 0
L 279.0000, 83.0000, -14.0000,  299.0000, 84.0000, -14.0000,  0, 0, 0
L 299.0000, 84.0000, -14.0000,  300.0000, 88.0000, -11.0000,  0, 0, 0
L 300.0000, 88.0000, -11.0000,  301.0000, 87.0000, -10.0000,  0, 0, 0
L 301.0000, 87.0000, -10.0000,  309.0000, 87.0000, -10.0000,  0, 0, 0
L 309.0000, 87.0000, -10.0000,  308.0000, 97.0000, -11.0000,  0, 0, 0
L 308.0000, 97.0000, -11.0000,  299.0000, 109.0000, -14.0000,  0, 0, 0
L 299.0000, 109.0000, -14.0000,  299.0000, 233.0000, -14.0000,  0, 0, 0
L 299.0000, 233.0000, -14.0000,  315.0000, 233.0000, -14.0000,  0, 0, 0
L 315.0000, 233.0000, -14.0000,  317.0000, 238.0000, -14.0000,  0, 0, 0
L 317.0000, 238.0000, -14.0000,  330.0000, 249.0000, -14.0000,  0, 0, 0
L 330.0000, 249.0000, -14.0000,  330.0000, 305.0000, -14.0000,  0, 0, 0
L 330.0000, 305.0000, -14.0000,  332.0000, 314.0000, -13.0000,  0, 0, 0
L 332.0000, 314.0000, -13.0000,  331.0000, 315.0000, -12.0000,  0, 0, 0
L 331.0000, 315.0000, -12.0000,  322.0000, 322.0000, -11.0000,  0, 0, 0
L 322.0000, 322.0000, -11.0000,  321.0000, 322.0000, -12.0000,  0, 0, 0
L 321.0000, 322.0000, -12.0000,  315.0000, 322.0000, -14.0000,  0, 0, 0
L 315.0000, 322.0000, -14.0000,  265.0000, 323.0000, -14.0000,  0, 0, 0
L 265.0000, 323.0000, -14.0000,  280.0000, 352.0000, -18.0000,  0, 0, 0
L 280.0000, 352.0000, -18.0000,  299.0000, 348.0000, -19.0000,  0, 0, 0
L 299.0000, 348.0000, -19.0000,  309.0000, 379.0000, -19.0000,  0, 0, 0
L 309.0000, 379.0000, -19.0000,  279.0000, 393.0000, -17.0000,  0, 0, 0
L 160.0000, 874.0000, 14.0000,  160.0000, 873.0000, 14.0000,  0, 0, 0
L 458.0000, 673.0000, -19.0000,  462.0000, 678.0000, -19.0000,  0, 0, 0
L 462.0000, 678.0000, -19.0000,  467.0000, 689.0000, -18.0000,  0, 0, 0
L 467.0000, 689.0000, -18.0000,  473.0000, 703.0000, -18.0000,  0, 0, 0
L 473.0000, 703.0000, -18.0000,  460.0000, 709.0000, -19.0000,  0, 0, 0
L 460.0000, 709.0000, -19.0000,  483.0000, 755.0000, -19.0000,  0, 0, 0
L 483.0000, 755.0000, -19.0000,  498.0000, 760.0000, -19.0000,  0, 0, 0
L 498.0000, 760.0000, -19.0000,  536.0000, 773.0000, -18.0000,  0, 0, 0
L 536.0000, 773.0000, -18.0000,  564.0000, 782.0000, -17.0000,  0, 0, 0
L 564.0000, 782.0000, -17.0000,  586.0000, 790.0000, -17.0000,  0, 0, 0
L 586.0000, 790.0000, -17.0000,  596.0000, 793.0000, -17.0000,  0, 0, 0
L 596.0000, 793.0000, -17.0000,  600.0000, 794.0000, -16.0000,  0, 0, 0
L 606.0000, 796.0000, -15.0000,  626.0000, 804.0000, -5.0000,  0, 0, 0
L 626.0000, 804.0000, -5.0000,  650.0000, 811.0000, -11.0000,  0, 0, 0
L 650.0000, 811.0000, -11.0000,  661.0000, 813.0000, -14.0000,  0, 0, 0
L 673.0000, 816.0000, -18.0000,  680.0000, 818.0000, -18.0000,  0, 0, 0
L 680.0000, 818.0000, -18.0000,  680.0000, 259.0000, -18.0000,  150, 150, 150
L 680.0000, 259.0000, -18.0000,  685.0000, 258.0000, -18.0000,  127, 127, 127
L 747.0000, 239.9200, -17.0000,  747.0000, 254.0000, -11.0000,  0, 0, 0
L 747.0000, 254.0000, -11.0000,  747.0000, 282.0000, -9.0000,  0, 0, 0
L 776.5759, 458.0000, -9.0000,  692.0000, 458.0000, -9.0000,  0, 0, 0
L 692.0000, 458.0000, -9.0000,  692.0000, 290.0000, -9.0000,  0, 0, 0
L 680.0000, 818.0000, -18.0000,  748.0000, 779.0000, -9.0000,  0, 0, 0
L 748.0000, 779.0000, -9.0000,  750.0000, 545.0000, -9.0000,  0, 0, 0
L 750.0000, 545.0000, -9.0000,  750.0000, 544.0000, -9.0000,  0, 0, 0
L 750.0000, 544.0000, -9.0000,  769.0000, 526.0000, -9.0000,  0, 0, 0
L 1005.0000, 526.0000, -9.0000,  1026.0000, 549.0000, -9.0000,  0, 0, 0
L 1026.0000, 549.0000, -9.0000,  1026.0000, 778.0000, -9.0000,  0, 0, 0
L 1026.0000, 778.0000, -9.0000,  1140.0000, 778.0000, -7.0000,  0, 0, 0
L 1140.0000, 778.0000, -7.0000,  1170.0000, 750.0000, -1.0000,  0, 0, 0
L 1170.0000, 750.0000, -1.0000,  1170.0000, 747.0000, 4.0000,  0, 0, 0
L 1170.0000, 747.0000, 4.0000,  1171.0000, 741.0000, 12.0000,  0, 0, 0
L 1171.0000, 741.0000, 12.0000,  1171.0000, 728.0000, 21.0000,  0, 0, 0
L 1171.0000, 728.0000, 21.0000,  1169.0000, 709.0000, 31.0000,  0, 0, 0
L 1169.0000, 709.0000, 31.0000,  1168.0000, 705.0000, 33.0000,  0, 0, 0
L 1168.0000, 705.0000, 33.0000,  1168.0000, 699.0000, 36.0000,  0, 0, 0
L 1168.0000, 699.0000, 36.0000,  1167.0000, 693.0000, 37.0000,  0, 0, 0
L 1167.0000, 693.0000, 37.0000,  1166.0000, 690.0000, 39.0000,  0, 0, 0
L 1166.0000, 690.0000, 39.0000,  1166.0000, 680.0000, 44.0000,  0, 0, 0
L 1166.0000, 680.0000, 44.0000,  1165.0000, 652.0000, 52.0000,  0, 0, 0
L 1165.0000, 652.0000, 52.0000,  1157.0000, 626.0000, 55.0000,  0, 0, 0
L 1157.0000, 626.0000, 55.0000,  1155.0000, 610.0000, 59.0000,  0, 0, 0
L 1155.0000, 610.0000, 59.0000,  1156.0000, 606.0000, 58.0000,  0, 0, 0
L 1156.0000, 606.0000, 58.0000,  1157.0000, 598.0000, 57.0000,  0, 0, 0
L 1157.0000, 598.0000, 57.0000,  1157.0000, 595.0000, 56.0000,  0, 0, 0
L 1157.0000, 595.0000, 56.0000,  1158.0000, 592.0000, 56.0000,  0, 0, 0
L 1158.0000, 592.0000, 56.0000,  1158.0000, 589.0000, 55.0000,  0, 0, 0
L 1158.0000, 589.0000, 55.0000,  1158.0000, 586.0000, 55.0000,  0, 0, 0
L 1158.0000, 586.0000, 55.0000,  1159.0000, 583.0000, 54.0000,  0, 0, 0
L 1159.0000, 583.0000, 54.0000,  1159.0000, 575.0000, 52.0000,  0, 0, 0
L 1159.0000, 575.0000, 52.0000,  1160.0000, 571.0000, 52.0000,  0, 0, 0
L 1160.0000, 571.0000, 52.0000,  1161.0000, 558.0000, 49.0000,  0, 0, 0
L 1161.0000, 558.0000, 49.0000,  1161.0000, 555.0000, 48.0000,  0, 0, 0
L 1161.0000, 555.0000, 48.0000,  1162.0000, 552.0000, 47.0000,  0, 0, 0
L 1162.0000, 552.0000, 47.0000,  1162.0000, 542.0000, 45.0000,  0, 0, 0
L 1162.0000, 542.0000, 45.0000,  1162.0000, 508.0000, 36.0000,  0, 0, 0
L 1162.0000, 508.0000, 36.0000,  1161.0000, 495.0000, 27.0000,  0, 0, 0
L 1161.0000, 495.0000, 27.0000,  1161.0000, 492.0000, 24.0000,  0, 0, 0
L 1161.0000, 492.0000, 24.0000,  1161.0000, 486.0000, 19.0000,  0, 0, 0
L 1161.0000, 486.0000, 19.0000,  1160.0000, 483.0000, 19.0000,  0, 0, 0
L 1160.0000, 483.0000, 19.0000,  1160.0000, 480.0000, 17.0000,  0, 0, 0
L 1160.0000, 480.0000, 17.0000,  1160.0000, 477.0000, 17.0000,  0, 0, 0
L 1160.0000, 477.0000, 17.0000,  1159.0000, 474.0000, 17.0000,  0, 0, 0
L 1159.0000, 474.0000, 17.0000,  1158.0000, 464.0000, 15.0000,  0, 0, 0
L 1158.0000, 464.0000, 15.0000,  1157.0000, 461.0000, 13.0000,  0, 0, 0
L 1157.0000, 461.0000, 13.0000,  1156.0000, 457.0000, 13.0000,  0, 0, 0
L 1156.0000, 457.0000, 13.0000,  1155.0000, 451.0000, 10.0000,  0, 0, 0
L 1155.0000, 451.0000, 10.0000,  1153.0000, 439.0000, 7.0000,  0, 0, 0
L 1153.0000, 439.0000, 7.0000,  1152.0000, 436.0000, 5.0000,  0, 0, 0
L 1152.0000, 436.0000, 5.0000,  1152.0000, 433.0000, 5.0000,  0, 0, 0
L 1152.0000, 433.0000, 5.0000,  1150.0000, 422.0000, 0.0000,  0, 0, 0
L 1150.0000, 422.0000, 0.0000,  1150.0000, 417.0000, -4.0000,  0, 0, 0
L 1150.0000, 417.0000, -4.0000,  1148.0000, 407.0000, -7.0000,  0, 0, 0
L 1148.0000, 407.0000, -7.0000,  1148.0000, 401.0000, -9.0000,  0, 0, 0
L 1148.0000, 401.0000, -9.0000,  1147.0000, 389.0000, -9.0000,  0, 0, 0
L 1147.0000, 389.0000, -9.0000,  1146.0000, 368.0000, -9.0000,  0, 0, 0
L 1146.0000, 368.0000, -9.0000,  1142.0000, 324.0000, -9.0000,  0, 0, 0
L 1142.0000, 324.0000, -9.0000,  1141.0000, 318.0000, -9.0000,  0, 0, 0
L 1141.0000, 318.0000, -9.0000,  1139.0000, 311.0000, -9.0000,  0, 0, 0
L 1139.0000, 311.0000, -9.0000,  1134.0000, 298.0000, -9.0000,  0, 0, 0
L 1134.0000, 298.0000, -9.0000,  1125.0000, 277.0000, -9.0000,  0, 0, 0
L 1125.0000, 277.0000, -9.0000,  1119.0000, 266.0000, -9.0000,  0, 0, 0
L 1119.0000, 266.0000, -9.0000,  1115.0000, 257.0000, -9.0000,  0, 0, 0
L 1115.0000, 257.0000, -9.0000,  1113.0000, 252.0000, -11.0000,  0, 0, 0
L 1113.0000, 252.0000, -11.0000,  1110.0000, 247.0000, -15.0000,  0, 0, 0
L 1110.0000, 247.0000, -15.0000,  1106.0000, 241.0000, -17.0000,  0, 0, 0
L 1106.0000, 241.0000, -17.0000,  1104.0000, 236.0000, -19.0000,  0, 0, 0
L 1104.0000, 236.0000, -19.0000,  1101.0000, 230.0000, -17.0000,  0, 0, 0
L 1101.0000, 230.0000, -17.0000,  1100.0000, 207.0000, -19.0000,  0, 0, 0
L 1100.0000, 207.0000, -19.0000,  1100.0000, 192.0000, -19.0000,  0, 0, 0
L 1100.0000, 192.0000, -19.0000,  1101.0000, 180.0000, -19.0000,  0, 0, 0
L 1101.0000, 180.0000, -19.0000,  1101.0000, 172.0000, -17.0000,  0, 0, 0
L 1101.0000, 172.0000, -17.0000,  1102.0000, 127.0000, -18.0000,  0, 0, 0
L 1102.0000, 127.0000, -18.0000,  1113.0000, 111.0000, -19.0000,  0, 0, 0
L 1113.0000, 111.0000, -19.0000,  1133.0000, 90.0000, -19.0000,  0, 0, 0
L 1133.0000, 90.0000, -19.0000,  1179.0000, 47.0000, -18.0000,  0, 0, 0
L 1179.0000, 47.0000, -18.0000,  1188.0000, 39.0000, -18.0000,  0, 0, 0
L 1188.0000, 39.0000, -18.0000,  1198.0000, 31.0000, -18.0000,  0, 0, 0
L 1198.0000, 31.0000, -18.0000,  1204.0000, 28.0000, -18.0000,  0, 0, 0
L 1204.0000, 28.0000, -18.0000,  1209.0000, 25.0000, -19.0000,  0, 0, 0
L 1209.0000, 25.0000, -19.0000,  1232.0000, 28.0000, -18.0000,  0, 0, 0
L 1232.0000, 28.0000, -18.0000,  1238.0000, 30.0000, -18.0000,  0, 0, 0
L 1238.0000, 30.0000, -18.0000,  1245.0000, 34.0000, -18.0000,  0, 0, 0
L 1245.0000, 34.0000, -18.0000,  1248.0000, 38.0000, -18.0000,  0, 0, 0
L 1248.0000, 38.0000, -18.0000,  1255.0000, 45.0000, -18.0000,  0, 0, 0
L 1255.0000, 45.0000, -18.0000,  1283.0000, 73.0000, -19.0000,  0, 0, 0
L 1283.0000, 73.0000, -19.0000,  1313.0000, 102.0000, -18.0000,  0, 0, 0
L 1313.0000, 102.0000, -18.0000,  1325.0000, 115.0000, -17.0000,  0, 0, 0
L 1325.0000, 115.0000, -17.0000,  1331.0000, 122.0000, -17.0000,  0, 0, 0
L 1331.0000, 122.0000, -17.0000,  1335.0000, 127.0000, -17.0000,  0, 0, 0
L 1335.0000, 127.0000, -17.0000,  1338.0000, 134.0000, -18.0000,  0, 0, 0
L 1338.0000, 134.0000, -18.0000,  1339.0000, 137.0000, -18.0000,  0, 0, 0
L 1339.0000, 137.0000, -18.0000,  1343.0000, 151.0000, -19.0000,  0, 0, 0
L 1343.0000, 151.0000, -19.0000,  1351.0000, 179.0000, -17.0000,  0, 0, 0
L 1351.0000, 179.0000, -17.0000,  1357.0000, 200.0000, -17.0000,  0, 0, 0
L 1357.0000, 200.0000, -17.0000,  1356.0000, 205.0000, -17.0000,  0, 0, 0
L 1356.0000, 205.0000, -17.0000,  1353.0000, 214.0000, -18.0000,  0, 0, 0
L 1353.0000, 214.0000, -18.0000,  1350.0000, 225.0000, -18.0000,  0, 0, 0
L 1350.0000, 225.0000, -18.0000,  1348.0000, 234.0000, -19.0000,  0, 0, 0
L 1348.0000, 234.0000, -19.0000,  1346.0000, 245.0000, -14.0000,  0, 0, 0
L 1102.0000, 127.0000, -18.0000,  1094.0000, 128.0000, -19.0000,  0, 0, 255
L 1094.0000, 128.0000, -19.0000,  1069.0000, 123.0000, -19.0000,  0, 0, 255
L 1069.0000, 123.0000, -19.0000,  1051.0000, 117.0000, -19.0000,  0, 0, 255
L 1051.0000, 117.0000, -19.0000,  1034.0000, 121.0000, -19.0000,  0, 0, 255
L 1034.0000, 121.0000, -19.0000,  1016.0000, 124.0000, -19.0000,  0, 0, 255
L 1016.0000, 124.0000, -19.0000,  1005.0000, 120.0000, -19.0000,  0, 0, 255
L 1005.0000, 120.0000, -19.0000,  995.0000, 119.0000, -19.0000,  0, 0, 255
L 995.0000, 119.0000, -19.0000,  975.0000, 117.0000, -19.0000,  0, 0, 255
L 975.0000, 117.0000, -19.0000,  954.0000, 119.0000, -19.0000,  0, 0, 255
L 954.0000, 119.0000, -19.0000,  933.0000, 115.0000, -19.0000,  0, 0, 255
L 933.0000, 115.0000, -19.0000,  916.0000, 109.0000, -20.0000,  0, 0, 255
L 916.0000, 109.0000, -20.0000,  912.0000, 105.0000, -20.0000,  0, 0, 255
L 912.0000, 105.0000, -20.0000,  905.0000, 97.0000, -20.0000,  0, 0, 255
L 905.0000, 97.0000, -20.0000,  895.0000, 88.0000, -20.0000,  0, 0, 255
L 895.0000, 88.0000, -20.0000,  875.0000, 80.0000, -19.0000,  0, 0, 255
L 875.0000, 80.0000, -19.0000,  857.0000, 69.0000, -19.0000,  0, 0, 255
L 857.0000, 69.0000, -19.0000,  836.0000, 63.0000, -20.0000,  0, 0, 255
L 836.0000, 63.0000, -20.0000,  826.0000, 63.0000, -11.0000,  0, 0, 255
L 837.0000, 115.0000, -11.0000,  860.0000, 123.0000, -20.0000,  0, 0, 255
L 860.0000, 123.0000, -20.0000,  879.0000, 138.0000, -20.0000,  0, 0, 255
L 879.0000, 138.0000, -20.0000,  896.0000, 155.0000, -20.0000,  0, 0, 255
L 896.0000, 155.0000, -20.0000,  897.0000, 156.0000, -20.0000,  0, 0, 0
L 897.0000, 156.0000, -20.0000,  913.0000, 168.0000, -20.0000,  0, 0, 255
L 913.0000, 168.0000, -20.0000,  917.0000, 171.0000, -20.0000,  0, 0, 255
L 917.0000, 171.0000, -20.0000,  931.0000, 176.0000, -20.0000,  0, 0, 255
L 931.0000, 176.0000, -20.0000,  940.0000, 179.0000, -20.0000,  0, 0, 255
L 940.0000, 179.0000, -20.0000,  952.0000, 181.0000, -19.0000,  0, 0, 255
L 952.0000, 181.0000, -19.0000,  961.0000, 182.0000, -19.0000,  0, 0, 255
L 961.0000, 182.0000, -19.0000,  999.0000, 177.0000, -19.0000,  0, 0, 255
L 999.0000, 177.0000, -19.0000,  1009.0000, 179.0000, -19.0000,  0, 0, 255
L 1009.0000, 179.0000, -19.0000,  1037.0000, 182.0000, -19.0000,  0, 0, 255
L 1037.0000, 182.0000, -19.0000,  1043.0000, 180.0000, -19.0000,  0, 0, 255
L 1043.0000, 180.0000, -19.0000,  1053.0000, 179.0000, -19.0000,  0, 0, 255
L 1053.0000, 179.0000, -19.0000,  1061.0000, 178.0000, -19.0000,  0, 0, 255
L 1061.0000, 178.0000, -19.0000,  1083.0000, 179.0000, -19.0000,  0, 0, 255
L 1083.0000, 179.0000, -19.0000,  1095.0000, 180.0000, -19.0000,  0, 0, 255
L 1095.0000, 180.0000, -19.0000,  1101.0000, 180.0000, -19.0000,  0, 0, 255
L 1125.0000, 277.0000, -9.0000,  1087.0000, 260.0000, -19.0000,  150, 150, 150
L 875.0000, -231.0000, -13.0000,  875.0000, -309.0000, -13.0000,  0, 0, 0
L 875.0000, -309.0000, -13.0000,  877.0000, -310.0000, -16.0000,  0, 0, 0
L 877.0000, -310.0000, -16.0000,  877.0000, -327.0000, -16.0000,  0, 0, 0
L 877.0000, -327.0000, -16.0000,  860.0000, -327.0000, -16.0000,  0, 0, 0
L 860.0000, -327.0000, -16.0000,  859.0000, -325.0000, -13.0000,  0, 0, 0
L 859.0000, -325.0000, -13.0000,  821.0000, -325.0000, -13.0000,  0, 0, 0
L 821.0000, -325.0000, -13.0000,  820.0000, -327.0000, -16.0000,  0, 0, 0
L 820.0000, -327.0000, -16.0000,  806.0000, -327.0000, -16.0000,  0, 0, 0
L 806.0000, -327.0000, -16.0000,  804.0000, -325.0000, -13.0000,  0, 0, 0
L 804.0000, -325.0000, -13.0000,  765.0000, -325.0000, -13.0000,  0, 0, 0
L 765.0000, -325.0000, -13.0000,  765.0000, -320.0000, -13.0000,  0, 0, 0
L 765.0000, -320.0000, -13.0000,  805.0000, -320.0000, -10.0000,  0, 0, 0
L 805.0000, -320.0000, -10.0000,  805.0000, -311.0000, -13.0000,  0, 0, 0
L 805.0000, -311.0000, -13.0000,  820.0000, -311.0000, -13.0000,  0, 0, 0
L 820.0000, -311.0000, -13.0000,  820.0000, -320.0000, -9.0000,  0, 0, 0
L 820.0000, -320.0000, -9.0000,  859.0000, -320.0000, -9.0000,  0, 0, 0
L 859.0000, -320.0000, -9.0000,  859.0000, -310.0000, -13.0000,  0, 0, 0
L 859.0000, -310.0000, -13.0000,  870.0000, -309.0000, -13.0000,  0, 0, 0
L 870.0000, -309.0000, -13.0000,  870.0000, -231.0000, -13.0000,  0, 0, 0
L 870.0000, -231.0000, -13.0000,  860.0000, -231.0000, -13.0000,  0, 0, 0
L 860.0000, -231.0000, -13.0000,  859.0000, -220.0000, -9.0000,  0, 0, 0
L 859.0000, -220.0000, -9.0000,  820.0000, -220.0000, -9.0000,  0, 0, 0
L 820.0000, -220.0000, -9.0000,  820.0000, -229.0000, -13.0000,  0, 0, 0
L 820.0000, -229.0000, -13.0000,  805.0000, -229.0000, -13.0000,  0, 0, 0
L 805.0000, -229.0000, -13.0000,  804.0000, -220.0000, -13.0000,  0, 0, 0
L 804.0000, -220.0000, -13.0000,  713.0000, -220.0000, -13.0000,  0, 0, 0
L 713.0000, -220.0000, -13.0000,  713.0000, -231.0000, -13.0000,  0, 0, 0
L 713.0000, -231.0000, -13.0000,  702.0000, -231.0000, -13.0000,  0, 0, 0
L 702.0000, -231.0000, -13.0000,  702.0000, -309.0000, -13.0000,  0, 0, 0
L 702.0000, -309.0000, -13.0000,  713.0000, -309.0000, -13.0000,  0, 0, 0
L 713.0000, -309.0000, -13.0000,  713.0000, -320.0000, -13.0000,  0, 0, 0
L 713.0000, -320.0000, -13.0000,  740.0000, -320.0000, -13.0000,  0, 0, 0
L 740.0000, -320.0000, -13.0000,  740.0000, -325.0000, -13.0000,  0, 0, 0
L 740.0000, -325.0000, -13.0000,  713.0000, -325.0000, -13.0000,  0, 0, 0
L 713.0000, -325.0000, -13.0000,  712.0000, -327.0000, -16.0000,  0, 0, 0
L 712.0000, -327.0000, -16.0000,  696.0000, -327.0000, -16.0000,  0, 0, 0
L 696.0000, -327.0000, -16.0000,  695.0000, -310.0000, -16.0000,  0, 0, 0
L 695.0000, -310.0000, -16.0000,  698.0000, -309.0000, -13.0000,  0, 0, 0
L 698.0000, -309.0000, -13.0000,  698.0000, -231.0000, -13.0000,  0, 0, 0
L 698.0000, -231.0000, -13.0000,  695.0000, -230.0000, -16.0000,  0, 0, 0
L 695.0000, -230.0000, -16.0000,  695.0000, -214.0000, -16.0000,  0, 0, 0
L 695.0000, -214.0000, -16.0000,  713.0000, -213.0000, -16.0000,  0, 0, 0
L 713.0000, -213.0000, -16.0000,  713.0000, -215.0000, -13.0000,  0, 0, 0
L 713.0000, -215.0000, -13.0000,  804.0000, -215.0000, -13.0000,  0, 0, 0
L 804.0000, -215.0000, -13.0000,  805.0000, -213.0000, -16.0000,  0, 0, 0
L 805.0000, -213.0000, -16.0000,  820.0000, -213.0000, -16.0000,  0, 0, 0
L 820.0000, -213.0000, -16.0000,  821.0000, -215.0000, -13.0000,  0, 0, 0
L 821.0000, -215.0000, -13.0000,  859.0000, -215.0000, -13.0000,  0, 0, 0
L 859.0000, -215.0000, -13.0000,  860.0000, -213.0000, -16.0000,  0, 0, 0
L 860.0000, -213.0000, -16.0000,  876.0000, -213.0000, -16.0000,  0, 0, 0
L 876.0000, -213.0000, -16.0000,  877.0000, -230.0000, -16.0000,  0, 0, 0
L 877.0000, -230.0000, -16.0000,  875.0000, -231.0000, -13.0000,  0, 0, 0
L 756.0000, 64.0000, -11.0000,  736.0000, 70.0000, -18.0000,  0, 0, 255
L 736.0000, 70.0000, -18.0000,  717.0000, 83.0000, -18.0000,  0, 0, 255
L 717.0000, 83.0000, -18.0000,  696.0000, 90.0000, -18.0000,  0, 0, 255
L 696.0000, 90.0000, -18.0000,  676.0000, 110.0000, -18.0000,  0, 0, 255
L 676.0000, 110.0000, -18.0000,  645.0000, 130.0000, -18.0000,  0, 0, 255
L 645.0000, 130.0000, -18.0000,  637.0000, 150.0000, -18.0000,  0, 0, 255
L 637.0000, 150.0000, -18.0000,  618.0000, 170.0000, -16.0000,  0, 0, 255
L 618.0000, 170.0000, -16.0000,  610.0000, 190.0000, -17.0000,  0, 0, 255
L 610.0000, 190.0000, -17.0000,  576.0000, 229.0000, -17.0000,  0, 0, 255
L 576.0000, 229.0000, -17.0000,  562.0000, 250.0000, -17.0000,  0, 0, 255
L 562.0000, 250.0000, -17.0000,  555.0000, 272.0000, -17.0000,  0, 0, 255
L 555.0000, 272.0000, -17.0000,  542.0000, 290.0000, -17.0000,  0, 0, 255
L 542.0000, 290.0000, -17.0000,  536.0000, 310.0000, -17.0000,  0, 0, 255
L 536.0000, 310.0000, -17.0000,  536.0000, 329.0000, -17.0000,  0, 0, 255
L 536.0000, 329.0000, -17.0000,  541.0000, 350.0000, -17.0000,  0, 0, 255
L 541.0000, 350.0000, -17.0000,  542.0000, 370.0000, -17.0000,  0, 0, 255
L 542.0000, 370.0000, -17.0000,  536.0000, 390.0000, -17.0000,  0, 0, 255
L 536.0000, 390.0000, -17.0000,  543.0000, 411.0000, -17.0000,  0, 0, 255
L 543.0000, 411.0000, -17.0000,  555.0000, 429.0000, -17.0000,  0, 0, 255
L 555.0000, 429.0000, -17.0000,  563.0000, 450.0000, -17.0000,  0, 0, 255
L 563.0000, 450.0000, -17.0000,  582.0000, 470.0000, -17.0000,  0, 0, 255
L 582.0000, 470.0000, -17.0000,  610.0000, 490.0000, -17.0000,  0, 0, 255
L 610.0000, 490.0000, -17.0000,  606.0000, 515.0000, -17.0000,  0, 0, 255
L 606.0000, 515.0000, -17.0000,  600.0000, 534.0000, -17.0000,  0, 0, 255
L 600.0000, 534.0000, -17.0000,  604.0000, 557.0000, -17.0000,  0, 0, 255
L 604.0000, 557.0000, -17.0000,  606.0000, 574.0000, -17.0000,  0, 0, 255
L 606.0000, 574.0000, -17.0000,  600.0000, 592.0000, -17.0000,  0, 0, 255
L 600.0000, 592.0000, -17.0000,  599.0000, 609.0000, -17.0000,  0, 0, 255
L 599.0000, 609.0000, -17.0000,  601.0000, 631.0000, -17.0000,  0, 0, 255
L 601.0000, 631.0000, -17.0000,  599.0000, 650.0000, -17.0000,  0, 0, 255
L 599.0000, 650.0000, -17.0000,  601.0000, 670.0000, -17.0000,  0, 0, 255
L 601.0000, 670.0000, -17.0000,  598.0000, 691.0000, -17.0000,  0, 0, 255
L 598.0000, 691.0000, -17.0000,  600.0000, 708.0000, -17.0000,  0, 0, 255
L 600.0000, 708.0000, -17.0000,  606.0000, 727.0000, -17.0000,  0, 0, 255
L 606.0000, 727.0000, -17.0000,  600.0000, 767.0000, -17.0000,  0, 0, 255
L 600.0000, 767.0000, -17.0000,  600.0000, 794.0000, -16.0000,  0, 0, 255
L 661.0000, 813.0000, -14.0000,  659.0000, 789.0000, -17.0000,  0, 0, 255
L 659.0000, 789.0000, -17.0000,  659.0000, 770.0000, -17.0000,  0, 0, 255
L 659.0000, 770.0000, -17.0000,  663.0000, 751.0000, -17.0000,  0, 0, 255
L 663.0000, 751.0000, -17.0000,  658.0000, 709.0000, -17.0000,  0, 0, 255
L 658.0000, 709.0000, -17.0000,  663.0000, 670.0000, -17.0000,  0, 0, 255
L 663.0000, 670.0000, -17.0000,  659.0000, 650.0000, -17.0000,  0, 0, 255
L 659.0000, 650.0000, -17.0000,  663.0000, 630.0000, -17.0000,  0, 0, 255
L 663.0000, 630.0000, -17.0000,  658.0000, 590.0000, -17.0000,  0, 0, 255
L 658.0000, 590.0000, -17.0000,  663.0000, 550.0000, -17.0000,  0, 0, 255
L 663.0000, 550.0000, -17.0000,  659.0000, 530.0000, -17.0000,  0, 0, 255
L 659.0000, 530.0000, -17.0000,  659.0000, 510.0000, -17.0000,  0, 0, 255
L 659.0000, 510.0000, -17.0000,  662.0000, 490.0000, -17.0000,  0, 0, 255
L 662.0000, 490.0000, -17.0000,  653.0000, 469.0000, -17.0000,  0, 0, 255
L 653.0000, 469.0000, -17.0000,  638.0000, 449.0000, -17.0000,  0, 0, 255
L 638.0000, 449.0000, -17.0000,  617.0000, 429.0000, -17.0000,  0, 0, 255
L 617.0000, 429.0000, -17.0000,  604.0000, 410.0000, -17.0000,  0, 0, 255
L 604.0000, 410.0000, -17.0000,  598.0000, 389.0000, -17.0000,  0, 0, 255
L 598.0000, 389.0000, -17.0000,  597.0000, 369.0000, -17.0000,  0, 0, 255
L 597.0000, 369.0000, -17.0000,  591.0000, 350.0000, -17.0000,  0, 0, 255
L 591.0000, 350.0000, -17.0000,  586.0000, 330.0000, -17.0000,  0, 0, 255
L 586.0000, 330.0000, -17.0000,  586.0000, 310.0000, -17.0000,  0, 0, 255
L 586.0000, 310.0000, -17.0000,  593.0000, 290.0000, -17.0000,  0, 0, 255
L 593.0000, 290.0000, -17.0000,  607.0000, 270.0000, -17.0000,  0, 0, 255
L 607.0000, 270.0000, -17.0000,  626.0000, 260.0000, -17.0000,  0, 0, 255
L 626.0000, 260.0000, -17.0000,  663.0000, 189.0000, -18.0000,  0, 0, 255
L 663.0000, 189.0000, -18.0000,  681.0000, 180.0000, -18.0000,  0, 0, 255
L 681.0000, 180.0000, -18.0000,  698.0000, 165.0000, -18.0000,  0, 0, 255
L 698.0000, 165.0000, -18.0000,  716.0000, 145.0000, -18.0000,  0, 0, 255
L 716.0000, 145.0000, -18.0000,  736.0000, 132.0000, -18.0000,  0, 0, 255
L 736.0000, 132.0000, -18.0000,  756.0000, 125.0000, -11.0000,  0, 0, 255
L 220.0000, -311.0000, -17.0000,  293.0000, -458.0000, -17.0000,  0, 0, 0
L 293.0000, -458.0000, -17.0000,  305.0000, -452.0000, -17.0000,  0, 0, 0
L 305.0000, -452.0000, -17.0000,  294.0000, -429.0000, -17.0000,  0, 0, 0
L 294.0000, -429.0000, -17.0000,  365.0000, -394.0000, -17.0000,  0, 0, 0
L 365.0000, -394.0000, -17.0000,  376.0000, -416.0000, -17.0000,  0, 0, 0
L 376.0000, -416.0000, -17.0000,  388.0000, -411.0000, -17.0000,  0, 0, 0
L 388.0000, -411.0000, -17.0000,  314.0000, -264.0000, -17.0000,  0, 0, 0
L 314.0000, -264.0000, -17.0000,  302.0000, -269.0000, -17.0000,  0, 0, 0
L 302.0000, -269.0000, -17.0000,  317.0000, -300.0000, -17.0000,  0, 0, 0
L 317.0000, -300.0000, -17.0000,  247.0000, -335.0000, -17.0000,  0, 0, 0
L 247.0000, -335.0000, -17.0000,  232.0000, -305.0000, -17.0000,  0, 0, 0
L 232.0000, -305.0000, -17.0000,  220.0000, -311.0000, -17.0000,  0, 0, 0
L -300.0000, -580.0000, -17.0000,  -311.0000, -586.0000, -17.0000,  0, 0, 0
L -311.0000, -586.0000, -17.0000,  -300.0000, -608.0000, -17.0000,  0, 0, 0
L -331.0000, -624.0000, -17.0000,  -376.0000, -533.0000, -17.0000,  240, 0, 170
L -345.0000, -518.0000, -17.0000,  -330.0000, -548.0000, -17.0000,  0, 0, 0
L -330.0000, -548.0000, -17.0000,  -319.0000, -542.0000, -17.0000,  0, 0, 0
L -319.0000, -542.0000, -17.0000,  -339.0000, -502.0000, -17.0000,  0, 0, 0
L -339.0000, -502.0000, -17.0000,  -300.0000, -483.0000, -17.0000,  0, 0, 0
L -300.0000, -483.0000, -17.0000,  -240.0000, -604.0000, -17.0000,  0, 0, 0
L -240.0000, -604.0000, -17.0000,  -233.0000, -601.0000, -12.0000,  0, 0, 0
L -189.0000, -580.0000, 16.0000,  -186.0000, -584.0000, 16.0000,  0, 0, 0
L -166.0000, -626.0000, 16.0000,  -164.0000, -631.0000, 16.0000,  0, 0, 0
L -164.0000, -631.0000, 16.0000,  -170.0000, -634.0000, 11.0000,  0, 0, 0
L -213.0000, -655.0000, -17.0000,  -153.0000, -778.0000, -17.0000,  0, 0, 0
L -153.0000, -778.0000, -17.0000,  -191.0000, -797.0000, -17.0000,  0, 0, 0
L -191.0000, -797.0000, -17.0000,  -207.0000, -765.0000, -17.0000,  0, 0, 0
L -207.0000, -765.0000, -17.0000,  -219.0000, -771.0000, -17.0000,  0, 0, 0
L -219.0000, -771.0000, -17.0000,  -208.0000, -793.0000, -17.0000,  0, 0, 0
L -244.0000, -812.0000, -17.0000,  -289.0000, -721.0000, -17.0000,  240, 0, 170
L -253.0000, -703.0000, -17.0000,  -238.0000, -733.0000, -17.0000,  0, 0, 0
L -238.0000, -733.0000, -17.0000,  -226.0000, -727.0000, -17.0000,  0, 0, 0
L -226.0000, -727.0000, -17.0000,  -300.0000, -580.0000, -17.0000,  0, 0, 0
L 201.0000, -273.0000, -17.0000,  213.0000, -267.0000, -17.0000,  0, 0, 0
L 213.0000, -267.0000, -17.0000,  201.0000, -244.0000, -17.0000,  0, 0, 0
L 201.0000, -244.0000, -17.0000,  272.0000, -209.0000, -17.0000,  0, 0, 0
L 272.0000, -209.0000, -17.0000,  283.0000, -231.0000, -17.0000,  0, 0, 0
L 283.0000, -231.0000, -17.0000,  295.0000, -226.0000, -17.0000,  0, 0, 0
L 295.0000, -226.0000, -17.0000,  279.0000, -193.0000, -17.0000,  0, 0, 0
L 279.0000, -193.0000, -17.0000,  311.0000, -177.0000, -17.0000,  0, 0, 0
L 311.0000, -177.0000, -17.0000,  298.0000, -153.0000, -16.0000,  0, 0, 0
L 298.0000, -153.0000, -16.0000,  279.0000, -154.0000, -14.0000,  0, 0, 0
L 458.0000, -509.0000, -17.0000,  473.0000, -502.0000, -17.0000,  0, 0, 0
L 473.0000, -502.0000, -17.0000,  460.0000, -474.0000, -17.0000,  0, 0, 0
L 460.0000, -474.0000, -17.0000,  427.0000, -489.0000, -17.0000,  0, 0, 0
L 427.0000, -489.0000, -17.0000,  407.0000, -449.0000, -17.0000,  0, 0, 0
L 407.0000, -449.0000, -17.0000,  395.0000, -454.0000, -17.0000,  0, 0, 0
L 395.0000, -454.0000, -17.0000,  410.0000, -485.0000, -17.0000,  0, 0, 0
L 410.0000, -485.0000, -17.0000,  339.0000, -520.0000, -17.0000,  0, 0, 0
L 339.0000, -520.0000, -17.0000,  324.0000, -490.0000, -17.0000,  0, 0, 0
L 324.0000, -490.0000, -17.0000,  312.0000, -496.0000, -17.0000,  0, 0, 0
L 312.0000, -496.0000, -17.0000,  332.0000, -536.0000, -17.0000,  0, 0, 0
L 332.0000, -536.0000, -17.0000,  294.0000, -554.0000, -19.0000,  0, 0, 0
L 185.0000, 440.0000, -17.0000,  201.0000, 473.0000, -17.0000,  0, 0, 0
L 201.0000, 473.0000, -17.0000,  213.0000, 467.0000, -17.0000,  0, 0, 0
L 213.0000, 467.0000, -17.0000,  201.0000, 444.0000, -17.0000,  0, 0, 0
L 201.0000, 444.0000, -17.0000,  272.0000, 409.0000, -17.0000,  0, 0, 0
L 272.0000, 409.0000, -17.0000,  283.0000, 431.0000, -17.0000,  0, 0, 0
L 283.0000, 431.0000, -17.0000,  295.0000, 426.0000, -17.0000,  0, 0, 0
L 295.0000, 426.0000, -17.0000,  279.0000, 393.0000, -17.0000,  0, 0, 0
L 314.0000, 464.0000, -17.0000,  388.0000, 611.0000, -17.0000,  0, 0, 0
L 388.0000, 611.0000, -17.0000,  376.0000, 616.0000, -17.0000,  0, 0, 0
L 376.0000, 616.0000, -17.0000,  365.0000, 594.0000, -17.0000,  0, 0, 0
L 365.0000, 594.0000, -17.0000,  294.0000, 629.0000, -17.0000,  0, 0, 0
L 294.0000, 629.0000, -17.0000,  305.0000, 652.0000, -17.0000,  0, 0, 0
L 305.0000, 652.0000, -17.0000,  293.0000, 658.0000, -17.0000,  0, 0, 0
L 293.0000, 658.0000, -17.0000,  220.0000, 511.0000, -17.0000,  0, 0, 0
L 220.0000, 511.0000, -17.0000,  232.0000, 505.0000, -17.0000,  0, 0, 0
L 232.0000, 505.0000, -17.0000,  247.0000, 535.0000, -17.0000,  0, 0, 0
L 247.0000, 535.0000, -17.0000,  317.0000, 500.0000, -17.0000,  0, 0, 0
L 317.0000, 500.0000, -17.0000,  302.0000, 469.0000, -17.0000,  0, 0, 0
L 302.0000, 469.0000, -17.0000,  314.0000, 464.0000, -17.0000,  0, 0, 0
L 427.0000, 689.0000, -17.0000,  407.0000, 649.0000, -17.0000,  0, 0, 0
L 407.0000, 649.0000, -17.0000,  395.0000, 654.0000, -17.0000,  0, 0, 0
L 395.0000, 654.0000, -17.0000,  410.0000, 685.0000, -17.0000,  0, 0, 0
L 410.0000, 685.0000, -17.0000,  339.0000, 720.0000, -17.0000,  0, 0, 0
L 339.0000, 720.0000, -17.0000,  324.0000, 690.0000, -17.0000,  0, 0, 0
L 324.0000, 690.0000, -17.0000,  312.0000, 696.0000, -17.0000,  0, 0, 0
L 312.0000, 696.0000, -17.0000,  332.0000, 736.0000, -17.0000,  0, 0, 0
L 332.0000, 736.0000, -17.0000,  294.0000, 755.0000, -17.0000,  0, 0, 0
L 294.0000, 755.0000, -17.0000,  233.0000, 633.0000, -17.0000,  0, 0, 0
L 233.0000, 633.0000, -17.0000,  226.0000, 636.0000, -12.0000,  0, 0, 0
L 183.0000, 657.0000, 16.0000,  180.0000, 652.0000, 16.0000,  0, 0, 0
L 180.0000, 652.0000, 16.0000,  169.0000, 658.0000, 16.0000,  0, 0, 0
L 169.0000, 658.0000, 16.0000,  180.0000, 681.0000, 16.0000,  0, 0, 0
L 180.0000, 681.0000, 16.0000,  109.0000, 716.0000, 16.0000,  0, 0, 0
L 109.0000, 716.0000, 16.0000,  97.0000, 691.0000, 16.0000,  0, 0, 0
L 97.0000, 691.0000, 16.0000,  85.0000, 697.0000, 16.0000,  0, 0, 0
L 85.0000, 697.0000, 16.0000,  102.0000, 732.0000, 16.0000,  0, 0, 0
L 102.0000, 732.0000, 16.0000,  73.0000, 747.0000, 16.0000,  0, 0, 0
L 73.0000, 747.0000, 16.0000,  81.0000, 763.0000, 17.0000,  0, 0, 0
L 81.0000, 763.0000, 17.0000,  101.0000, 754.0000, 16.0000,  0, 0, 0
L 101.0000, 754.0000, 16.0000,  161.0000, 875.0000, 16.0000,  0, 0, 0
L 161.0000, 875.0000, 16.0000,  122.0000, 894.0000, 16.0000,  0, 0, 0
L 23.0000, 944.0000, 16.0000,  -37.0000, 823.0000, 16.0000,  0, 0, 0
L -37.0000, 823.0000, 16.0000,  -19.0000, 813.0000, 16.0000,  0, 0, 0
L -19.0000, 813.0000, 16.0000,  -27.0000, 797.0000, 16.0000,  0, 0, 0
L -27.0000, 797.0000, 16.0000,  -56.0000, 811.0000, 16.0000,  0, 0, 0
L -56.0000, 811.0000, 16.0000,  -72.0000, 779.0000, 16.0000,  0, 0, 0
L -72.0000, 779.0000, 16.0000,  -84.0000, 784.0000, 16.0000,  0, 0, 0
L -84.0000, 784.0000, 16.0000,  -73.0000, 807.0000, 16.0000,  0, 0, 0
L -73.0000, 807.0000, 16.0000,  -143.0000, 842.0000, 16.0000,  0, 0, 0
L -143.0000, 842.0000, 16.0000,  -155.0000, 820.0000, 16.0000,  0, 0, 0
L -155.0000, 820.0000, 16.0000,  -166.0000, 826.0000, 16.0000,  0, 0, 0
L -166.0000, 826.0000, 16.0000,  -164.0000, 831.0000, 16.0000,  0, 0, 0
L -164.0000, 831.0000, 16.0000,  -170.0000, 834.0000, 11.0000,  0, 0, 0
L -213.0000, 856.0000, -17.0000,  -153.0000, 978.0000, -17.0000,  0, 0, 0
L -153.0000, 978.0000, -17.0000,  -191.0000, 997.0000, -17.0000,  0, 0, 0
L -191.0000, 997.0000, -17.0000,  -207.0000, 965.0000, -17.0000,  0, 0, 0
L -207.0000, 965.0000, -17.0000,  -219.0000, 971.0000, -17.0000,  0, 0, 0
L -219.0000, 971.0000, -17.0000,  -208.0000, 993.0000, -17.0000,  0, 0, 0
L -251.0000, 1015.0000, -17.0000,  -297.0000, 925.0000, -17.0000,  240, 0, 170
L -253.0000, 903.0000, -17.0000,  -238.0000, 933.0000, -17.0000,  0, 0, 0
L -238.0000, 933.0000, -17.0000,  -226.0000, 927.0000, -17.0000,  0, 0, 0
L -226.0000, 927.0000, -17.0000,  -300.0000, 780.0000, -17.0000,  0, 0, 0
L -300.0000, 780.0000, -17.0000,  -311.0000, 786.0000, -17.0000,  0, 0, 0
L -311.0000, 786.0000, -17.0000,  -300.0000, 808.0000, -17.0000,  0, 0, 0
L -340.0000, 828.0000, -17.0000,  -385.0000, 737.0000, -17.0000,  240, 0, 170
L -345.0000, 718.0000, -17.0000,  -330.0000, 748.0000, -17.0000,  0, 0, 0
L -330.0000, 748.0000, -17.0000,  -319.0000, 742.0000, -17.0000,  0, 0, 0
L -319.0000, 742.0000, -17.0000,  -339.0000, 702.0000, -17.0000,  0, 0, 0
L -339.0000, 702.0000, -17.0000,  -300.0000, 683.0000, -17.0000,  0, 0, 0
L -300.0000, 683.0000, -17.0000,  -239.0000, 804.0000, -17.0000,  0, 0, 0
L -239.0000, 804.0000, -17.0000,  -232.0000, 801.0000, -12.0000,  0, 0, 0
L -189.0000, 780.0000, 16.0000,  -187.0000, 785.0000, 16.0000,  0, 0, 0
L -187.0000, 785.0000, 16.0000,  -175.0000, 779.0000, 16.0000,  0, 0, 0
L -175.0000, 779.0000, 16.0000,  -186.0000, 757.0000, 16.0000,  0, 0, 0
L -186.0000, 757.0000, 16.0000,  -115.0000, 721.0000, 16.0000,  0, 0, 0
L -115.0000, 721.0000, 16.0000,  -103.0000, 746.0000, 16.0000,  0, 0, 0
L -103.0000, 746.0000, 16.0000,  -91.0000, 741.0000, 16.0000,  0, 0, 0
L -91.0000, 741.0000, 16.0000,  -109.0000, 705.0000, 16.0000,  0, 0, 0
L -109.0000, 705.0000, 16.0000,  -80.0000, 691.0000, 16.0000,  0, 0, 0
L -80.0000, 691.0000, 16.0000,  -88.0000, 675.0000, 16.0000,  0, 0, 0
L -88.0000, 675.0000, 16.0000,  -107.0000, 684.0000, 16.0000,  0, 0, 0
L -107.0000, 684.0000, 16.0000,  -167.0000, 563.0000, 16.0000,  0, 0, 0
L -167.0000, 563.0000, 16.0000,  -129.0000, 544.0000, 16.0000,  0, 0, 0
L -29.0000, 494.0000, 16.0000,  31.0000, 615.0000, 16.0000,  0, 0, 0
L 31.0000, 615.0000, 16.0000,  12.0000, 626.0000, 16.0000,  0, 0, 0
L 12.0000, 626.0000, 16.0000,  19.0000, 640.0000, 16.0000,  0, 0, 0
L 19.0000, 640.0000, 16.0000,  50.0000, 626.0000, 16.0000,  0, 0, 0
L 50.0000, 626.0000, 16.0000,  66.0000, 659.0000, 16.0000,  0, 0, 0
L 66.0000, 659.0000, 16.0000,  78.0000, 653.0000, 16.0000,  0, 0, 0
L 78.0000, 653.0000, 16.0000,  66.0000, 630.0000, 16.0000,  0, 0, 0
L 66.0000, 630.0000, 16.0000,  137.0000, 595.0000, 16.0000,  0, 0, 0
L 137.0000, 595.0000, 16.0000,  148.0000, 618.0000, 16.0000,  0, 0, 0
L 148.0000, 618.0000, 16.0000,  160.0000, 612.0000, 16.0000,  0, 0, 0
L 160.0000, 612.0000, 16.0000,  158.0000, 607.0000, 16.0000,  0, 0, 0
L 158.0000, 607.0000, 16.0000,  164.0000, 603.0000, 11.0000,  0, 0, 0
L 207.0000, 582.0000, -17.0000,  146.0000, 459.0000, -17.0000,  0, 0, 0
L 146.0000, 459.0000, -17.0000,  185.0000, 440.0000, -17.0000,  0, 0, 0
L 1472.0000, 168.0000, -18.0000,  1536.0000, 231.0000, -14.0000,  0, 0, 0
L 1536.0000, 231.0000, -14.0000,  1615.0000, 220.0000, -15.0000,  0, 0, 0
L 1615.0000, 220.0000, -15.0000,  1695.0000, 230.0000, -13.0000,  0, 0, 0
L 1719.0000, 319.0000, -14.0000,  1616.0000, 359.0000, -13.0000,  0, 0, 0
L 1616.0000, 359.0000, -13.0000,  1497.0000, 379.0000, -14.0000,  0, 0, 0
L 1497.0000, 379.0000, -14.0000,  1398.0000, 335.0000, -14.0000,  0, 0, 0
L 1398.0000, 335.0000, -14.0000,  1337.0000, 275.0000, -14.0000,  0, 0, 0
L 1337.0000, 275.0000, -14.0000,  1346.0000, 245.0000, -14.0000,  0, 0, 0
L 1695.0000, 230.0000, -13.0000,  1719.0000, 319.0000, -14.0000,  240, 0, 170
L -240.0000, -604.0000, -17.0000,  -213.0000, -655.0000, -17.0000,  150, 150, 150
L -214.0000, -592.0000, 0.0000,  -208.0000, -589.0000, 3.0000,  0, 0, 0
L -188.0000, -643.0000, 0.0000,  -194.0000, -646.0000, -4.0000,  0, 0, 0
L -214.0000, -592.0000, 0.0000,  -188.0000, -643.0000, 0.0000,  150, 150, 150
L -186.0000, -584.0000, 16.0000,  -164.0000, -631.0000, 16.0000,  150, 150, 150
L -201.0000, -586.0000, 7.0000,  -195.0000, -583.0000, 11.0000,  0, 0, 0
L -176.0000, -637.0000, 7.0000,  -182.0000, -640.0000, 3.0000,  0, 0, 0
L -201.0000, -586.0000, 7.0000,  -176.0000, -637.0000, 7.0000,  150, 150, 150
L -227.0000, -598.0000, -8.0000,  -220.0000, -595.0000, -4.0000,  0, 0, 0
L -200.0000, -649.0000, -8.0000,  -206.0000, -652.0000, -12.0000,  0, 0, 0
L -227.0000, -598.0000, -8.0000,  -200.0000, -649.0000, -8.0000,  150, 150, 150
L -233.0000, -601.0000, -12.0000,  -227.0000, -598.0000, -8.0000,  0, 0, 0
L -206.0000, -652.0000, -12.0000,  -213.0000, -655.0000, -17.0000,  0, 0, 0
L -233.0000, -601.0000, -12.0000,  -206.0000, -652.0000, -12.0000,  150, 150, 150
L -220.0000, -595.0000, -4.0000,  -214.0000, -592.0000, 0.0000,  0, 0, 0
L -194.0000, -646.0000, -4.0000,  -200.0000, -649.0000, -8.0000,  0, 0, 0
L -220.0000, -595.0000, -4.0000,  -194.0000, -646.0000, -4.0000,  150, 150, 150
L -208.0000, -589.0000, 3.0000,  -201.0000, -586.0000, 7.0000,  0, 0, 0
L -182.0000, -640.0000, 3.0000,  -188.0000, -643.0000, 0.0000,  0, 0, 0
L -208.0000, -589.0000, 3.0000,  -182.0000, -640.0000, 3.0000,  150, 150, 150
L -195.0000, -583.0000, 11.0000,  -189.0000, -580.0000, 16.0000,  0, 0, 0
L -170.0000, -634.0000, 11.0000,  -176.0000, -637.0000, 7.0000,  0, 0, 0
L -195.0000, -583.0000, 11.0000,  -170.0000, -634.0000, 11.0000,  150, 150, 150
L -175.0000, -579.0000, 16.0000,  -186.0000, -557.0000, 16.0000,  0, 0, 0
L -186.0000, -557.0000, 16.0000,  -115.0000, -521.0000, 16.0000,  0, 0, 0
L -115.0000, -521.0000, 16.0000,  -103.0000, -546.0000, 16.0000,  0, 0, 0
L -103.0000, -546.0000, 16.0000,  -91.0000, -541.0000, 16.0000,  0, 0, 0
L -91.0000, -541.0000, 16.0000,  -109.0000, -505.0000, 16.0000,  0, 0, 0
L -109.0000, -505.0000, 16.0000,  -80.0000, -490.0000, 16.0000,  0, 0, 0
L -80.0000, -490.0000, 16.0000,  -87.0000, -474.0000, 16.0000,  0, 0, 0
L -87.0000, -474.0000, 16.0000,  -107.0000, -484.0000, 16.0000,  0, 0, 0
L -18.0000, -613.0000, 16.0000,  -26.0000, -597.0000, 16.0000,  0, 0, 0
L -26.0000, -597.0000, 16.0000,  -56.0000, -611.0000, 16.0000,  0, 0, 0
L -56.0000, -611.0000, 16.0000,  -72.0000, -579.0000, 16.0000,  0, 0, 0
L -72.0000, -579.0000, 16.0000,  -84.0000, -584.0000, 16.0000,  0, 0, 0
L -84.0000, -584.0000, 16.0000,  -73.0000, -607.0000, 16.0000,  0, 0, 0
L -73.0000, -607.0000, 16.0000,  -143.0000, -642.0000, 16.0000,  0, 0, 0
L -143.0000, -642.0000, 16.0000,  -155.0000, -620.0000, 16.0000,  0, 0, 0
L -155.0000, -620.0000, 16.0000,  -166.0000, -626.0000, 16.0000,  0, 0, 0
L 12.0000, -425.0000, 16.0000,  20.0000, -440.0000, 16.0000,  0, 0, 0
L 20.0000, -440.0000, 16.0000,  50.0000, -426.0000, 16.0000,  0, 0, 0
L 50.0000, -426.0000, 16.0000,  66.0000, -459.0000, 16.0000,  0, 0, 0
L 66.0000, -459.0000, 16.0000,  77.0000, -453.0000, 16.0000,  0, 0, 0
L 85.0000, -497.0000, 16.0000,  102.0000, -532.0000, 16.0000,  0, 0, 0
L 102.0000, -532.0000, 16.0000,  74.0000, -548.0000, 16.0000,  0, 0, 0
L 74.0000, -548.0000, 16.0000,  80.0000, -561.0000, 16.0000,  0, 0, 0
L 160.0000, -674.0000, 16.0000,  121.0000, -693.0000, 16.0000,  0, 0, 0
L 23.0000, -743.0000, 16.0000,  -37.0000, -623.0000, 16.0000,  0, 0, 0
L -167.0000, -363.0000, 16.0000,  -127.0000, -343.0000, 16.0000,  0, 0, 0
L -107.0000, -484.0000, 16.0000,  -167.0000, -363.0000, 16.0000,  0, 0, 0
L -186.0000, -584.0000, 16.0000,  -175.0000, -579.0000, 16.0000,  0, 0, 0
L -37.0000, -623.0000, 16.0000,  -18.0000, -613.0000, 16.0000,  0, 0, 0
L -68.0000, -315.0000, 16.0000,  -29.0000, -295.0000, 16.0000,  0, 0, 0
L -127.0000, -343.0000, 16.0000,  -68.0000, -314.0000, 16.0000,  0, 0, 0
L 61.0000, -723.0000, 16.0000,  23.0000, -743.0000, 16.0000,  0, 0, 0
L 121.0000, -693.0000, 16.0000,  61.0000, -723.0000, 16.0000,  0, 0, 0
L 121.0000, -693.0000, 16.0000,  31.0000, -513.0000, 16.0000,  0, 0, 255
L 21.0000, -493.0000, 16.0000,  -68.0000, -315.0000, 16.0000,  0, 0, 255
L 61.0000, -723.0000, 16.0000,  -28.0000, -542.0000, 16.0000,  0, 0, 255
L -28.0000, -542.0000, 16.0000,  31.0000, -513.0000, 16.0000,  0, 0, 255
L -38.0000, -521.0000, 16.0000,  21.0000, -493.0000, 16.0000,  0, 0, 255
L -38.0000, -521.0000, 16.0000,  -127.0000, -343.0000, 16.0000,  0, 0, 255
L 160.0000, -674.0000, 16.0000,  98.0000, -551.0000, 16.0000,  0, 0, 0
L 31.0000, -415.0000, 16.0000,  12.0000, -425.0000, 16.0000,  0, 0, 0
L 30.0000, -415.0000, 16.0000,  -29.0000, -295.0000, 16.0000,  0, 0, 0
L 80.0000, -561.0000, 16.0000,  98.0000, -551.0000, 16.0000,  0, 0, 0
L 66.0000, -430.0000, 16.0000,  137.0000, -395.0000, 16.0000,  0, 0, 0
L 180.0000, -481.0000, 16.0000,  109.0000, -516.0000, 16.0000,  0, 0, 0
L 109.0000, -516.0000, 16.0000,  96.0000, -491.0000, 16.0000,  0, 0, 0
L 77.0000, -453.0000, 16.0000,  66.0000, -430.0000, 16.0000,  0, 0, 0
L 85.0000, -497.0000, 16.0000,  96.0000, -491.0000, 16.0000,  0, 0, 0
L 179.0000, -449.0000, 16.0000,  160.0000, -411.0000, 16.0000,  150, 150, 150
L 180.0000, -481.0000, 16.0000,  167.0000, -455.0000, 16.0000,  0, 0, 0
L 148.0000, -417.0000, 16.0000,  160.0000, -411.0000, 16.0000,  0, 0, 0
L 167.0000, -455.0000, 16.0000,  179.0000, -449.0000, 16.0000,  0, 0, 0
L 148.0000, -417.0000, 16.0000,  137.0000, -395.0000, 16.0000,  0, 0, 0
L 148.0000, -259.0000, -19.0000,  209.0000, -384.0000, -19.0000,  0, 0, 0
L 228.0000, -422.0000, -19.0000,  294.0000, -554.0000, -19.0000,  0, 0, 0
L 228.0000, -422.0000, -19.0000,  222.0000, -425.0000, -14.0000,  0, 0, 0
L 160.0000, -411.0000, 16.0000,  166.0000, -408.0000, 11.0000,  0, 0, 0
L 228.0000, -422.0000, -19.0000,  209.0000, -384.0000, -19.0000,  150, 150, 150
L 204.0000, -435.0000, -1.0000,  197.0000, -439.0000, 2.0000,  0, 0, 0
L 185.0000, -397.0000, -1.0000,  191.0000, -394.0000, -5.0000,  0, 0, 0
L 204.0000, -435.0000, -1.0000,  185.0000, -397.0000, -1.0000,  150, 150, 150
L 191.0000, -442.0000, 7.0000,  185.0000, -446.0000, 11.0000,  0, 0, 0
L 172.0000, -404.0000, 7.0000,  178.0000, -401.0000, 2.0000,  0, 0, 0
L 191.0000, -442.0000, 7.0000,  172.0000, -404.0000, 7.0000,  150, 150, 150
L 216.0000, -429.0000, -10.0000,  210.0000, -432.0000, -5.0000,  0, 0, 0
L 197.0000, -390.0000, -10.0000,  203.0000, -387.0000, -14.0000,  0, 0, 0
L 216.0000, -429.0000, -10.0000,  197.0000, -390.0000, -10.0000,  150, 150, 150
L 222.0000, -425.0000, -14.0000,  216.0000, -429.0000, -10.0000,  0, 0, 0
L 203.0000, -387.0000, -14.0000,  209.0000, -384.0000, -19.0000,  0, 0, 0
L 222.0000, -425.0000, -14.0000,  203.0000, -387.0000, -14.0000,  150, 150, 150
L 210.0000, -432.0000, -5.0000,  204.0000, -435.0000, -1.0000,  0, 0, 0
L 191.0000, -394.0000, -5.0000,  197.0000, -390.0000, -10.0000,  0, 0, 0
L 210.0000, -432.0000, -5.0000,  191.0000, -394.0000, -5.0000,  150, 150, 150
L 197.0000, -439.0000, 2.0000,  191.0000, -442.0000, 7.0000,  0, 0, 0
L 178.0000, -401.0000, 2.0000,  185.0000, -397.0000, -1.0000,  0, 0, 0
L 197.0000, -439.0000, 2.0000,  178.0000, -401.0000, 2.0000,  150, 150, 150
L 185.0000, -446.0000, 11.0000,  179.0000, -449.0000, 16.0000,  0, 0, 0
L 166.0000, -408.0000, 11.0000,  172.0000, -404.0000, 7.0000,  0, 0, 0
L 185.0000, -446.0000, 11.0000,  166.0000, -408.0000, 11.0000,  150, 150, 150
L 182.0000, 594.0000, 0.0000,  188.0000, 591.0000, -4.0000,  0, 0, 0
L 208.0000, 645.0000, 0.0000,  201.0000, 648.0000, 3.0000,  0, 0, 0
L 182.0000, 594.0000, 0.0000,  208.0000, 645.0000, 0.0000,  150, 150, 150
L 207.0000, 582.0000, -17.0000,  233.0000, 633.0000, -17.0000,  150, 150, 150
L 158.0000, 607.0000, 16.0000,  183.0000, 657.0000, 16.0000,  150, 150, 150
L 170.0000, 600.0000, 7.0000,  176.0000, 597.0000, 3.0000,  0, 0, 0
L 195.0000, 651.0000, 7.0000,  189.0000, 654.0000, 11.0000,  0, 0, 0
L 170.0000, 600.0000, 7.0000,  195.0000, 651.0000, 7.0000,  150, 150, 150
L 194.0000, 588.0000, -8.0000,  200.0000, 585.0000, -12.0000,  0, 0, 0
L 220.0000, 639.0000, -8.0000,  214.0000, 642.0000, -4.0000,  0, 0, 0
L 194.0000, 588.0000, -8.0000,  220.0000, 639.0000, -8.0000,  150, 150, 150
L 200.0000, 585.0000, -12.0000,  207.0000, 582.0000, -17.0000,  0, 0, 0
L 226.0000, 636.0000, -12.0000,  220.0000, 639.0000, -8.0000,  0, 0, 0
L 200.0000, 585.0000, -12.0000,  226.0000, 636.0000, -12.0000,  150, 150, 150
L 188.0000, 591.0000, -4.0000,  194.0000, 588.0000, -8.0000,  0, 0, 0
L 214.0000, 642.0000, -4.0000,  208.0000, 645.0000, 0.0000,  0, 0, 0
L 188.0000, 591.0000, -4.0000,  214.0000, 642.0000, -4.0000,  150, 150, 150
L 176.0000, 597.0000, 3.0000,  182.0000, 594.0000, 0.0000,  0, 0, 0
L 201.0000, 648.0000, 3.0000,  195.0000, 651.0000, 7.0000,  0, 0, 0
L 176.0000, 597.0000, 3.0000,  201.0000, 648.0000, 3.0000,  150, 150, 150
L 164.0000, 603.0000, 11.0000,  170.0000, 600.0000, 7.0000,  0, 0, 0
L 189.0000, 654.0000, 11.0000,  183.0000, 657.0000, 16.0000,  0, 0, 0
L 164.0000, 603.0000, 11.0000,  189.0000, 654.0000, 11.0000,  150, 150, 150
L 427.0000, 689.0000, -17.0000,  458.0000, 673.0000, -19.0000,  0, 0, 0
L 600.0000, 794.0000, -16.0000,  606.0000, 796.0000, -15.0000,  0, 0, 0
L -213.0000, 856.0000, -17.0000,  -239.0000, 804.0000, -17.0000,  150, 150, 150
L -188.0000, 843.0000, 0.0000,  -194.0000, 846.0000, -4.0000,  0, 0, 0
L -214.0000, 792.0000, 0.0000,  -207.0000, 789.0000, 3.0000,  0, 0, 0
L -188.0000, 843.0000, 0.0000,  -214.0000, 792.0000, 0.0000,  150, 150, 150
L -166.0000, 826.0000, 16.0000,  -187.0000, 785.0000, 16.0000,  150, 150, 150
L -176.0000, 837.0000, 7.0000,  -182.0000, 840.0000, 3.0000,  0, 0, 0
L -201.0000, 786.0000, 7.0000,  -195.0000, 783.0000, 11.0000,  0, 0, 0
L -176.0000, 837.0000, 7.0000,  -201.0000, 786.0000, 7.0000,  150, 150, 150
L -200.0000, 849.0000, -8.0000,  -206.0000, 852.0000, -12.0000,  0, 0, 0
L -226.0000, 798.0000, -8.0000,  -220.0000, 795.0000, -4.0000,  0, 0, 0
L -200.0000, 849.0000, -8.0000,  -226.0000, 798.0000, -8.0000,  150, 150, 150
L -206.0000, 852.0000, -12.0000,  -213.0000, 856.0000, -17.0000,  0, 0, 0
L -232.0000, 801.0000, -12.0000,  -226.0000, 798.0000, -8.0000,  0, 0, 0
L -206.0000, 852.0000, -12.0000,  -232.0000, 801.0000, -12.0000,  150, 150, 150
L -182.0000, 840.0000, 3.0000,  -188.0000, 843.0000, 0.0000,  0, 0, 0
L -207.0000, 789.0000, 3.0000,  -201.0000, 786.0000, 7.0000,  0, 0, 0
L -182.0000, 840.0000, 3.0000,  -207.0000, 789.0000, 3.0000,  150, 150, 150
L -170.0000, 834.0000, 11.0000,  -176.0000, 837.0000, 7.0000,  0, 0, 0
L -195.0000, 783.0000, 11.0000,  -189.0000, 780.0000, 16.0000,  0, 0, 0
L -170.0000, 834.0000, 11.0000,  -195.0000, 783.0000, 11.0000,  150, 150, 150
L -194.0000, 846.0000, -4.0000,  -200.0000, 849.0000, -8.0000,  0, 0, 0
L -220.0000, 795.0000, -4.0000,  -214.0000, 792.0000, 0.0000,  0, 0, 0
L -194.0000, 846.0000, -4.0000,  -220.0000, 795.0000, -4.0000,  150, 150, 150
L 62.0000, 924.0000, 16.0000,  23.0000, 944.0000, 16.0000,  0, 0, 0
L 122.0000, 894.0000, 16.0000,  62.0000, 924.0000, 16.0000,  0, 0, 0
L -68.0000, 513.0000, 16.0000,  -29.0000, 494.0000, 16.0000,  0, 0, 0
L -129.0000, 544.0000, 16.0000,  -68.0000, 513.0000, 16.0000,  0, 0, 0
L 122.0000, 894.0000, 16.0000,  31.0000, 712.0000, 16.0000,  0, 0, 255
L 31.0000, 712.0000, 16.0000,  -28.0000, 744.0000, 16.0000,  0, 0, 255
L -129.0000, 544.0000, 16.0000,  -38.0000, 725.0000, 16.0000,  0, 0, 255
L -28.0000, 744.0000, 16.0000,  62.0000, 924.0000, 16.0000,  0, 0, 255
L 22.0000, 693.0000, 16.0000,  -68.0000, 513.0000, 16.0000,  0, 0, 255
L 22.0000, 693.0000, 16.0000,  -38.0000, 725.0000, 16.0000,  0, 0, 255
L 661.0000, 813.0000, -14.0000,  673.0000, 816.0000, -18.0000,  0, 0, 0
L 746.6000, 258.6000, -8.7000,  803.8000, 258.5000, -8.7000,  150, 150, 150
L 803.8000, 258.5000, -8.7000,  814.0000, 247.7000, -8.7000,  150, 150, 150
L 814.0000, 247.7000, -8.7000,  814.5000, 218.6000, -8.7000,  150, 150, 150
L 814.5000, 218.6000, -8.7000,  957.8000, 218.7000, -8.7000,  150, 150, 150
L -208.0000, 993.0000, -17.0000,  -251.0000, 1015.0000, -17.0000,  0, 0, 0
L -251.0000, 1015.0000, -17.0000,  -277.0000, 1028.3000, -17.0000,  0, 0, 0
L -253.0000, 903.0000, -17.0000,  -297.0000, 925.0000, -17.0000,  0, 0, 0
L -297.0000, 925.0000, -17.0000,  -325.2000, 939.1000, -17.0000,  0, 0, 0
L -300.0000, 808.0000, -17.0000,  -340.0000, 828.0000, -17.0000,  0, 0, 0
L -340.0000, 828.0000, -17.0000,  -369.1000, 842.6000, -17.0000,  0, 0, 0
L -345.0000, 718.0000, -17.0000,  -385.0000, 737.0000, -17.0000,  0, 0, 0
L -385.0000, 737.0000, -17.0000,  -412.5000, 750.0000, -17.0000,  0, 0, 0
L 1719.0000, 319.0000, -14.0000,  1754.0000, 305.4000, -14.3000,  0, 0, 0
L 1695.0000, 230.0000, -13.0000,  1719.0000, 230.0000, -13.0000,  0, 0, 0
L -345.0000, -518.0000, -17.0000,  -376.0000, -533.0000, -17.0000,  0, 0, 0
L -376.0000, -533.0000, -17.0000,  -431.5000, -559.9000, -17.0000,  0, 0, 0
L -300.0000, -608.0000, -17.0000,  -331.0000, -624.0000, -17.0000,  0, 0, 0
L -331.0000, -624.0000, -17.0000,  -376.0000, -647.2000, -17.0000,  0, 0, 0
L -253.0000, -703.0000, -17.0000,  -289.0000, -721.0000, -17.0000,  0, 0, 0
L -289.0000, -721.0000, -17.0000,  -331.0000, -742.0000, -17.0000,  0, 0, 0
L -208.0000, -793.0000, -17.0000,  -244.0000, -812.0000, -17.0000,  0, 0, 0
L -244.0000, -812.0000, -17.0000,  -289.0000, -835.8000, -17.0000,  0, 0, 0
L 182.0000, 23.0000, -14.0000,  182.0000, 85.0000, -14.0000,  0, 0, 0
L 247.0000, 85.0000, -14.0000,  247.0000, 105.4000, -14.0000,  0, 0, 0
L 277.0000, 23.0000, -14.0000,  182.0000, 23.0000, -14.0000,  0, 0, 0
L 247.0000, 85.0000, -14.0000,  264.0000, 85.0000, -14.0000,  0, 0, 0
L 182.0000, 85.0000, -14.0000,  182.0000, 101.0000, -14.0000,  0, 0, 0
L 247.0000, 85.0000, -14.0000,  182.0000, 85.0000, -14.0000,  199, 21, 133
L 1009.4000, -55.3000, -7.8000,  1006.7000, -55.3000, -7.8000,  0, 0, 0
L 983.4000, -28.4000, -7.8000,  983.4000, -55.3000, -7.8000,  0, 0, 0
L 983.4000, -28.4000, -7.8000,  1006.7000, -28.4000, -7.8000,  0, 0, 0
L 1020.3000, -15.9000, -18.7000,  1020.3000, -63.7000, -18.0000,  150, 150, 150
L 1020.3000, -63.7000, -17.5000,  972.5000, -63.3000, -16.7000,  150, 150, 150
L 972.5000, -63.3000, -17.3000,  972.1000, -15.9000, -18.7000,  150, 150, 150
L 972.1000, -15.9000, -18.7000,  1020.3000, -15.9000, -18.7000,  150, 150, 150
L 1072.8000, 0.9000, -16.5000,  1072.8000, 15.3000, -16.5000,  0, 0, 0
L 1004.1000, -37.4000, -7.8000,  1004.1000, -46.4000, -7.8000,  205, 133, 63
L 1006.7000, -28.4000, -7.8000,  1009.3000, -28.4000, -7.8000,  0, 0, 0
L 1006.7000, -28.4000, -7.8000,  1006.7000, -37.4000, -7.8000,  205, 133, 63
L 1004.1000, -37.4000, -7.8000,  1009.3000, -37.4000, -7.8000,  205, 133, 63
L 1004.1000, -46.4000, -7.8000,  1006.7000, -46.4000, -7.8000,  205, 133, 63
L 1006.7000, -46.4000, -7.8000,  1009.3000, -46.4000, -7.8000,  205, 133, 63
L 1006.7000, -55.3000, -7.8000,  983.4000, -55.3000, -7.8000,  0, 0, 0
L 1006.7000, -46.4000, -7.8000,  1006.7000, -55.3000, -7.8000,  205, 133, 63
L 1009.3000, -37.4000, -7.8000,  1009.3000, -46.4000, -7.8000,  205, 133, 63
L 1074.1000, -30.9000, -16.3000,  1074.0000, -49.1000, -16.3000,  0, 0, 0
L 1056.8000, -30.9000, -16.3000,  1058.6000, -30.9000, -16.3000,  0, 0, 0
L 1056.8000, -43.0000, -16.3000,  1058.6000, -43.0000, -16.3000,  205, 133, 63
L 1060.4000, -37.0000, -16.3000,  1060.4000, -43.0000, -16.3000,  205, 133, 63
L 940.9000, -140.4000, -16.5000,  940.9000, -141.9000, -16.5000,  0, 0, 0
L 940.9000, -155.3000, -16.5000,  955.3000, -155.3000, -16.5000,  0, 0, 0
L 1037.2000, -155.3000, -16.5000,  1051.1000, -155.3000, -16.5000,  0, 0, 0
L 1037.2000, -140.2000, -16.5000,  1037.2000, -141.7000, -16.5000,  0, 0, 0
L 987.2000, -139.5000, -16.5000,  987.2000, -141.4000, -16.5000,  0, 0, 0
L 1051.1000, -155.3000, -16.5000,  1051.2000, -140.1000, -16.5000,  0, 0, 0
L 955.3000, -155.3000, -16.5000,  955.3000, -141.9000, -16.5000,  0, 0, 0
L 1005.3000, -156.6000, -16.5000,  1005.3000, -141.4000, -16.5000,  0, 0, 0
L 987.2000, -156.6000, -16.5000,  1005.3000, -156.6000, -16.5000,  0, 0, 0
L 1037.2000, -141.7000, -16.5000,  1037.2000, -155.3000, -16.5000,  0, 0, 0
L 1037.2000, -141.7000, -16.5000,  1041.8000, -141.7000, -16.5000,  205, 133, 63
L 1041.8000, -143.4000, -16.5000,  1041.8000, -140.1000, -16.5000,  205, 133, 63
L 1041.8000, -143.4000, -16.5000,  1046.5000, -143.4000, -16.5000,  205, 133, 63
L 1041.8000, -140.1000, -16.5000,  1046.5000, -140.1000, -16.5000,  205, 133, 63
L 1046.5000, -140.1000, -16.5000,  1046.5000, -140.1000, -16.5000,  205, 133, 63
L 1046.5000, -143.4000, -16.5000,  1046.5000, -141.7000, -16.5000,  205, 133, 63
L 1046.5000, -141.7000, -16.5000,  1046.5000, -140.1000, -16.5000,  205, 133, 63
L 1046.5000, -141.7000, -16.5000,  1051.2000, -141.7000, -16.5000,  205, 133, 63
L 987.2000, -141.4000, -16.5000,  987.2000, -156.6000, -16.5000,  0, 0, 0
L 987.2000, -141.4000, -16.5000,  993.2000, -141.4000, -16.5000,  205, 133, 63
L 993.2000, -143.4000, -16.5000,  993.2000, -139.4000, -16.5000,  205, 133, 63
L 993.2000, -143.4000, -16.5000,  999.3000, -143.4000, -16.5000,  205, 133, 63
L 993.2000, -139.4000, -16.5000,  999.3000, -139.4000, -16.5000,  205, 133, 63
L 999.3000, -143.4000, -16.5000,  999.3000, -141.4000, -16.5000,  205, 133, 63
L 999.3000, -141.4000, -16.5000,  999.3000, -139.4000, -16.5000,  205, 133, 63
L 1005.3000, -141.4000, -16.5000,  1005.3000, -139.4000, -16.5000,  0, 0, 0
L 999.3000, -141.4000, -16.5000,  1005.3000, -141.4000, -16.5000,  205, 133, 63
L 940.9000, -141.9000, -16.5000,  940.9000, -155.3000, -16.5000,  0, 0, 0
L 940.9000, -141.9000, -16.5000,  945.7000, -141.9000, -16.5000,  205, 133, 63
L 945.7000, -143.4000, -16.5000,  945.7000, -140.4000, -16.5000,  205, 133, 63
L 945.7000, -143.4000, -16.5000,  950.5000, -143.4000, -16.5000,  205, 133, 63
L 945.7000, -140.4000, -16.5000,  950.5000, -140.4000, -16.5000,  205, 133, 63
L 950.5000, -143.4000, -16.5000,  950.5000, -141.9000, -16.5000,  205, 133, 63
L 950.5000, -141.9000, -16.5000,  950.5000, -140.4000, -16.5000,  205, 133, 63
L 955.3000, -141.9000, -16.5000,  955.3000, -140.5000, -16.5000,  0, 0, 0
L 950.5000, -141.9000, -16.5000,  955.3000, -141.9000, -16.5000,  205, 133, 63
L 919.7000, -95.3000, -16.5000,  933.0000, -95.3000, -16.5000,  0, 0, 0
L 934.6000, -80.9000, -16.5000,  933.0000, -80.9000, -16.5000,  0, 0, 0
L 917.2000, -30.9000, -16.5000,  932.9000, -30.9000, -16.5000,  0, 0, 0
L 919.7000, -80.9000, -16.5000,  919.7000, -95.3000, -16.5000,  0, 0, 0
L 917.2000, -49.1000, -16.5000,  917.2000, -30.9000, -16.5000,  0, 0, 0
L 934.4000, -49.1000, -16.5000,  932.9000, -49.1000, -16.5000,  0, 0, 0
L 919.7000, 0.9000, -16.5000,  933.2000, 0.9000, -16.5000,  0, 0, 0
L 934.9000, 15.3000, -16.5000,  933.2000, 15.3000, -16.5000,  0, 0, 0
L 919.7000, 15.3000, -16.5000,  919.7000, 0.9000, -16.5000,  0, 0, 0
L 931.4000, -37.0000, -16.5000,  931.4000, -43.0000, -16.5000,  205, 133, 63
L 932.9000, -30.9000, -16.5000,  934.5000, -30.9000, -16.5000,  0, 0, 0
L 932.9000, -30.9000, -16.5000,  932.9000, -37.0000, -16.5000,  205, 133, 63
L 931.4000, -37.0000, -16.5000,  934.4000, -37.0000, -16.5000,  205, 133, 63
L 931.4000, -43.0000, -16.5000,  932.9000, -43.0000, -16.5000,  205, 133, 63
L 932.9000, -43.0000, -16.5000,  934.4000, -43.0000, -16.5000,  205, 133, 63
L 932.9000, -49.1000, -16.5000,  917.2000, -49.1000, -16.5000,  0, 0, 0
L 932.9000, -43.0000, -16.5000,  932.9000, -49.1000, -16.5000,  205, 133, 63
L 934.4000, -37.0000, -16.5000,  934.4000, -43.0000, -16.5000,  205, 133, 63
L 931.4000, -85.7000, -16.5000,  931.4000, -90.5000, -16.5000,  205, 133, 63
L 933.0000, -80.9000, -16.5000,  919.7000, -80.9000, -16.5000,  0, 0, 0
L 933.0000, -80.9000, -16.5000,  933.0000, -85.7000, -16.5000,  205, 133, 63
L 931.4000, -85.7000, -16.5000,  934.6000, -85.7000, -16.5000,  205, 133, 63
L 931.4000, -90.5000, -16.5000,  933.0000, -90.5000, -16.5000,  205, 133, 63
L 933.0000, -90.5000, -16.5000,  934.6000, -90.5000, -16.5000,  205, 133, 63
L 933.0000, -95.3000, -16.5000,  934.6000, -95.3000, -16.5000,  0, 0, 0
L 933.0000, -90.5000, -16.5000,  933.0000, -95.3000, -16.5000,  205, 133, 63
L 934.6000, -85.7000, -16.5000,  934.6000, -90.5000, -16.5000,  205, 133, 63
L 931.4000, 10.5000, -16.5000,  931.4000, 5.7000, -16.5000,  205, 133, 63
L 933.2000, 15.3000, -16.5000,  919.7000, 15.3000, -16.5000,  0, 0, 0
L 933.2000, 15.3000, -16.5000,  933.2000, 10.5000, -16.5000,  205, 133, 63
L 931.4000, 10.5000, -16.5000,  934.9000, 10.5000, -16.5000,  205, 133, 63
L 931.4000, 5.7000, -16.5000,  933.2000, 5.7000, -16.5000,  205, 133, 63
L 933.2000, 5.7000, -16.5000,  934.9000, 5.7000, -16.5000,  205, 133, 63
L 933.2000, 0.9000, -16.5000,  934.9000, 0.9000, -16.5000,  0, 0, 0
L 933.2000, 5.7000, -16.5000,  933.2000, 0.9000, -16.5000,  205, 133, 63
L 934.9000, 10.5000, -16.5000,  934.9000, 5.7000, -16.5000,  205, 133, 63
L 955.3000, 62.9000, -15.5000,  955.3000, 64.5000, -15.5000,  0, 0, 0
L 955.3000, 77.7000, -15.5000,  940.9000, 77.8000, -15.5000,  0, 0, 0
L 1051.1000, 62.7000, -15.5000,  1051.2000, 77.9000, -15.5000,  0, 0, 0
L 1005.3000, 62.0000, -15.5000,  1005.3000, 64.0000, -15.5000,  0, 0, 0
L 987.2000, 79.1000, -15.5000,  987.2000, 64.0000, -15.5000,  0, 0, 0
L 1051.2000, 77.9000, -15.5000,  1037.2000, 77.8000, -15.5000,  0, 0, 0
L 1037.2000, 77.8000, -15.5000,  1037.2000, 64.4000, -15.5000,  0, 0, 0
L 940.9000, 77.8000, -15.5000,  940.9000, 64.5000, -15.5000,  0, 0, 0
L 1005.3000, 79.2000, -15.5000,  987.2000, 79.1000, -15.5000,  0, 0, 0
L 955.3000, 64.5000, -15.5000,  955.3000, 77.7000, -15.5000,  0, 0, 0
L 1005.3000, 64.0000, -15.5000,  1005.3000, 79.2000, -15.5000,  0, 0, 0
L 940.9000, 64.5000, -15.5000,  940.9000, 62.9000, -15.5000,  0, 0, 0
L 940.9000, 64.5000, -15.5000,  945.7000, 64.5000, -15.5000,  205, 133, 63
L 945.7000, 62.9000, -15.5000,  945.7000, 66.0000, -15.5000,  205, 133, 63
L 945.7000, 62.9000, -15.5000,  950.5000, 62.9000, -15.5000,  205, 133, 63
L 945.7000, 66.0000, -15.5000,  950.5000, 66.0000, -15.5000,  205, 133, 63
L 950.5000, 62.9000, -15.5000,  950.5000, 64.5000, -15.5000,  205, 133, 63
L 950.5000, 64.5000, -15.5000,  950.5000, 66.0000, -15.5000,  205, 133, 63
L 950.5000, 64.5000, -15.5000,  955.3000, 64.5000, -15.5000,  205, 133, 63
L 987.2000, 64.0000, -15.5000,  987.2000, 62.0000, -15.5000,  0, 0, 0
L 987.2000, 64.0000, -15.5000,  993.2000, 64.0000, -15.5000,  205, 133, 63
L 993.2000, 62.0000, -15.5000,  993.2000, 66.0000, -15.5000,  205, 133, 63
L 993.2000, 62.0000, -15.5000,  999.3000, 62.0000, -15.5000,  205, 133, 63
L 993.2000, 66.0000, -15.5000,  999.3000, 66.0000, -15.5000,  205, 133, 63
L 999.3000, 62.0000, -15.5000,  999.3000, 64.0000, -15.5000,  205, 133, 63
L 999.3000, 64.0000, -15.5000,  999.3000, 66.0000, -15.5000,  205, 133, 63
L 999.3000, 64.0000, -15.5000,  1005.3000, 64.0000, -15.5000,  205, 133, 63
L 1037.2000, 64.4000, -15.5000,  1037.2000, 62.7000, -15.5000,  0, 0, 0
L 1037.2000, 64.4000, -15.5000,  1041.8000, 64.4000, -15.5000,  205, 133, 63
L 1041.8000, 62.7000, -15.5000,  1041.8000, 66.0000, -15.5000,  205, 133, 63
L 1041.8000, 62.7000, -15.5000,  1046.4000, 62.7000, -15.5000,  205, 133, 63
L 1041.8000, 66.0000, -15.5000,  1046.4000, 66.0000, -15.5000,  205, 133, 63
L 1046.4000, 66.0000, -15.5000,  1046.5000, 66.0000, -15.5000,  205, 133, 63
L 1046.4000, 62.7000, -15.5000,  1046.4000, 64.4000, -15.5000,  205, 133, 63
L 1046.4000, 64.4000, -15.5000,  1046.4000, 66.0000, -15.5000,  205, 133, 63
L 1046.4000, 64.4000, -15.5000,  1051.1000, 64.4000, -15.5000,  205, 133, 63
L 1056.8000, -37.0000, -16.3000,  1058.6000, -37.0000, -16.3000,  205, 133, 63
L 1058.6000, -30.9000, -16.3000,  1074.1000, -30.9000, -16.3000,  0, 0, 0
L 1058.6000, -37.0000, -16.3000,  1060.4000, -37.0000, -16.3000,  205, 133, 63
L 1058.6000, -30.9000, -16.3000,  1058.6000, -37.0000, -16.3000,  205, 133, 63
L 1056.8000, -37.0000, -16.3000,  1056.8000, -43.0000, -16.3000,  205, 133, 63
L 1058.6000, -43.0000, -16.3000,  1060.4000, -43.0000, -16.3000,  205, 133, 63
L 1058.6000, -49.1000, -16.3000,  1056.8000, -49.1000, -16.3000,  0, 0, 0
L 1058.6000, -43.0000, -16.3000,  1058.6000, -49.1000, -16.3000,  205, 133, 63
L 1071.5000, -80.9000, -16.3000,  1058.2000, -80.9000, -16.3000,  0, 0, 0
L 1071.5000, -80.9000, -16.3000,  1071.5000, -95.3000, -16.3000,  0, 0, 0
L 1074.0000, -49.1000, -16.3000,  1058.6000, -49.1000, -16.3000,  0, 0, 0
L 1058.2000, -95.3000, -16.3000,  1071.5000, -95.3000, -16.3000,  0, 0, 0
L 1056.6000, -85.7000, -16.3000,  1056.6000, -90.5000, -16.3000,  205, 133, 63
L 1056.6000, -85.7000, -16.3000,  1058.2000, -85.7000, -16.3000,  205, 133, 63
L 1056.6000, -90.5000, -16.3000,  1058.2000, -90.5000, -16.3000,  205, 133, 63
L 1059.8000, -85.7000, -16.3000,  1059.8000, -90.5000, -16.3000,  205, 133, 63
L 1058.2000, -90.5000, -16.3000,  1058.2000, -95.3000, -16.3000,  205, 133, 63
L 1058.2000, -90.5000, -16.3000,  1059.8000, -90.5000, -16.3000,  205, 133, 63
L 1058.2000, -80.9000, -16.3000,  1058.2000, -85.7000, -16.3000,  205, 133, 63
L 1058.2000, -85.7000, -16.3000,  1059.8000, -85.7000, -16.3000,  205, 133, 63
L 1056.6000, -95.3000, -16.3000,  1058.2000, -95.3000, -16.3000,  0, 0, 0
L 1056.6000, -80.9000, -16.3000,  1058.2000, -80.9000, -16.3000,  0, 0, 0
L 1057.9000, 15.3000, -16.5000,  1059.5000, 15.3000, -16.5000,  0, 0, 0
L 1057.9000, 5.7000, -16.5000,  1059.5000, 5.7000, -16.5000,  205, 133, 63
L 1059.5000, 5.7000, -16.5000,  1059.5000, 0.9000, -16.5000,  205, 133, 63
L 1059.5000, 10.5000, -16.5000,  1061.1000, 10.5000, -16.5000,  205, 133, 63
L 1059.5000, 5.7000, -16.5000,  1061.1000, 5.7000, -16.5000,  205, 133, 63
L 1061.1000, 10.5000, -16.5000,  1061.1000, 5.7000, -16.5000,  205, 133, 63
L 1059.5000, 15.3000, -16.5000,  1059.5000, 10.5000, -16.5000,  205, 133, 63
L 1072.8000, 15.3000, -16.5000,  1059.5000, 15.3000, -16.5000,  0, 0, 0
L 1057.9000, 0.9000, -16.5000,  1059.5000, 0.9000, -16.5000,  0, 0, 0
L 1059.5000, 0.9000, -16.5000,  1072.8000, 0.9000, -16.5000,  0, 0, 0
L 1057.9000, 10.5000, -16.5000,  1059.5000, 10.5000, -16.5000,  205, 133, 63
L 1057.9000, 10.5000, -16.5000,  1057.9000, 5.7000, -16.5000,  205, 133, 63
L 922.0000, -289.0000, -17.0000,  922.0000, -251.0000, -17.0000,  0, 0, 0
L 1007.0000, -289.0000, -17.0000,  1007.0000, -288.9000, -17.0000,  0, 0, 0
L 1011.0000, -251.0000, -17.0000,  1011.0000, -288.9000, -17.0000,  0, 0, 0
L 976.0000, -305.0000, -17.0000,  976.0000, -300.0000, -17.0000,  0, 0, 0
L 926.0000, -251.0000, -17.0000,  926.0000, -289.0000, -17.0000,  0, 0, 0
L 996.0000, -251.0000, -17.0000,  996.0000, -240.0000, -17.0000,  0, 0, 0
L 996.0000, -234.9000, -17.0000,  996.0000, -233.0000, -17.0000,  0, 0, 0
L 996.0000, -251.0000, -17.0000,  1007.0000, -251.0000, -17.0000,  0, 0, 0
L 1011.0000, -251.0000, -17.0000,  1013.0000, -251.0000, -17.0000,  0, 0, 0
L 1013.0000, -251.0000, -17.0000,  1013.0000, -233.0000, -17.0000,  0, 0, 0
L 1013.0000, -233.0000, -17.0000,  996.0000, -233.0000, -17.0000,  0, 0, 0
L 937.0000, -289.0000, -17.0000,  926.0000, -289.0000, -17.0000,  0, 0, 0
L 920.0000, -289.0000, -17.0000,  922.0000, -289.0000, -17.0000,  0, 0, 0
L 920.0000, -307.0000, -17.0000,  920.0000, -289.0000, -17.0000,  0, 0, 0
L 920.0000, -251.0000, -17.0000,  922.0000, -251.0000, -17.0000,  0, 0, 0
L 920.0000, -251.0000, -17.0000,  920.0000, -233.0000, -17.0000,  0, 0, 0
L 926.0000, -251.0000, -17.0000,  937.0000, -251.0000, -17.0000,  0, 0, 0
L 996.0000, -240.0000, -17.0000,  937.0000, -240.0000, -17.0000,  0, 0, 0
L 937.0000, -233.0000, -17.0000,  920.0000, -233.0000, -17.0000,  0, 0, 0
L 937.0000, -251.0000, -17.0000,  937.0000, -240.0000, -17.0000,  0, 0, 0
L 996.0000, -234.9000, -17.0000,  937.0000, -234.9000, -17.0000,  0, 0, 0
L 937.0000, -234.9000, -17.0000,  937.0000, -233.0000, -17.0000,  0, 0, 0
L 976.0000, -300.0000, -17.0000,  996.0000, -300.0000, -17.0000,  0, 0, 0
L 995.0000, -306.9000, -17.0000,  995.0000, -305.0000, -17.0000,  0, 0, 0
L 1012.0000, -306.9000, -17.0000,  995.0000, -306.9000, -17.0000,  0, 0, 0
L 1012.0000, -306.9000, -17.0000,  1012.0000, -288.9000, -17.0000,  0, 0, 0
L 996.0000, -288.9000, -17.0000,  996.0000, -300.0000, -17.0000,  0, 0, 0
L 1012.0000, -288.9000, -17.0000,  1011.0000, -288.9000, -17.0000,  0, 0, 0
L 1007.0000, -288.9000, -17.0000,  1007.0000, -251.0000, -17.0000,  0, 0, 0
L 1011.0000, -288.9000, -17.0000,  1011.0000, -289.0000, -17.0000,  0, 0, 0
L 1007.0000, -288.9000, -17.0000,  996.0000, -288.9000, -17.0000,  0, 0, 0
L 937.0000, -307.0000, -17.0000,  920.0000, -307.0000, -17.0000,  0, 0, 0
L 937.0000, -289.0000, -17.0000,  937.0000, -300.0000, -17.0000,  0, 0, 0
L 937.0000, -305.0000, -17.0000,  937.0000, -307.0000, -17.0000,  0, 0, 0
L 937.0000, -300.0000, -17.0000,  957.0000, -300.0000, -17.0000,  0, 0, 0
L 957.0000, -300.0000, -17.0000,  957.0000, -305.0000, -17.0000,  0, 0, 0
L 937.0000, -305.0000, -17.0000,  957.0000, -305.0000, -17.0000,  0, 0, 0
L 995.0000, -305.0000, -17.0000,  976.0000, -305.0000, -17.0000,  0, 0, 0
L 651.0000, -288.9000, -14.0000,  651.0000, -289.0000, -14.0000,  0, 0, 0
L 647.0000, -288.9000, -14.0000,  647.0000, -251.0000, -14.0000,  0, 0, 0
L 577.0000, -289.0000, -14.0000,  566.0000, -289.0000, -14.0000,  0, 0, 0
L 636.0000, -288.9000, -14.0000,  636.0000, -300.0000, -14.0000,  0, 0, 0
L 651.0000, -251.0000, -14.0000,  653.0000, -251.0000, -14.0000,  0, 0, 0
L 560.0000, -307.0000, -14.0000,  560.0000, -289.0000, -14.0000,  0, 0, 0
L 636.0000, -251.0000, -14.0000,  647.0000, -251.0000, -14.0000,  0, 0, 0
L 577.0000, -300.0000, -14.0000,  597.0000, -300.0000, -14.0000,  0, 0, 0
L 577.0000, -289.0000, -14.0000,  577.0000, -300.0000, -14.0000,  0, 0, 0
L 647.0000, -288.9000, -14.0000,  636.0000, -288.9000, -14.0000,  0, 0, 0
L 636.0000, -240.0000, -14.0000,  577.0000, -240.0000, -14.0000,  0, 0, 0
L 652.0000, -306.9000, -14.0000,  652.0000, -288.9000, -14.0000,  0, 0, 0
L 577.0000, -307.0000, -14.0000,  560.0000, -307.0000, -14.0000,  0, 0, 0
L 560.0000, -251.0000, -14.0000,  562.0000, -251.0000, -14.0000,  0, 0, 0
L 566.0000, -251.0000, -14.0000,  577.0000, -251.0000, -14.0000,  0, 0, 0
L 635.0000, -306.9000, -14.0000,  635.0000, -305.0000, -14.0000,  0, 0, 0
L 616.0000, -300.0000, -14.0000,  636.0000, -300.0000, -14.0000,  0, 0, 0
L 652.0000, -288.9000, -14.0000,  651.0000, -288.9000, -14.0000,  0, 0, 0
L 577.0000, -305.0000, -14.0000,  577.0000, -307.0000, -14.0000,  0, 0, 0
L 652.0000, -306.9000, -14.0000,  635.0000, -306.9000, -14.0000,  0, 0, 0
L 635.0000, -305.0000, -14.0000,  616.0000, -305.0000, -14.0000,  0, 0, 0
L 597.0000, -300.0000, -14.0000,  597.0000, -305.0000, -14.0000,  0, 0, 0
L 577.0000, -305.0000, -14.0000,  597.0000, -305.0000, -14.0000,  0, 0, 0
L 636.0000, -234.9000, -14.0000,  577.0000, -234.9000, -14.0000,  0, 0, 0
L 577.0000, -234.9000, -14.0000,  577.0000, -233.0000, -14.0000,  0, 0, 0
L 560.0000, -289.0000, -14.0000,  562.0000, -289.0000, -14.0000,  0, 0, 0
L 560.0000, -251.0000, -14.0000,  560.0000, -233.0000, -14.0000,  0, 0, 0
L 577.0000, -251.0000, -14.0000,  577.0000, -240.0000, -14.0000,  0, 0, 0
L 577.0000, -233.0000, -14.0000,  560.0000, -233.0000, -14.0000,  0, 0, 0
L 653.0000, -233.0000, -14.0000,  636.0000, -233.0000, -14.0000,  0, 0, 0
L 636.0000, -251.0000, -14.0000,  636.0000, -240.0000, -14.0000,  0, 0, 0
L 636.0000, -234.9000, -14.0000,  636.0000, -233.0000, -14.0000,  0, 0, 0
L 616.0000, -305.0000, -14.0000,  616.0000, -300.0000, -14.0000,  0, 0, 0
L 653.0000, -251.0000, -14.0000,  653.0000, -233.0000, -14.0000,  0, 0, 0
L 647.0000, -289.0000, -14.0000,  647.0000, -288.9000, -14.0000,  0, 0, 0
L 562.0000, -289.0000, -14.0000,  562.0000, -251.0000, -14.0000,  0, 0, 0
L 566.0000, -251.0000, -14.0000,  566.0000, -289.0000, -14.0000,  0, 0, 0
L 651.0000, -251.0000, -14.0000,  651.0000, -288.9000, -14.0000,  0, 0, 0
L 577.0000, -469.0000, -14.0000,  566.0000, -469.0000, -14.0000,  0, 0, 0
L 578.0000, -413.1000, -14.0000,  578.0000, -415.0000, -14.0000,  0, 0, 0
L 578.0000, -415.0000, -14.0000,  597.0000, -415.0000, -14.0000,  0, 0, 0
L 577.0000, -480.0000, -14.0000,  636.0000, -480.0000, -14.0000,  0, 0, 0
L 562.0000, -469.0000, -14.0000,  560.0000, -469.0000, -14.0000,  0, 0, 0
L 577.0000, -431.1000, -14.0000,  577.0000, -420.0000, -14.0000,  0, 0, 0
L 636.0000, -420.0000, -14.0000,  616.0000, -420.0000, -14.0000,  0, 0, 0
L 653.0000, -413.0000, -14.0000,  653.0000, -431.0000, -14.0000,  0, 0, 0
L 566.0000, -431.1000, -14.0000,  577.0000, -431.1000, -14.0000,  0, 0, 0
L 647.0000, -469.0000, -14.0000,  636.0000, -469.0000, -14.0000,  0, 0, 0
L 597.0000, -420.0000, -14.0000,  577.0000, -420.0000, -14.0000,  0, 0, 0
L 561.0000, -413.1000, -14.0000,  561.0000, -431.1000, -14.0000,  0, 0, 0
L 636.0000, -415.0000, -14.0000,  636.0000, -413.0000, -14.0000,  0, 0, 0
L 636.0000, -413.0000, -14.0000,  653.0000, -413.0000, -14.0000,  0, 0, 0
L 636.0000, -431.0000, -14.0000,  647.0000, -431.0000, -14.0000,  0, 0, 0
L 561.0000, -431.1000, -14.0000,  562.0000, -431.1000, -14.0000,  0, 0, 0
L 561.0000, -413.1000, -14.0000,  578.0000, -413.1000, -14.0000,  0, 0, 0
L 616.0000, -420.0000, -14.0000,  616.0000, -415.0000, -14.0000,  0, 0, 0
L 636.0000, -415.0000, -14.0000,  616.0000, -415.0000, -14.0000,  0, 0, 0
L 566.0000, -431.1000, -14.0000,  566.0000, -469.0000, -14.0000,  0, 0, 0
L 560.0000, -487.0000, -14.0000,  577.0000, -487.0000, -14.0000,  0, 0, 0
L 577.0000, -469.0000, -14.0000,  577.0000, -480.0000, -14.0000,  0, 0, 0
L 562.0000, -431.1000, -14.0000,  562.0000, -431.0000, -14.0000,  0, 0, 0
L 653.0000, -469.0000, -14.0000,  651.0000, -469.0000, -14.0000,  0, 0, 0
L 636.0000, -431.0000, -14.0000,  636.0000, -420.0000, -14.0000,  0, 0, 0
L 636.0000, -469.0000, -14.0000,  636.0000, -480.0000, -14.0000,  0, 0, 0
L 653.0000, -431.0000, -14.0000,  651.0000, -431.0000, -14.0000,  0, 0, 0
L 577.0000, -485.1000, -14.0000,  577.0000, -487.0000, -14.0000,  0, 0, 0
L 597.0000, -415.0000, -14.0000,  597.0000, -420.0000, -14.0000,  0, 0, 0
L 647.0000, -469.0000, -14.0000,  647.0000, -431.0000, -14.0000,  0, 0, 0
L 651.0000, -431.0000, -14.0000,  651.0000, -469.0000, -14.0000,  0, 0, 0
L 636.0000, -485.1000, -14.0000,  636.0000, -487.0000, -14.0000,  0, 0, 0
L 653.0000, -469.0000, -14.0000,  653.0000, -487.0000, -14.0000,  0, 0, 0
L 560.0000, -469.0000, -14.0000,  560.0000, -487.0000, -14.0000,  0, 0, 0
L 636.0000, -487.0000, -14.0000,  653.0000, -487.0000, -14.0000,  0, 0, 0
L 566.0000, -431.0000, -14.0000,  566.0000, -431.1000, -14.0000,  0, 0, 0
L 577.0000, -485.1000, -14.0000,  636.0000, -485.1000, -14.0000,  0, 0, 0
L 562.0000, -469.0000, -14.0000,  562.0000, -431.1000, -14.0000,  0, 0, 0
L 996.0000, -469.0000, -17.0000,  996.0000, -480.0000, -17.0000,  0, 0, 0
L 1011.0000, -431.0000, -17.0000,  1011.0000, -469.0000, -17.0000,  0, 0, 0
L 926.0000, -431.0000, -17.0000,  926.0000, -431.1000, -17.0000,  0, 0, 0
L 920.0000, -487.0000, -17.0000,  937.0000, -487.0000, -17.0000,  0, 0, 0
L 937.0000, -485.1000, -17.0000,  937.0000, -487.0000, -17.0000,  0, 0, 0
L 996.0000, -487.0000, -17.0000,  1013.0000, -487.0000, -17.0000,  0, 0, 0
L 996.0000, -420.0000, -17.0000,  976.0000, -420.0000, -17.0000,  0, 0, 0
L 937.0000, -485.1000, -17.0000,  996.0000, -485.1000, -17.0000,  0, 0, 0
L 1013.0000, -469.0000, -17.0000,  1013.0000, -487.0000, -17.0000,  0, 0, 0
L 996.0000, -485.1000, -17.0000,  996.0000, -487.0000, -17.0000,  0, 0, 0
L 922.0000, -469.0000, -17.0000,  922.0000, -431.1000, -17.0000,  0, 0, 0
L 1007.0000, -469.0000, -17.0000,  1007.0000, -431.0000, -17.0000,  0, 0, 0
L 957.0000, -415.0000, -17.0000,  957.0000, -420.0000, -17.0000,  0, 0, 0
L 1013.0000, -431.0000, -17.0000,  1011.0000, -431.0000, -17.0000,  0, 0, 0
L 1013.0000, -469.0000, -17.0000,  1011.0000, -469.0000, -17.0000,  0, 0, 0
L 920.0000, -469.0000, -17.0000,  920.0000, -487.0000, -17.0000,  0, 0, 0
L 996.0000, -431.0000, -17.0000,  996.0000, -420.0000, -17.0000,  0, 0, 0
L 922.0000, -431.1000, -17.0000,  922.0000, -431.0000, -17.0000,  0, 0, 0
L 937.0000, -469.0000, -17.0000,  937.0000, -480.0000, -17.0000,  0, 0, 0
L 922.0000, -469.0000, -17.0000,  920.0000, -469.0000, -17.0000,  0, 0, 0
L 926.0000, -431.1000, -17.0000,  926.0000, -469.0000, -17.0000,  0, 0, 0
L 996.0000, -431.0000, -17.0000,  1007.0000, -431.0000, -17.0000,  0, 0, 0
L 1007.0000, -469.0000, -17.0000,  996.0000, -469.0000, -17.0000,  0, 0, 0
L 938.0000, -415.0000, -17.0000,  957.0000, -415.0000, -17.0000,  0, 0, 0
L 976.0000, -420.0000, -17.0000,  976.0000, -415.0000, -17.0000,  0, 0, 0
L 996.0000, -413.0000, -17.0000,  1013.0000, -413.0000, -17.0000,  0, 0, 0
L 921.0000, -413.1000, -17.0000,  921.0000, -431.1000, -17.0000,  0, 0, 0
L 937.0000, -480.0000, -17.0000,  996.0000, -480.0000, -17.0000,  0, 0, 0
L 996.0000, -415.0000, -17.0000,  996.0000, -413.0000, -17.0000,  0, 0, 0
L 996.0000, -415.0000, -17.0000,  976.0000, -415.0000, -17.0000,  0, 0, 0
L 921.0000, -413.1000, -17.0000,  938.0000, -413.1000, -17.0000,  0, 0, 0
L 937.0000, -431.1000, -17.0000,  937.0000, -420.0000, -17.0000,  0, 0, 0
L 938.0000, -413.1000, -17.0000,  938.0000, -415.0000, -17.0000,  0, 0, 0
L 937.0000, -469.0000, -17.0000,  926.0000, -469.0000, -17.0000,  0, 0, 0
L 926.0000, -431.1000, -17.0000,  937.0000, -431.1000, -17.0000,  0, 0, 0
L 1013.0000, -413.0000, -17.0000,  1013.0000, -431.0000, -17.0000,  0, 0, 0
L 957.0000, -420.0000, -17.0000,  937.0000, -420.0000, -17.0000,  0, 0, 0
L 921.0000, -431.1000, -17.0000,  922.0000, -431.1000, -17.0000,  0, 0, 0
L 756.0000, -469.0000, -17.0000,  756.0000, -480.0000, -17.0000,  0, 0, 0
L 773.0000, -431.0000, -17.0000,  771.0000, -431.0000, -17.0000,  0, 0, 0
L 697.0000, -431.1000, -17.0000,  697.0000, -420.0000, -17.0000,  0, 0, 0
L 756.0000, -413.0000, -17.0000,  773.0000, -413.0000, -17.0000,  0, 0, 0
L 697.0000, -480.0000, -17.0000,  756.0000, -480.0000, -17.0000,  0, 0, 0
L 682.0000, -469.0000, -17.0000,  680.0000, -469.0000, -17.0000,  0, 0, 0
L 756.0000, -420.0000, -17.0000,  736.0000, -420.0000, -17.0000,  0, 0, 0
L 756.0000, -431.0000, -17.0000,  756.0000, -420.0000, -17.0000,  0, 0, 0
L 773.0000, -469.0000, -17.0000,  771.0000, -469.0000, -17.0000,  0, 0, 0
L 697.0000, -469.0000, -17.0000,  686.0000, -469.0000, -17.0000,  0, 0, 0
L 686.0000, -431.1000, -17.0000,  697.0000, -431.1000, -17.0000,  0, 0, 0
L 767.0000, -469.0000, -17.0000,  756.0000, -469.0000, -17.0000,  0, 0, 0
L 681.0000, -413.1000, -17.0000,  698.0000, -413.1000, -17.0000,  0, 0, 0
L 756.0000, -431.0000, -17.0000,  767.0000, -431.0000, -17.0000,  0, 0, 0
L 717.0000, -420.0000, -17.0000,  697.0000, -420.0000, -17.0000,  0, 0, 0
L 756.0000, -415.0000, -17.0000,  756.0000, -413.0000, -17.0000,  0, 0, 0
L 698.0000, -413.1000, -17.0000,  698.0000, -415.0000, -17.0000,  0, 0, 0
L 681.0000, -431.1000, -17.0000,  682.0000, -431.1000, -17.0000,  0, 0, 0
L 698.0000, -415.0000, -17.0000,  717.0000, -415.0000, -17.0000,  0, 0, 0
L 736.0000, -420.0000, -17.0000,  736.0000, -415.0000, -17.0000,  0, 0, 0
L 681.0000, -413.1000, -17.0000,  681.0000, -431.1000, -17.0000,  0, 0, 0
L 773.0000, -413.0000, -17.0000,  773.0000, -431.0000, -17.0000,  0, 0, 0
L 756.0000, -415.0000, -17.0000,  736.0000, -415.0000, -17.0000,  0, 0, 0
L 686.0000, -431.1000, -17.0000,  686.0000, -469.0000, -17.0000,  0, 0, 0
L 682.0000, -431.1000, -17.0000,  682.0000, -431.0000, -17.0000,  0, 0, 0
L 697.0000, -469.0000, -17.0000,  697.0000, -480.0000, -17.0000,  0, 0, 0
L 680.0000, -487.0000, -17.0000,  697.0000, -487.0000, -17.0000,  0, 0, 0
L 771.0000, -431.0000, -17.0000,  771.0000, -469.0000, -17.0000,  0, 0, 0
L 680.0000, -469.0000, -17.0000,  680.0000, -487.0000, -17.0000,  0, 0, 0
L 756.0000, -487.0000, -17.0000,  773.0000, -487.0000, -17.0000,  0, 0, 0
L 697.0000, -485.1000, -17.0000,  697.0000, -487.0000, -17.0000,  0, 0, 0
L 756.0000, -485.1000, -17.0000,  756.0000, -487.0000, -17.0000,  0, 0, 0
L 767.0000, -469.0000, -17.0000,  767.0000, -431.0000, -17.0000,  0, 0, 0
L 717.0000, -415.0000, -17.0000,  717.0000, -420.0000, -17.0000,  0, 0, 0
L 773.0000, -469.0000, -17.0000,  773.0000, -487.0000, -17.0000,  0, 0, 0
L 682.0000, -469.0000, -17.0000,  682.0000, -431.1000, -17.0000,  0, 0, 0
L 697.0000, -485.1000, -17.0000,  756.0000, -485.1000, -17.0000,  0, 0, 0
L 686.0000, -431.0000, -17.0000,  686.0000, -431.1000, -17.0000,  0, 0, 0
L 875.0000, -420.0000, -17.0000,  855.0000, -420.0000, -17.0000,  0, 0, 0
L 816.0000, -485.1000, -17.0000,  875.0000, -485.1000, -17.0000,  0, 0, 0
L 816.0000, -469.0000, -17.0000,  816.0000, -480.0000, -17.0000,  0, 0, 0
L 892.0000, -469.0000, -17.0000,  892.0000, -487.0000, -17.0000,  0, 0, 0
L 800.0000, -413.1000, -17.0000,  800.0000, -431.1000, -17.0000,  0, 0, 0
L 836.0000, -420.0000, -17.0000,  816.0000, -420.0000, -17.0000,  0, 0, 0
L 875.0000, -415.0000, -17.0000,  875.0000, -413.0000, -17.0000,  0, 0, 0
L 801.0000, -431.1000, -17.0000,  801.0000, -431.0000, -17.0000,  0, 0, 0
L 816.0000, -480.0000, -17.0000,  875.0000, -480.0000, -17.0000,  0, 0, 0
L 875.0000, -469.0000, -17.0000,  875.0000, -480.0000, -17.0000,  0, 0, 0
L 886.0000, -469.0000, -17.0000,  886.0000, -431.0000, -17.0000,  0, 0, 0
L 875.0000, -431.0000, -17.0000,  875.0000, -420.0000, -17.0000,  0, 0, 0
L 805.0000, -431.1000, -17.0000,  805.0000, -469.0000, -17.0000,  0, 0, 0
L 875.0000, -485.1000, -17.0000,  875.0000, -487.0000, -17.0000,  0, 0, 0
L 816.0000, -431.1000, -17.0000,  816.0000, -420.0000, -17.0000,  0, 0, 0
L 890.0000, -431.0000, -17.0000,  890.0000, -469.0000, -17.0000,  0, 0, 0
L 799.0000, -487.0000, -17.0000,  816.0000, -487.0000, -17.0000,  0, 0, 0
L 801.0000, -469.0000, -17.0000,  801.0000, -431.1000, -17.0000,  0, 0, 0
L 817.0000, -415.0000, -17.0000,  836.0000, -415.0000, -17.0000,  0, 0, 0
L 799.0000, -469.0000, -17.0000,  799.0000, -487.0000, -17.0000,  0, 0, 0
L 800.0000, -413.1000, -17.0000,  817.0000, -413.1000, -17.0000,  0, 0, 0
L 892.0000, -469.0000, -17.0000,  890.0000, -469.0000, -17.0000,  0, 0, 0
L 836.0000, -415.0000, -17.0000,  836.0000, -420.0000, -17.0000,  0, 0, 0
L 800.0000, -431.1000, -17.0000,  801.0000, -431.1000, -17.0000,  0, 0, 0
L 805.0000, -431.0000, -17.0000,  805.0000, -431.1000, -17.0000,  0, 0, 0
L 875.0000, -487.0000, -17.0000,  892.0000, -487.0000, -17.0000,  0, 0, 0
L 816.0000, -485.1000, -17.0000,  816.0000, -487.0000, -17.0000,  0, 0, 0
L 855.0000, -420.0000, -17.0000,  855.0000, -415.0000, -17.0000,  0, 0, 0
L 892.0000, -431.0000, -17.0000,  890.0000, -431.0000, -17.0000,  0, 0, 0
L 875.0000, -415.0000, -17.0000,  855.0000, -415.0000, -17.0000,  0, 0, 0
L 801.0000, -469.0000, -17.0000,  799.0000, -469.0000, -17.0000,  0, 0, 0
L 886.0000, -469.0000, -17.0000,  875.0000, -469.0000, -17.0000,  0, 0, 0
L 817.0000, -413.1000, -17.0000,  817.0000, -415.0000, -17.0000,  0, 0, 0
L 816.0000, -469.0000, -17.0000,  805.0000, -469.0000, -17.0000,  0, 0, 0
L 892.0000, -413.0000, -17.0000,  892.0000, -431.0000, -17.0000,  0, 0, 0
L 875.0000, -431.0000, -17.0000,  886.0000, -431.0000, -17.0000,  0, 0, 0
L 805.0000, -431.1000, -17.0000,  816.0000, -431.1000, -17.0000,  0, 0, 0
L 875.0000, -413.0000, -17.0000,  892.0000, -413.0000, -17.0000,  0, 0, 0
L 820.0000, 63.0000, -11.0000,  817.0000, 63.0000, -11.0000,  0, 0, 255
L 826.0000, 63.0000, -11.0000,  820.0000, 63.0000, -11.0000,  0, 0, 255
L 776.0000, 70.0000, -11.0000,  756.0000, 64.0000, -11.0000,  0, 0, 255
L 756.0000, 125.0000, -11.0000,  776.0000, 125.0000, -11.0000,  0, 0, 255
L 817.0000, 63.0000, -11.0000,  817.0000, 114.1000, -11.0000,  139, 69, 19
L 817.0000, 114.1000, -11.0000,  837.0000, 115.0000, -11.0000,  0, 0, 255
L 776.0000, 70.0000, -11.0000,  776.0000, 125.0000, -11.0000,  139, 69, 19
L 776.0000, 70.0000, -11.0000,  776.0000, 64.8000, -11.0000,  139, 69, 19
L 817.0000, 63.0000, -11.0000,  817.0000, 58.1000, -11.0000,  139, 69, 19
L 817.0000, 114.1000, -11.0000,  817.0000, 120.8000, -11.0000,  139, 69, 19
L 776.0000, 125.0000, -11.0000,  776.0000, 129.6000, -11.0000,  139, 69, 19
L 776.0000, 129.6000, -11.0000,  770.3000, 137.9000, -11.0000,  139, 69, 19
L 822.7000, 49.9000, -11.0000,  817.0000, 58.1000, -11.0000,  139, 69, 19
L 817.0000, 120.8000, -11.0000,  822.7000, 129.1000, -11.0000,  139, 69, 19
L 770.3000, 56.6000, -11.0000,  776.0000, 64.8000, -11.0000,  139, 69, 19
L 848.0000, 712.0000, 11.0000,  848.0000, 756.0000, 11.0000,  150, 150, 150
L 867.0000, 707.0000, 11.0000,  860.0000, 707.0000, 11.0000,  150, 150, 150
L 860.0000, 707.0000, 11.0000,  860.0000, 712.0000, 11.0000,  150, 150, 150
L 860.0000, 712.0000, 11.0000,  848.0000, 712.0000, 11.0000,  150, 150, 150
L 867.0000, 707.0000, 11.0000,  867.0000, 684.0000, 11.0000,  150, 150, 150
L 925.0000, 756.0000, 11.0000,  848.0000, 756.0000, 11.0000,  0, 0, 0
L 906.0000, 684.0000, 11.0000,  867.0000, 684.0000, 11.0000,  150, 150, 150
L 906.0000, 707.0000, 11.0000,  906.0000, 684.0000, 11.0000,  150, 150, 150
L 913.0000, 707.0000, 11.0000,  906.0000, 707.0000, 11.0000,  150, 150, 150
L 913.0000, 707.0000, 11.0000,  913.0000, 712.0000, 11.0000,  150, 150, 150
L 925.0000, 712.0000, 11.0000,  913.0000, 712.0000, 11.0000,  150, 150, 150
L 925.0000, 712.0000, 11.0000,  925.0000, 756.0000, 11.0000,  150, 150, 150
L 848.0000, 756.0000, 11.0000,  818.0000, 756.0000, 11.0000,  0, 0, 0
L 861.0000, 572.0000, 11.0000,  861.0000, 582.0000, 11.0000,  0, 0, 0
L 956.0000, 756.0000, 11.0000,  925.0000, 756.0000, 11.0000,  0, 0, 0
L 794.0000, 732.0000, 11.0000,  794.0000, 595.0000, 11.0000,  0, 0, 0
L 818.0000, 756.0000, 11.0000,  794.0000, 732.0000, 11.0000,  0, 0, 0
L 980.0000, 596.0000, 11.0000,  979.0000, 732.0000, 11.0000,  0, 0, 0
L 979.0000, 732.0000, 11.0000,  956.0000, 756.0000, 11.0000,  0, 0, 0
L 980.0000, 596.0000, 11.0000,  956.0000, 572.0000, 11.0000,  0, 0, 0
L 956.0000, 572.0000, 11.0000,  908.0000, 572.0000, 11.0000,  0, 0, 0
L 816.0000, 572.0000, 11.0000,  794.0000, 595.0000, 11.0000,  0, 0, 0
L 861.0000, 572.0000, 11.0000,  816.0000, 572.0000, 11.0000,  0, 0, 0
L 872.0000, 519.0000, 11.0000,  872.0000, 582.0000, 11.0000,  0, 0, 0
L 861.0000, 582.0000, 11.0000,  872.0000, 582.0000, 11.0000,  0, 0, 0
L 897.0000, 582.0000, 11.0000,  908.0000, 582.0000, 11.0000,  0, 0, 0
L 908.0000, 582.0000, 11.0000,  908.0000, 572.0000, 11.0000,  0, 0, 0
L 865.0000, 500.0000, -9.0000,  865.0000, 461.0000, -9.0000,  150, 150, 150
L 821.0000, 500.0000, -9.0000,  865.0000, 500.0000, -9.0000,  150, 150, 150
L 908.0000, 500.0000, -9.0000,  952.0000, 500.0000, -9.0000,  150, 150, 150
L 865.0000, 461.0000, -9.0000,  908.0000, 461.0000, -9.0000,  150, 150, 150
L 908.0000, 500.0000, -9.0000,  908.0000, 461.0000, -9.0000,  150, 150, 150
L 897.0000, 519.0000, 11.0000,  897.0000, 582.0000, 11.0000,  0, 0, 0
L 897.0000, 519.0000, 11.0000,  908.0000, 519.0000, 11.0000,  0, 0, 0
L 861.0000, 519.0000, 11.0000,  872.0000, 519.0000, 11.0000,  0, 0, 0
L 861.0000, 519.0000, 11.0000,  861.0000, 526.0000, 11.0000,  0, 0, 0
L 908.0000, 519.0000, 11.0000,  908.0000, 526.0000, 11.0000,  0, 0, 0
L 847.0000, 526.0000, 11.0000,  861.0000, 526.0000, 11.0000,  0, 0, 0
L 847.0000, 519.0000, 11.0000,  830.0000, 519.0000, 11.0000,  0, 0, 0
L 847.0000, 526.0000, 11.0000,  847.0000, 519.0000, 11.0000,  0, 0, 0
L 908.0000, 526.0000, 11.0000,  922.0000, 526.0000, 11.0000,  0, 0, 0
L 922.0000, 519.0000, 11.0000,  939.0000, 519.0000, 11.0000,  0, 0, 0
L 922.0000, 526.0000, 11.0000,  922.0000, 519.0000, 11.0000,  0, 0, 0
L 830.0000, 519.0000, 11.0000,  830.0000, 526.0000, 11.0000,  0, 0, 0
L 939.0000, 519.0000, 11.0000,  939.0000, 526.0000, 11.0000,  0, 0, 0
L 961.0000, 526.0000, -9.0000,  1005.0000, 526.0000, -9.0000,  0, 0, 0
L 812.0000, 526.0000, -9.0000,  769.0000, 526.0000, -9.0000,  0, 0, 0
L 939.0000, 526.0000, 11.0000,  961.0000, 526.0000, 11.0000,  0, 0, 0
L 830.0000, 526.0000, 11.0000,  812.0000, 526.0000, 11.0000,  0, 0, 0
L 812.0000, 526.0000, -9.0000,  812.0000, 526.0000, 11.0000,  0, 0, 0
L 961.0000, 526.0000, -9.0000,  961.0000, 526.0000, 11.0000,  0, 0, 0
L 865.0000, 500.0000, 11.0000,  908.0000, 500.0000, 11.0000,  150, 150, 150
L 865.0000, 500.0000, 11.0000,  865.0000, 490.2000, 6.0000,  150, 150, 150
L 908.0000, 500.0000, 11.0000,  908.0000, 490.2000, 6.0000,  150, 150, 150
L 865.0000, 480.5000, 1.0000,  865.0000, 470.8000, -4.0000,  150, 150, 150
L 908.0000, 480.5000, 1.0000,  908.0000, 470.8000, -4.0000,  150, 150, 150
L 865.0000, 480.5000, 1.0000,  908.0000, 480.5000, 1.0000,  150, 150, 150
L 865.0000, 490.2000, 6.0000,  865.0000, 480.5000, 1.0000,  150, 150, 150
L 908.0000, 490.2000, 6.0000,  908.0000, 480.5000, 1.0000,  150, 150, 150
L 865.0000, 490.2000, 6.0000,  908.0000, 490.2000, 6.0000,  150, 150, 150
L 865.0000, 470.8000, -4.0000,  865.0000, 461.0000, -9.0000,  150, 150, 150
L 908.0000, 470.8000, -4.0000,  908.0000, 461.0000, -9.0000,  150, 150, 150
L 865.0000, 470.8000, -4.0000,  908.0000, 470.8000, -4.0000,  150, 150, 150
L 812.0000, 526.0000, 11.0000,  813.0000, 507.0000, 11.0000,  150, 150, 150
L 961.0000, 509.0000, 11.0000,  961.0000, 526.0000, 11.0000,  150, 150, 150
L 812.0000, 526.0000, -9.0000,  813.0000, 507.0000, -9.0000,  150, 150, 150
L 961.0000, 526.0000, -9.0000,  961.0000, 509.0000, -9.0000,  150, 150, 150
L 952.0000, 500.0000, 11.0000,  961.0000, 509.0000, 11.0000,  150, 150, 150
L 813.0000, 507.0000, 11.0000,  821.0000, 500.0000, 11.0000,  150, 150, 150
L 813.0000, 507.0000, -9.0000,  821.0000, 500.0000, -9.0000,  150, 150, 150
L 952.0000, 500.0000, -9.0000,  961.0000, 509.0000, -9.0000,  150, 150, 150
L 952.0000, 500.0000, 11.0000,  908.0000, 500.0000, 11.0000,  150, 150, 150
L 865.0000, 500.0000, 11.0000,  821.0000, 500.0000, 11.0000,  150, 150, 150
L 776.5745, 326.5683, -8.7480,  776.5740, 282.1748, -8.7480,  0, 0, 0
L 776.5740, 282.1748, -8.7480,  746.4232, 282.1746, -8.7472,  0, 0, 0
L 796.9374, 309.3125, -4.9980,  788.0623, 309.3119, -4.9980,  0, 0, 0
L 788.0623, 309.3119, -4.9980,  788.0619, 318.1878, -4.9980,  0, 0, 0
L 788.0619, 318.1878, -4.9980,  796.9384, 318.1876, -4.9980,  0, 0, 0
L 796.9384, 318.1876, -4.9980,  796.9374, 309.3125, -4.9980,  0, 0, 0
L 776.5745, 326.5683, -8.7480,  764.6804, 326.5698, -8.7480,  0, 0, 0
L 764.6804, 326.5698, -8.7480,  764.6554, 294.0743, -8.7480,  0, 0, 0
L 764.6554, 294.0743, -8.7480,  705.3234, 294.0746, -8.7480,  0, 0, 0
L 705.3234, 294.0746, -8.7480,  705.3257, 367.1756, -8.7480,  0, 0, 0
L 705.3257, 367.1756, -8.7490,  764.6727, 367.1755, -8.7470,  0, 0, 0
L 764.6727, 367.1755, -8.7480,  764.6784, 340.9311, -8.7480,  0, 0, 0
L 764.6784, 340.9311, -8.7480,  776.5762, 340.9293, -8.7480,  0, 0, 0
L 776.5762, 340.9293, -8.7480,  776.5740, 406.6339, -8.7480,  0, 0, 0
L 776.5740, 406.6339, -8.7480,  764.6754, 406.5628, -8.7480,  0, 0, 0
L 764.6754, 406.5628, -8.7480,  764.6750, 380.3254, -8.7480,  0, 0, 0
L 764.6750, 380.3254, -8.7480,  705.3244, 380.3228, -8.7480,  0, 0, 0
L 705.3244, 380.3228, -8.7480,  705.3244, 445.9256, -8.7480,  0, 0, 0
L 705.3244, 445.9256, -8.7480,  764.6754, 445.9232, -8.7480,  0, 0, 0
L 764.6754, 445.9232, -8.7480,  764.6744, 420.8694, -8.7480,  0, 0, 0
L 764.6744, 420.8694, -8.7480,  776.5744, 420.9361, -8.7480,  0, 0, 0
L 776.5744, 420.9361, -8.7480,  776.5759, 458.0000, -8.7480,  0, 0, 0
L 788.0621, 429.3119, -4.9980,  788.0624, 438.1877, -4.9980,  0, 0, 0
L 788.0624, 438.1877, -4.9980,  796.9380, 438.1876, -4.9980,  0, 0, 0
L 796.9380, 438.1876, -4.9980,  796.9383, 429.3120, -4.9980,  0, 0, 0
L 796.9383, 429.3120, -4.9980,  788.0621, 429.3119, -4.9980,  0, 0, 0
L 790.6735, 398.1971, -4.9980,  796.9376, 398.1834, -4.9980,  0, 0, 0
L 796.9376, 398.1834, -4.9980,  796.9379, 391.7528, -4.9980,  0, 0, 0
L 791.2729, 358.1878, -4.9980,  796.9376, 358.1882, -4.9980,  0, 0, 0
L 796.9376, 358.1882, -4.9980,  796.9380, 351.6519, -4.9980,  0, 0, 0
L 792.7355, 270.6592, -5.0000,  796.9377, 270.3742, -4.9980,  0, 0, 0
L 796.9377, 270.3742, -4.9980,  796.9382, 264.7060, -4.9980,  0, 0, 0
L 692.1755, 290.3842, -8.7470,  686.1190, 284.2756, -8.7480,  0, 0, 0
L 686.1190, 284.2756, -8.7470,  685.4329, 240.1730, -17.1749,  0, 0, 0
L 685.4329, 240.1730, -17.0923,  693.8444, 231.6646, -17.6039,  0, 0, 0
L 693.8444, 231.6646, -17.8360,  705.4048, 231.6230, -18.2351,  0, 0, 0
L 705.4048, 231.6230, -18.2351,  705.4362, 228.1169, -18.1120,  0, 0, 0
L 705.4362, 228.1169, -18.2255,  727.1667, 227.9562, -19.4374,  0, 0, 0
L 727.1602, 231.5465, -19.3006,  727.1667, 227.9562, -19.2994,  0, 0, 0
L 727.1608, 231.5458, -19.3006,  738.6809, 231.6853, -17.7840,  0, 0, 0
L 738.6809, 231.6853, -17.8440,  747.0000, 239.9200, -18.1319,  0, 0, 0
L 1007.8477, 340.3136, -8.7506,  1007.8134, 367.1766, -8.7480,  0, 0, 0
L 1007.8134, 367.1766, -8.7480,  1067.1703, 367.1660, -8.7480,  0, 0, 0
L 1007.8477, 340.3136, -8.7480,  996.9280, 340.9066, -8.7480,  0, 0, 0
L 1067.1703, 367.1660, -8.7480,  1067.1774, 294.0744, -8.7480,  0, 0, 0
L 1067.1774, 294.0744, -8.7480,  1019.8583, 294.0743, -8.7480,  0, 0, 0
L 1026.1675, 239.3743, -18.7470,  1026.1675, 239.3743, -18.7470,  0, 0, 0
L 1026.1675, 239.3743, -18.7470,  986.5320, 239.3686, -18.7459,  127, 127, 127
L 986.5320, 239.3686, -18.7480,  976.8809, 229.7216, -18.7480,  127, 127, 127
L 976.8809, 229.7216, -18.7463,  976.8826, 199.1081, -18.7480,  127, 127, 127
L 795.5989, 199.1145, -19.2210,  976.8826, 199.1081, -19.2764,  127, 127, 127
L 795.5989, 199.1145, -18.7480,  795.6171, 229.7402, -18.7478,  127, 127, 127
L 795.6171, 229.7402, -18.7458,  786.0036, 239.3538, -18.7458,  127, 127, 127
L 786.0036, 239.3538, -18.7463,  746.9422, 239.6730, -18.1694,  127, 127, 127
L 449.1086, 27.1415, -17.7133,  449.1072, 40.1621, -17.7138,  0, 0, 0
L 449.1072, 40.1621, -17.6957,  457.9883, 61.7497, -17.5234,  0, 0, 0
L 457.9883, 61.7497, -17.5930,  495.7413, 99.5053, -18.7106,  0, 0, 0
L 495.7413, 99.5053, -18.7480,  517.3254, 108.3928, -18.7480,  0, 0, 0
L 517.3254, 108.3928, -18.7480,  530.3585, 108.3915, -18.7476,  0, 0, 0
L 530.3585, 108.3915, -18.7476,  530.3580, 110.8930, -18.7480,  0, 0, 0
L 584.6423, 110.8909, -18.7480,  530.3580, 110.8930, -18.7480,  0, 0, 0
L 584.6416, 108.3916, -18.7480,  584.6423, 110.8909, -18.7488,  0, 0, 0
L 584.6413, 108.3916, -18.7480,  597.6741, 108.3929, -18.7480,  0, 0, 0
L 597.6741, 108.3929, -18.7480,  619.2548, 99.5071, -18.7480,  0, 0, 0
L 619.2548, 99.5071, -18.7480,  656.9967, 61.7658, -18.7480,  0, 0, 0
L 656.9967, 61.7658, -18.7480,  665.9103, 40.1298, -18.1826,  0, 0, 0
L 665.9103, 40.1298, -18.3855,  665.8915, 27.1414, -18.7480,  0, 0, 0
L 665.8915, 27.1414, -18.7480,  668.3915, 27.1437, -18.7480,  0, 0, 0
L 668.3915, 27.1437, -18.7480,  668.3937, -27.1425, -16.8566,  0, 0, 0
L 665.8915, -27.1412, -17.2371,  668.3937, -27.1425, -16.9966,  0, 0, 0
L 665.8915, -27.1415, -17.2369,  665.8932, -40.1703, -17.2369,  0, 0, 0
L 665.8932, -40.1703, -17.2856,  657.0170, -61.7439, -18.5852,  0, 0, 0
L 657.0170, -61.7439, -18.7480,  619.2529, -99.5076, -18.7480,  0, 0, 0
L 619.2529, -99.5076, -18.7480,  597.6797, -108.3917, -18.7480,  0, 0, 0
L 597.6797, -108.3917, -18.7480,  584.6416, -108.3915, -18.7480,  0, 0, 0
L 584.6416, -108.3915, -18.7480,  584.6221, -110.8918, -18.7480,  0, 0, 0
L 584.6221, -110.8918, -18.7480,  530.3575, -110.8941, -18.7480,  0, 0, 0
L 530.3586, -108.3915, -18.7480,  530.3575, -110.8941, -18.7480,  0, 0, 0
L 530.3585, -108.3919, -18.7480,  530.0292, -108.3917, -18.7480,  0, 0, 0
L 530.0292, -108.3917, -18.7480,  517.3264, -108.3932, -18.7480,  0, 0, 0
L 517.3264, -108.3932, -18.7480,  495.7477, -99.5092, -18.7480,  0, 0, 0
L 495.7477, -99.5092, -18.7480,  457.9927, -61.7561, -18.7480,  0, 0, 0
L 457.9927, -61.7561, -18.7480,  449.1079, -40.1758, -18.7480,  0, 0, 0
L 449.1079, -40.1758, -18.7480,  449.1078, -27.1416, -18.7470,  0, 0, 0
L 449.1078, -27.1416, -18.7470,  446.6083, -27.1424, -18.7480,  0, 0, 0
L 446.6083, -27.1424, -18.7480,  446.6058, 27.1430, -17.8075,  0, 0, 0
L 449.1085, 27.1416, -17.7132,  446.6058, 27.1430, -17.7465,  0, 0, 0
L 448.0569, 27.1422, -17.7465,  448.0569, 27.1422, -17.7465,  0, 0, 0