P -1930.0026, -1647.8123, 31.7263, 255, 0, 0, 3, to_Erillion,_City_of_Bronze
P -173.0000, -4038.0000, 576.2903, 255, 0, 0, 3, to_Pillars_of_Alra
P -95.9992, -2899.7029, -333.8203, 255, 0, 0, 3, to_Grelleth's_Palace,_the_Chateau_of_Filth
P 46.9401, -37.0094, 3.0062, 255, 0, 0, 3, to_Sarith,_City_of_Tides
P 1920.6439, -1771.8948, 15.2097, 255, 0, 0, 3, from_Valley_of_Lunanyn
P -351.6303, -1832.9979, 407.9413, 255, 255, 255, 2, Purity_Stone
P -323.6602, -1747.0721, 407.9257, 255, 255, 255, 2, Purity_Stone
P -233.1696, -1747.8013, 407.9398, 255, 255, 255, 2, Purity_Stone
P -206.2287, -1832.8766, 407.9473, 255, 255, 255, 2, Purity_Stone
P 253.5935, -2181.1038, -41.2202, 0, 128, 0, 2, Lumar_the_Traveled_(Merchant)
P 313.0518, -2330.6848, -197.1100, 0, 240, 0, 2, Olgor_the_Finder_(Diamond_Coins)
P -117.7050, -2884.3477, -333.4337, 0, 128, 128, 2, Udgar_the_Brave_(Quest)
P 363.8019, -2137.0212, -336.4782, 0, 128, 128, 2, Diviner_Url_(Quest)
P -319.9908, -2703.3064, -41.3988, 0, 128, 128, 2, Nadja_Irespine_(Quest)
P -47.6823, -493.7629, 1.4561, 0, 128, 128, 2, Vaericus_the_Vainglorious_(Quest)
P 464.8655, -2999.5012, -317.0966, 240, 240, 240, 2, A_Decayed_Sentry_Stone
P -40.6440, -2384.3552, -256.0518, 0, 128, 128, 2, Perfectionist_Naerys_(Quest)
P -17.9884, -2536.8386, -26.1852, 0, 0, 0, 2, Surmo
P 15.5287, -1693.1506, -26.1548, 0, 128, 128, 2, Chancellor_Corcelia_(Quest)
P -207.9526, -1831.5002, 406.6801, 0, 0, 0, 2, Sentry_Loesk
P 322.5583, -1877.0350, -23.0566, 0, 0, 0, 2, Blademaster_Morje
P 186.5441, -1669.6534, -26.1547, 0, 0, 0, 2, Lesir_the_Seer
P 106.2632, -1815.6025, 436.4100, 0, 240, 240, 2, Reklor_Irespine_(Mission,Raid)
P 53.1175, -2304.1289, -116.1641, 0, 0, 0, 2, Dead_Surmo
P 13.2286, -2211.6687, -337.5622, 0, 128, 128, 2, Hoarder_Paoliq_(Quest)
P 1224.6660, -2155.1523, -38.8668, 0, 0, 0, 2, A_Diseased_Recruit
P -426.1655, -2127.8535, -344.1712, 0, 128, 128, 2, Plann_(Quest)
P -555.0336, -2675.8989, -42.0982, 255, 255, 255, 2, Entrance_to_the_Caves
P 406.6068, -2709.0066, -40.7557, 255, 255, 255, 2, Entrance_to_the_Caves
P -539.1047, -2936.9604, -340.6328, 240, 240, 240, 2, Ulork_Throne_Room
P -564.1467, -2812.7563, -338.0329, 127, 64, 0, 2, King_Piqiom_(Hunter,Roam)
P 2.1223, -2741.2126, -333.4450, 127, 64, 0, 2, An_Animated_Servant_(Hunter,Roam)
P 181.8099, -1764.4618, -333.3371, 127, 64, 0, 2, King_Zarq_(Hunter,Roam)
P 541.6151, -1620.3757, -27.9917, 127, 64, 0, 2, An_Ivory_Serpent_(Hunter,Roam)
P 473.7502, -2454.9592, -330.0269, 127, 64, 0, 2, The_Slothlord_(Hunter,Roam)
P 97.9239, -3199.9111, -322.2106, 127, 64, 0, 2, Hiqork_the_Putrid_(Hunter)
P -713.7226, -1991.1500, 265.7564, 127, 64, 0, 2, High_Guard_Alsera_(Hunter)
P -632.1492, -2216.0635, 265.7401, 127, 64, 0, 2, Miggles_(Hunter,Roam)
P 340.4159, -1819.3960, 405.9788, 240, 240, 240, 2, a_sentry_stone
P -291.7022, -2927.0957, 441.1548, 240, 240, 240, 2, T
P -207.4011, -2942.0442, 432.8864, 240, 240, 240, 1, T
P -49.3242, -3078.9126, 438.1549, 240, 240, 240, 1, T
P -44.8769, -3006.2485, 435.3060, 240, 240, 240, 1, T
P -273.2050, -3171.4695, 448.4359, 240, 240, 240, 1, T
P -217.5584, -2626.6267, 435.3527, 240, 240, 240, 1, T
P -138.4731, -2735.9668, 438.3791, 240, 240, 240, 1, T
P -271.7538, -2795.6055, 448.4233, 240, 240, 240, 1, T
P -48.0168, -2865.6448, 432.8854, 240, 240, 240, 1, T
P 98.4339, -2717.1238, 433.3933, 240, 240, 240, 1, T
P 72.7692, -2616.2410, 432.8854, 240, 240, 240, 1, T
P 276.9777, -2618.4744, 435.1479, 240, 240, 240, 1, T
P 197.8722, -2738.3877, 438.3979, 240, 240, 240, 1, T
P 107.8869, -2869.9248, 432.8854, 240, 240, 240, 1, T
P 249.2228, -2945.2690, 432.8859, 240, 240, 240, 1, T
P 332.0212, -2796.6799, 448.4177, 240, 240, 240, 1, T
P 357.0535, -2915.1597, 446.1931, 240, 240, 240, 1, T
P 108.2191, -2999.8013, 434.7737, 240, 240, 240, 1, T
P 103.0691, -3074.0815, 439.1581, 240, 240, 240, 1, T
P 330.5569, -3174.2422, 448.4325, 240, 240, 240, 1, T
P 921.8769, -2752.0105, 460.8282, 240, 240, 240, 1, T
P 190.2053, -3260.0454, 476.2798, 240, 240, 240, 1, T
P -131.5401, -3261.0205, 476.3459, 240, 240, 240, 1, T
P -864.0742, -2760.6106, 460.2852, 240, 240, 240, 1, T
P -16.3029, -2615.7297, 432.8865, 240, 240, 240, 1, T
P -48.6242, -2716.0603, 433.2488, 240, 240, 240, 1, T
P 389.5403, -2912.8823, -318.0018, 127, 64, 0, 2, Cijerst,_Lord_of_Decay_(Hunter)
P -188.8446, -2771.5911, 275.0179, 127, 64, 0, 2, Advisor_Enaris_(Hunter)
P 446.4070, -2376.2351, 263.8531, 127, 64, 0, 2, High_Priest_Nelori_(Hunter,Roam)
P 162.0684, -2097.2485, -23.2750, 127, 64, 0, 2, Ambassador_Khorin_(Hunter)
P -1110.8905, -2514.4158, -26.5935, 127, 64, 0, 2, Ungimar_(Hunter,Roam)
P -385.8530, -2289.0486, -342.1977, 127, 64, 0, 2, Summoner_Sirqo_(Hunter,Roam)
P 209.3547, -2031.2482, -334.1420, 127, 64, 0, 2, The_Rat_Queen_(Hunter)
P 153.4107, -2095.3860, 409.9260, 127, 64, 0, 2, Chief_Recuiter_Joceil_(Hunter,Roam)
P 193.1662, -2632.9519, 48.4572, 127, 64, 0, 2, Pledgemaster_Oeslik_(Hunter)
P 219.0022, -2788.1733, 433.9748, 127, 64, 0, 2, Groundskeeper_Areut_(Hunter,Roam)
P 314.6639, -1797.3005, -21.4784, 127, 64, 0, 2, Arms_Master_Hegul_(Hunter,Roam)
P -1141.1882, -1180.7896, -11.8603, 127, 64, 0, 2, Grimlop_(Hunter,Roam)
P 23.1159, -1934.5027, 437.6125, 127, 64, 0, 2, Chancellor_Mardis_(Hunter)
P -728.9638, -1769.6891, -35.7784, 127, 64, 0, 2, Larsena_the_Lunatic_(Hunter,Roam)
P 128.6967, -2315.1614, 435.0015, 127, 64, 0, 2, Chanellor_Mardis_(Hunter)
