L 68.8074, 58.8168, 4.3620,  68.8074, 58.8168, 4.3620,  0, 0, 240
L 68.8074, 58.8168, 4.3620,  68.8074, 58.8168, 4.3620,  0, 0, 240
L 68.8074, 58.8168, 4.3620,  68.8074, 58.8168, 4.3620,  0, 0, 240
L 68.8074, 58.8168, 4.3620,  68.8074, 58.8168, 4.3620,  0, 0, 240
L 110.5465, 15.4119, -2.3059,  110.5465, 15.4119, -2.3059,  0, 0, 240
L 111.0045, -20.4545, 1.0752,  110.5465, 15.4119, -2.3059,  0, 0, 240
L 104.0269, -38.0035, 5.2119,  111.0045, -20.4545, 1.0752,  0, 0, 240
L 95.9073, -57.1015, 9.5958,  104.0269, -38.0035, 5.2119,  0, 0, 240
L 84.0672, -70.4302, 11.5183,  95.9073, -57.1015, 9.5958,  0, 0, 240
L 83.2837, -69.9514, 8.7565,  83.2837, -69.9514, 8.7565,  0, 0, 240
L 74.3024, -64.4631, 8.0958,  84.0672, -70.4302, 8.7565,  0, 0, 240
L -46.5559, -117.2146, 22.5570,  -46.5559, -117.2146, 22.5570,  0, 0, 240
L -76.0775, 84.4193, 74.7947,  -49.9821, 118.9544, 76.0181,  0, 0, 240
L -85.4286, 74.3057, 71.4532,  -76.0775, 84.4193, 74.7947,  0, 0, 240
L -99.7846, 59.0296, 66.3823,  -85.4286, 74.3057, 71.4532,  0, 0, 240
L -103.4657, 50.2195, 64.4366,  -99.7846, 59.0296, 66.3823,  0, 0, 240
L -110.6002, 32.7229, 60.1688,  -103.4657, 50.2195, 64.4366,  0, 0, 240
L -114.0178, 14.6813, 58.5001,  -110.6002, 32.7229, 60.1688,  0, 0, 240
L -115.7076, -9.8581, 52.0451,  -114.0178, 14.6813, 58.5001,  0, 0, 240
L -111.9911, -32.9636, 46.7062,  -115.7076, -9.8581, 52.0451,  0, 0, 240
L -102.0249, -61.8920, 39.5087,  -111.9911, -32.9636, 46.7062,  0, 0, 240
L -77.3778, -89.0426, 35.5927,  -102.0249, -61.8920, 39.5087,  0, 0, 240
L -53.7850, -106.1960, 27.1626,  -77.3778, -89.0426, 35.5927,  0, 0, 240
L -12.2049, -120.5100, 17.3378,  -53.7850, -106.1960, 27.1626,  0, 0, 240
L 24.0887, -120.4227, 9.5791,  -12.2049, -120.5100, 17.3378,  0, 0, 240
L 20.9380, -97.6275, 5.5081,  24.0887, -120.4227, 19.1552,  0, 0, 240
L 6.1003, -100.9332, 4.3737,  20.9380, -97.6275, 5.5081,  0, 0, 240
L -0.6081, -98.3787, 7.4105,  6.1003, -100.9332, 4.3737,  0, 0, 240
L -7.6650, -100.0006, -0.1147,  -0.6081, -98.3787, 7.4105,  0, 0, 240
L -26.1936, -97.7537, -0.5033,  -7.6650, -100.0006, -0.1147,  0, 0, 240
L -50.6022, -87.6430, -0.5031,  -26.1936, -97.7537, -0.5033,  0, 0, 240
L -63.6560, -77.6214, -0.5044,  -50.6022, -87.6430, -0.5031,  0, 0, 240
L -68.4006, -68.5753, 5.3506,  -63.6560, -77.6214, -0.5044,  0, 0, 240
L -76.6261, -64.9580, -0.5031,  -68.4006, -68.5753, 5.3506,  0, 0, 240
L -87.6432, -50.6019, -0.5031,  -76.6261, -64.9580, -0.5031,  0, 0, 240
L -97.7541, -26.1920, -0.5031,  -87.6432, -50.6019, -0.5031,  0, 0, 240
L -100.2217, -9.5163, 0.3612,  -97.7541, -26.1920, -0.5031,  0, 0, 240
L -96.6238, 0.6823, 5.2407,  -100.2217, -9.5163, 0.3612,  0, 0, 240
L -100.2560, 9.3771, 0.4214,  -96.6238, 0.6823, 5.2407,  0, 0, 240
L -97.5214, 26.7525, -0.5027,  -100.2560, 9.3771, 0.4214,  0, 0, 240
L -87.6438, 50.6011, -0.5031,  -97.5214, 26.7525, -0.5027,  0, 0, 240
L -76.9235, 65.7702, 1.8285,  -87.6438, 50.6011, -0.5031,  0, 0, 240
L -67.3060, 67.4546, 4.5267,  -76.9235, 65.7702, 1.8285,  0, 0, 240
L -63.4512, 77.7745, -0.5084,  -67.3060, 67.4546, 4.5267,  0, 0, 240
L -50.5784, 87.6534, -0.5029,  -63.4512, 77.7745, -0.5084,  0, 0, 240
L -26.3864, 97.6737, -0.5011,  -50.5784, 87.6534, -0.5029,  0, 0, 240
L -8.9533, 100.0847, -0.2943,  -26.3864, 97.6737, -0.5011,  0, 0, 240
L 1.3573, 94.3156, 3.9375,  -8.9533, 100.0847, -0.2943,  0, 0, 240
L 7.8882, 100.1030, -0.2023,  1.3573, 94.3156, 3.9375,  0, 0, 240
L 26.1930, 97.7543, -0.5019,  7.8882, 100.1030, -0.2023,  0, 0, 240
L 50.5663, 87.6587, -0.5017,  26.1930, 97.7543, -0.5019,  0, 0, 240
L 67.2370, 75.9685, 4.4453,  50.5663, 87.6587, -0.5017,  0, 0, 240
L 68.2809, 69.0641, 7.0511,  67.2370, 75.9685, 4.4453,  0, 0, 240
L 75.3335, 65.5323, -0.2621,  68.2809, 69.0641, 7.0511,  0, 0, 240
L 87.3681, 50.9580, -0.5023,  75.3335, 65.5323, -0.2621,  0, 0, 240
L 97.4778, 26.8341, -0.5037,  87.3681, 50.9580, -0.5023,  0, 0, 240
L 101.1379, 7.8477, 2.5775,  97.4778, 26.8341, -0.5037,  0, 0, 240
L 95.4778, 3.4689, 1.5676,  101.1379, 7.8477, 2.5775,  0, 0, 240
L 100.1305, -7.9576, -0.2306,  95.4778, 3.4689, 1.5676,  0, 0, 240
L 97.8015, -25.8246, -0.5031,  100.1305, -7.9576, -0.2306,  0, 0, 240
L 90.7611, -43.0406, 0.3657,  97.8015, -25.8246, -0.5031,  0, 0, 240
L 74.3024, -64.4631, 0.8305,  90.7611, -43.0406, 0.3657,  0, 0, 240
L 2.8595, -104.6384, 77.0165,  2.8595, -104.6384, 77.0165,  0, 0, 240
L 2.8595, -104.6384, 77.0165,  2.8595, -104.6384, 77.0165,  0, 0, 240
L 37.1645, -100.5622, 69.7463,  9.5311, -103.9393, 68.6940,  0, 0, 240
L 71.5804, -82.4737, 67.1833,  37.1645, -100.5622, 69.7463,  0, 0, 240
L 85.6024, -67.0174, 63.9614,  71.5804, -82.4737, 67.1833,  0, 0, 240
L 111.3355, -18.9263, 58.9189,  85.6024, -67.0174, 63.9614,  0, 0, 240
L 110.7402, 15.4122, 56.9230,  111.3355, -18.9263, 58.9189,  0, 0, 240
L 186.5384, 15.4119, 56.7078,  110.7402, 15.4122, 56.9230,  0, 0, 240
L 175.5038, -26.8623, 73.2221,  186.5384, 15.4119, 56.7078,  0, 0, 240
L 165.6697, -80.8065, 73.6160,  175.5038, -26.8623, 73.2221,  0, 0, 240
L 148.7215, -142.7756, 66.0081,  165.6697, -80.8065, 73.6160,  0, 0, 240
L 148.7534, -142.6344, 66.0446,  148.7534, -142.6344, 66.0446,  0, 0, 240
L 138.4345, -148.1902, 65.8540,  148.7534, -142.6344, 66.0446,  0, 0, 240
L 138.4732, -151.0458, 64.6773,  138.4732, -151.0458, 64.6773,  0, 0, 240
L 141.4302, -153.4721, 64.7609,  138.4345, -148.1902, 64.7583,  0, 0, 240
L 147.8606, -149.3185, 65.3745,  141.4302, -153.4721, 65.4052,  0, 0, 240
L 162.1458, -181.2123, 49.3591,  147.8606, -149.3185, 65.3745,  0, 0, 240
L 184.8700, -269.0869, 33.5458,  162.1458, -181.2123, 49.3591,  0, 0, 240
L 210.9419, -341.6969, 20.7909,  184.8700, -269.0869, 33.5458,  0, 0, 240
L 210.9419, -341.6969, 20.7909,  210.9419, -341.6969, 20.7909,  0, 0, 240
L 189.7674, -352.7096, 24.9377,  210.9419, -341.6969, 20.7909,  0, 0, 240
L 83.9446, -236.8294, 48.9823,  189.7674, -352.7096, 24.9377,  0, 0, 240
L 51.1177, -205.8151, 64.0993,  83.9446, -236.8294, 48.9823,  0, 0, 240
L 58.5734, -201.2467, 66.7643,  51.1177, -205.8151, 64.0993,  0, 0, 240
L 57.4249, -199.2540, 67.9005,  57.4249, -199.2540, 67.9005,  0, 0, 240
L 57.4249, -199.2540, 67.9005,  57.4249, -199.2540, 67.9005,  0, 0, 240
L 55.4524, -195.8314, 67.9002,  58.5734, -201.2467, 67.9005,  0, 0, 240
L 49.7235, -199.4989, 73.7314,  55.4524, -195.8314, 69.6218,  0, 0, 240
L -4.8966, -189.7949, 73.6547,  49.7235, -199.4989, 73.7314,  0, 0, 240
L -16.1732, -193.2424, 73.4844,  -4.8966, -189.7949, 73.6547,  0, 0, 240
L -46.7418, -206.1441, 73.6034,  -16.1732, -193.2424, 73.4844,  0, 0, 240
L -89.5325, -242.5145, 72.3247,  -46.7418, -206.1441, 73.6034,  0, 0, 240
L -188.7689, -348.0898, 53.4652,  -89.5325, -242.5145, 72.3247,  0, 0, 240
L -208.4394, -337.2663, 51.9669,  -188.7689, -348.0898, 53.4652,  0, 0, 240
L -170.9813, -247.7982, 71.8829,  -208.4374, -337.2585, 52.0167,  0, 0, 240
L -164.1270, -193.5155, 73.1614,  -170.9813, -247.7982, 71.8829,  0, 0, 240
L -155.6771, -145.4987, 73.7025,  -164.1270, -193.5155, 73.1614,  0, 0, 240
L -156.3979, -149.8839, 73.7016,  -156.3979, -149.8839, 73.7016,  0, 0, 240
L -156.3979, -149.8839, 73.7016,  -156.3979, -149.8839, 73.7016,  0, 0, 240
L -156.3979, -149.8839, 73.7016,  -156.3979, -149.8839, 73.7016,  0, 0, 240
L -156.3979, -149.8839, 73.7016,  -156.3979, -149.8839, 73.7016,  0, 0, 240
L -156.3979, -149.8839, 73.7016,  -156.3979, -149.8839, 73.7016,  0, 0, 240
L -151.8276, -147.7374, 73.4300,  -147.5217, -140.8210, 73.5350,  0, 0, 240
L -137.1123, -156.2607, 69.8330,  -132.9136, -148.9480, 69.7293,  0, 0, 240
L -155.6141, -145.5901, 72.5371,  -151.8276, -147.7374, 72.8244,  0, 0, 240
L -129.9930, -160.3923, 72.5333,  -137.1123, -156.2607, 72.5348,  0, 0, 240
L -128.8380, -158.4046, 72.4597,  -128.8380, -158.4046, 72.4597,  0, 0, 240
L -126.5695, -154.5005, 72.4636,  -129.9930, -160.3923, 72.4597,  0, 0, 240
L -132.9136, -148.9480, 73.7490,  -126.5695, -154.5005, 73.2855,  0, 0, 240
L -153.8591, -137.4393, 73.7519,  -147.5217, -140.8210, 71.0454,  0, 0, 240
L -158.1983, -91.1481, 73.7350,  -153.8591, -137.4393, 73.7519,  0, 0, 240
L -195.5836, -61.3570, 76.3599,  -158.1983, -91.1481, 73.7350,  0, 0, 240
L -235.2249, -46.3258, 77.1061,  -195.5836, -61.3570, 76.3599,  0, 0, 240
L -289.4174, -29.5167, 73.6810,  -235.2249, -46.3258, 77.1061,  0, 0, 240
L -391.7188, -12.5184, 73.7528,  -289.4174, -29.5167, 73.6810,  0, 0, 240
L -391.7730, 9.8064, 73.7526,  -391.7188, -12.5184, 73.7528,  0, 0, 240
L -286.9156, 27.3656, 73.7370,  -391.7730, 9.8064, 73.7526,  0, 0, 240
L -201.5252, 53.3237, 77.2833,  -286.9156, 27.3656, 73.7370,  0, 0, 240
L -201.5252, 53.3237, 77.2833,  -201.5252, 53.3237, 77.2833,  0, 0, 240
L -201.7118, 26.7530, 73.7452,  -201.5252, 53.3237, 77.2833,  0, 0, 240
L -198.0044, 27.0283, 73.7491,  -198.0044, 27.0283, 73.7491,  0, 0, 240
L -192.6378, 27.4268, 73.7491,  -201.7118, 26.7530, 73.7491,  0, 0, 240
L -191.6300, 33.9786, 73.7226,  -191.6300, 33.9786, 73.7226,  0, 0, 240
L -191.6300, 33.9786, 73.7226,  -191.6300, 33.9786, 73.7226,  0, 0, 240
L -188.0770, 57.0759, 76.8591,  -192.6378, 27.4268, 73.7226,  0, 0, 240
L -142.6197, 83.4714, 76.1937,  -188.0770, 57.0759, 76.8591,  0, 0, 240
L -139.5180, 102.0844, 77.5790,  -142.6197, 83.4714, 76.9780,  0, 0, 240
L 19.7702, 15.7653, 78.9331,  24.4262, 4.8136, 79.3371,  0, 0, 0
L 11.9546, 21.8648, 79.4069,  19.7702, 15.7653, 78.9331,  0, 0, 0
L 5.1637, 25.0046, 78.8174,  11.9546, 21.8648, 79.4069,  0, 0, 0
L -6.6342, 25.8016, 78.8174,  5.1637, 25.0046, 78.8174,  0, 0, 0
L -17.3386, 18.6447, 78.8721,  -6.6342, 25.8016, 78.8174,  0, 0, 0
L -22.3949, 13.3340, 78.8174,  -17.3386, 18.6447, 78.8721,  0, 0, 0
L -24.3829, 4.7284, 79.3846,  -22.3949, 13.3340, 78.8174,  0, 0, 0
L -25.2388, -3.4167, 78.8174,  -24.3829, 4.7284, 79.3846,  0, 0, 0
L -21.4862, -12.1712, 79.7623,  -25.2388, -3.4167, 78.8174,  0, 0, 0
L -16.9851, -18.6163, 79.0910,  -21.4862, -12.1712, 79.7623,  0, 0, 0
L -12.0883, -21.9760, 79.2642,  -16.9851, -18.6163, 79.0910,  0, 0, 0
L -4.6088, -24.3923, 79.3912,  -12.0883, -21.9760, 79.2642,  0, 0, 0
L 5.0370, -24.3720, 79.3609,  -4.6088, -24.3923, 79.3912,  0, 0, 0
L 15.6335, -19.7409, 79.0299,  5.0370, -24.3720, 79.3609,  0, 0, 0
L 22.2262, -9.6270, 81.4734,  15.6335, -19.7409, 79.0299,  0, 0, 0
L 24.4444, -4.2213, 79.3905,  22.2262, -9.6270, 81.4734,  0, 0, 0
L 24.3694, 4.8469, 79.3863,  24.4444, -4.2213, 79.3905,  0, 0, 0
L -6.1512, 73.5847, 229.4879,  -5.7295, 90.1199, 231.1779,  0, 0, 0
L -16.0327, 66.7887, 222.8959,  -6.1512, 73.5847, 229.4879,  0, 0, 0
L -6.7951, 32.1495, 217.8551,  -16.0327, 66.7887, 222.8959,  0, 0, 0
L -10.2428, 31.3111, 217.9747,  -6.7951, 32.1495, 217.8551,  0, 0, 0
L -19.9638, 67.1944, 232.5077,  -10.2428, 31.3111, 217.9747,  0, 0, 0
L -33.8423, 61.3296, 230.7235,  -19.9638, 67.1944, 232.5077,  0, 0, 0
L -50.4268, 48.6306, 230.7235,  -33.8423, 61.3296, 230.7235,  0, 0, 0
L -59.8164, 36.3936, 230.7235,  -50.4268, 48.6306, 230.7235,  0, 0, 0
L -67.2970, 19.9832, 232.4755,  -59.8164, 36.3936, 230.7235,  0, 0, 0
L -28.6250, 10.6260, 217.0685,  -67.2970, 19.9832, 232.4755,  0, 0, 0
L -29.1528, 6.7398, 217.6505,  -28.6250, 10.6260, 217.0685,  0, 0, 0
L -66.7437, 16.0229, 222.8522,  -29.1528, 6.7398, 217.6505,  0, 0, 0
L -65.1310, 6.6588, 218.3338,  -66.7437, 16.0229, 222.8522,  0, 0, 0
L -98.2503, 6.0536, 201.1211,  -65.1310, 6.6588, 218.3338,  0, 0, 0
L -64.0327, -9.3606, 219.3068,  -95.6440, -8.3585, 198.4690,  0, 0, 0
L -66.7569, -16.0265, 222.8646,  -64.0327, -9.3606, 219.3068,  0, 0, 0
L -32.0946, -6.5561, 217.8213,  -66.7569, -16.0265, 222.8646,  0, 0, 0
L -31.2486, -10.3239, 217.9207,  -32.0946, -6.5561, 217.8213,  0, 0, 0
L -67.2903, -19.9820, 232.4776,  -31.2486, -10.3239, 217.9207,  0, 0, 0
L -60.9034, -34.8719, 230.7235,  -67.2903, -19.9820, 232.4776,  0, 0, 0
L -47.2786, -51.4665, 230.7235,  -60.9034, -34.8719, 230.7235,  0, 0, 0
L -19.9675, -67.2374, 232.1532,  -47.2786, -51.4665, 230.7235,  0, 0, 0
L -10.0513, -31.7933, 218.3278,  -19.9675, -67.2374, 232.1532,  0, 0, 0
L -6.5953, -33.9859, 218.4297,  -10.0513, -31.7933, 218.3278,  0, 0, 0
L -16.3427, -68.2735, 232.4754,  -6.5953, -33.9859, 218.4297,  0, 0, 0
L 0.0588, -70.2040, 230.7235,  -16.3427, -68.2735, 232.4754,  0, 0, 0
L 17.6497, -67.8905, 230.7235,  0.0588, -70.2040, 230.7235,  0, 0, 0
L 34.4703, -61.0470, 230.7235,  17.6497, -67.8905, 230.7235,  0, 0, 0
L 46.6553, -49.4757, 231.9869,  34.4703, -61.0470, 230.7235,  0, 0, 0
L 21.7114, -24.0889, 217.4243,  46.6553, -49.4757, 231.9869,  0, 0, 0
L 24.1663, -21.9183, 218.2968,  21.7114, -24.0889, 217.4243,  0, 0, 0
L 50.9526, -48.2866, 232.4767,  24.1663, -21.9183, 218.2968,  0, 0, 0
L 60.6682, -35.2857, 230.7235,  50.9526, -48.2866, 232.4767,  0, 0, 0
L 67.3539, -19.2908, 230.7235,  60.6682, -35.2857, 230.7235,  0, 0, 0
L 70.1182, -0.7051, 230.7235,  67.3539, -19.2908, 230.7235,  0, 0, 0
L 68.2758, 16.3524, 232.5052,  70.1182, -0.7051, 230.7235,  0, 0, 0
L 31.3170, 6.9564, 217.5142,  68.2758, 16.3524, 232.5052,  0, 0, 0
L 32.4116, 11.9292, 217.8614,  31.3170, 6.9564, 217.5142,  0, 0, 0
L 67.5039, 20.0381, 232.4067,  32.1300, 11.6010, 217.8886,  0, 0, 0
L 59.4177, 37.2841, 230.7234,  67.5039, 20.0381, 232.4067,  0, 0, 0
L 47.3271, 51.7103, 230.7234,  59.4177, 37.2841, 230.7234,  0, 0, 0
L 20.0400, 67.5124, 232.4059,  47.3271, 51.7103, 230.7234,  0, 0, 0
L 10.2345, 28.9182, 217.3489,  20.0400, 67.5124, 232.4059,  0, 0, 0
L 6.5480, 30.2373, 217.7191,  10.2345, 28.9182, 217.3489,  0, 0, 0
L 15.7990, 65.9545, 222.1839,  6.5480, 30.2373, 217.7191,  0, 0, 0
L 6.6786, 71.4746, 229.0146,  15.7990, 65.9545, 222.1839,  0, 0, 0
L 4.9712, 91.3021, 231.5759,  6.6786, 71.4746, 229.0146,  0, 0, 0
L 77.6031, -44.1294, 457.5912,  68.1465, -72.3595, 463.3785,  0, 0, 0
L 103.4056, -28.4940, 456.1609,  77.6031, -44.1294, 457.5912,  0, 0, 0
L 141.6147, -15.5652, 453.0620,  103.4056, -28.4940, 456.1609,  0, 0, 0
L 192.3441, -5.5037, 449.3673,  141.6147, -15.5652, 453.0620,  0, 0, 0
L 192.3543, 3.9509, 449.2841,  192.3441, -5.5037, 449.3673,  0, 0, 0
L 135.4702, 16.2817, 453.7838,  192.3543, 3.9509, 449.2841,  0, 0, 0
L 101.4019, 27.1045, 452.0849,  135.4702, 16.2817, 453.7838,  0, 0, 0
L 80.7536, 43.0960, 443.7238,  101.4019, 27.1045, 452.0849,  0, 0, 0
L 79.0410, 79.3425, 442.8054,  80.7536, 43.0960, 443.7238,  0, 0, 0
L 86.6424, 116.8401, 440.2295,  79.0410, 79.3425, 442.8054,  0, 0, 0
L 104.8914, 170.7966, 436.2667,  86.6424, 116.8401, 440.2295,  0, 0, 0
L 95.3584, 176.7133, 436.2318,  104.8914, 170.7966, 436.2667,  0, 0, 0
L 62.8230, 136.8230, 436.5754,  95.3584, 176.7133, 436.2318,  0, 0, 0
L 32.0942, 108.7413, 437.0076,  62.8230, 136.8230, 436.5754,  0, 0, 0
L 7.5028, 94.1600, 429.4540,  32.0942, 108.7413, 437.0076,  0, 0, 0
L -31.3258, 114.0746, 431.4859,  7.5028, 94.1600, 429.4540,  0, 0, 0
L -101.2371, 185.9094, 424.7017,  -31.3258, 114.0746, 431.4859,  0, 0, 0
L -111.3378, 180.9124, 424.2188,  -101.2371, 185.9094, 424.7017,  0, 0, 0
L -92.3003, 122.5830, 428.8133,  -111.3378, 180.9124, 424.2188,  0, 0, 0
L -84.2087, 87.2989, 427.0011,  -92.3003, 122.5830, 428.8133,  0, 0, 0
L -83.6105, 52.8821, 419.6238,  -84.2087, 87.2989, 427.0011,  0, 0, 0
L -110.8989, 33.1885, 417.1812,  -83.6105, 52.8821, 419.6238,  0, 0, 0
L -158.8051, 17.2551, 413.5964,  -110.8989, 33.1885, 417.1812,  0, 0, 0
L -214.2577, 6.9320, 409.8913,  -158.8051, 17.2551, 413.5964,  0, 0, 0
L -214.6931, -4.7122, 409.5352,  -214.2577, 6.9320, 409.8913,  0, 0, 0
L -162.2997, -14.9694, 412.8499,  -214.6931, -4.7122, 409.5352,  0, 0, 0
L -111.6390, -27.9666, 409.4049,  -162.2997, -14.9694, 412.8499,  0, 0, 0
L -89.6664, -51.3925, 410.1498,  -111.6390, -27.9666, 409.4049,  0, 0, 0
L -90.0861, -86.9365, 410.2469,  -89.6664, -51.3925, 410.1498,  0, 0, 0
L -102.7189, -144.9364, 405.2136,  -90.0861, -86.9365, 410.2469,  0, 0, 0
L -119.8030, -193.0780, 402.1382,  -102.7189, -144.9364, 405.2136,  0, 0, 0
L -110.5345, -201.4595, 400.9016,  -119.8030, -193.0780, 402.1382,  0, 0, 0
L -56.9139, -143.5472, 405.8407,  -110.5345, -201.4595, 400.9016,  0, 0, 0
L -35.6724, -122.0166, 401.7941,  -56.9139, -143.5472, 405.8407,  0, 0, 0
L -3.2928, -105.5917, 396.0215,  -35.6724, -122.0166, 401.7941,  0, 0, 0
L 27.4461, -121.4953, 396.1733,  -3.2928, -105.5917, 396.0215,  0, 0, 0
L 48.5600, -108.6069, 383.3097,  27.4461, -121.4953, 396.1733,  0, 0, 0
L 51.2593, -114.3214, 384.7955,  48.5600, -108.6069, 383.3097,  0, 0, 0
L 33.5950, -127.3721, 396.1653,  51.2593, -114.3214, 384.7955,  0, 0, 0
L 70.5285, -159.9080, 392.4575,  33.5950, -127.3721, 396.1653,  0, 0, 0
L 112.8161, -208.6035, 386.8011,  70.5285, -159.9080, 392.4575,  0, 0, 0
L 124.3276, -200.9071, 388.8337,  112.8161, -208.6035, 386.8011,  0, 0, 0
L 104.5165, -144.9015, 392.4974,  124.3276, -200.9071, 388.8337,  0, 0, 0
L 88.8376, -91.1871, 386.6385,  104.5165, -144.9015, 392.4974,  0, 0, 0
L 91.1125, -59.2812, 380.5527,  88.8376, -91.1871, 386.6385,  0, 0, 0
L 124.9100, -39.6732, 385.6251,  91.1125, -59.2812, 380.5527,  0, 0, 0
L 125.8206, 6.6874, 369.8789,  124.9100, -39.6732, 385.6251,  0, 0, 0
L 130.2807, 5.6147, 370.8239,  125.8206, 6.6874, 369.8789,  0, 0, 0
L 131.8791, -37.1245, 384.7745,  130.2807, 5.6147, 370.8239,  0, 0, 0
L 203.1821, -15.8197, 379.7539,  131.8791, -37.1245, 384.7745,  0, 0, 0
L 249.2960, -7.5179, 376.9700,  203.1821, -15.8197, 379.7539,  0, 0, 0
L 250.5555, 3.0742, 374.0950,  249.2960, -7.5179, 376.9700,  0, 0, 0
L 188.5855, 18.4241, 379.8278,  250.7831, 6.3413, 375.8784,  0, 0, 0
L 130.5707, 37.1200, 380.4592,  188.5855, 18.4241, 379.8278,  0, 0, 0
L 132.5436, 19.2221, 370.4095,  130.5707, 37.1200, 380.4592,  0, 0, 0
L 124.5614, 20.6409, 369.5490,  132.5436, 19.2221, 370.4095,  0, 0, 0
L 125.4328, 36.3001, 375.9842,  124.5614, 20.6409, 369.5490,  0, 0, 0
L 103.5778, 55.7023, 371.2794,  125.4328, 36.3001, 375.9842,  0, 0, 0
L 99.9349, 90.2864, 367.5477,  103.5778, 55.7023, 371.2794,  0, 0, 0
L 61.6207, 114.1911, 352.5358,  99.9349, 90.2864, 367.5477,  0, 0, 0
L 64.3051, 119.2856, 352.8858,  61.6207, 114.1911, 352.5358,  0, 0, 0
L 101.6917, 96.8767, 367.7924,  64.3051, 119.2856, 352.8858,  0, 0, 0
L 112.3769, 150.5784, 363.7798,  101.6917, 96.8767, 367.7924,  0, 0, 0
L 135.6604, 218.2922, 359.5552,  112.3769, 150.5784, 363.7798,  0, 0, 0
L 124.3314, 229.4489, 358.4091,  135.6604, 218.2922, 359.5552,  0, 0, 0
L 76.2288, 174.7055, 363.9982,  124.3314, 229.4489, 358.4091,  0, 0, 0
L 36.5588, 139.0009, 363.3488,  76.2288, 174.7055, 363.9982,  0, 0, 0
L 50.9968, 125.4226, 352.5943,  36.5588, 139.0009, 363.3488,  0, 0, 0
L 46.8313, 120.0338, 351.0688,  50.9968, 125.4226, 352.5943,  0, 0, 0
L 37.3699, 129.9702, 355.4751,  46.8313, 120.0338, 351.0688,  0, 0, 0
L 3.4785, 121.6109, 354.0150,  37.3699, 129.9702, 355.4751,  0, 0, 0
L -28.9979, 137.7678, 351.9943,  3.4785, 121.6109, 354.0150,  0, 0, 0
L -71.5238, 114.8226, 335.0809,  -28.9979, 137.7678, 351.9943,  0, 0, 0
L -73.4752, 120.2553, 335.9544,  -71.5238, 114.8226, 335.0809,  0, 0, 0
L -34.7411, 142.5045, 351.3442,  -73.4752, 120.2553, 335.9544,  0, 0, 0
L -80.3586, 181.9013, 345.0381,  -34.7411, 142.5045, 351.3442,  0, 0, 0
L -127.8299, 238.0100, 342.2367,  -80.3586, 181.9013, 345.0381,  0, 0, 0
L -141.6357, 232.0711, 341.0191,  -127.8299, 238.0100, 342.2367,  0, 0, 0
L -118.5635, 162.7106, 346.6319,  -141.6357, 232.0711, 341.0191,  0, 0, 0
L -105.3588, 100.6416, 345.8371,  -118.5635, 162.7106, 346.6319,  0, 0, 0
L -88.0847, 111.4343, 335.2673,  -105.3588, 100.6416, 345.8371,  0, 0, 0
L -85.9960, 106.2918, 334.1325,  -88.0847, 111.4343, 335.2673,  0, 0, 0
L -101.2085, 99.6596, 340.6814,  -85.9960, 106.2918, 334.1325,  0, 0, 0
L -99.5446, 73.2032, 327.6660,  -101.2085, 99.6596, 340.6814,  0, 0, 0
L -140.4639, 45.2002, 335.4175,  -99.5446, 73.2032, 327.6660,  0, 0, 0
L -140.1072, -4.0530, 317.3790,  -140.4639, 45.2002, 335.4175,  0, 0, 0
L -148.9287, -5.7709, 318.1639,  -140.1072, -4.0530, 317.3790,  0, 0, 0
L -148.3178, 42.3239, 334.4523,  -148.9287, -5.7709, 318.1639,  0, 0, 0
L -207.7003, 22.4042, 329.9914,  -148.3178, 42.3239, 334.4523,  0, 0, 0
L -281.6751, 8.6125, 325.7298,  -207.7003, 22.4042, 329.9914,  0, 0, 0
L -283.0759, -4.8312, 322.6946,  -281.6751, 8.6125, 325.7298,  0, 0, 0
L -187.9676, -28.8977, 331.3957,  -283.0759, -4.8312, 322.6946,  0, 0, 0
L -144.7632, -42.9506, 329.1331,  -187.9676, -28.8977, 331.3957,  0, 0, 0
L -146.4954, -19.0887, 318.0087,  -144.7632, -42.9506, 329.1331,  0, 0, 0
L -139.8480, -18.3936, 316.5406,  -146.4954, -19.0887, 318.0087,  0, 0, 0
L -142.7504, -37.5674, 323.2274,  -139.8480, -18.3936, 316.5406,  0, 0, 0
L -114.9050, -64.7691, 321.2049,  -142.7504, -37.5674, 323.2274,  0, 0, 0
L -112.6056, -101.1593, 317.6615,  -114.9050, -64.7691, 321.2049,  0, 0, 0
L -65.8426, -127.6057, 298.8601,  -112.6056, -101.1593, 317.6615,  0, 0, 0
L -71.5350, -131.9185, 300.2784,  -65.8426, -127.6057, 298.8601,  0, 0, 0
L -114.2023, -110.0667, 316.6908,  -71.5350, -131.9185, 300.2784,  0, 0, 0
L -129.1278, -179.6991, 311.7793,  -114.2023, -110.0667, 316.6908,  0, 0, 0
L -153.0305, -247.1463, 307.7269,  -129.1278, -179.6991, 311.7793,  0, 0, 0
L -135.9829, -254.6008, 307.8073,  -153.0305, -247.1463, 307.7269,  0, 0, 0
L -71.5487, -179.1201, 307.3224,  -135.9829, -254.6008, 307.8073,  0, 0, 0
L -39.2113, -148.7330, 305.5436,  -71.5487, -179.1201, 307.3224,  0, 0, 0
L -55.0581, -137.4339, 299.4924,  -39.2113, -148.7330, 305.5436,  0, 0, 0
L -51.9981, -136.3204, 298.5812,  -55.0581, -137.4339, 299.4924,  0, 0, 0
L -36.1411, -146.3146, 304.8989,  -51.9981, -136.3204, 298.5812,  0, 0, 0
L 1.5511, -134.9466, 303.7349,  -36.1411, -146.3146, 304.8989,  0, 0, 0
L 37.2488, -147.7409, 294.4698,  1.5511, -134.9466, 303.7349,  0, 0, 0
L 78.8518, -124.9380, 284.7981,  37.2488, -147.7409, 294.4698,  0, 0, 0
L 81.7210, -131.3508, 286.1633,  78.8518, -124.9380, 284.7981,  0, 0, 0
L 40.4733, -159.5418, 302.9734,  81.7210, -131.3508, 286.1633,  0, 0, 0
L 112.3388, -228.7939, 296.6745,  40.4733, -159.5418, 302.9734,  0, 0, 0
L 144.7920, -266.3603, 292.1573,  112.3388, -228.7939, 296.6745,  0, 0, 0
L 158.5966, -254.5805, 293.9013,  143.3694, -265.8337, 293.8188,  0, 0, 0
L 129.4496, -167.0680, 299.4298,  158.5966, -254.5805, 293.9013,  0, 0, 0
L 115.2876, -114.7548, 292.6734,  129.4496, -167.0680, 299.4298,  0, 0, 0
L 96.7267, -120.5536, 285.5109,  115.2876, -114.7548, 292.6734,  0, 0, 0
L 95.2894, -114.5009, 283.8133,  96.7267, -120.5536, 285.5109,  0, 0, 0
L 111.6495, -109.5055, 290.2475,  95.2894, -114.5009, 283.8133,  0, 0, 0
L 115.6961, -66.8747, 279.1619,  111.6495, -109.5055, 290.2475,  0, 0, 0
L 162.4742, -44.4614, 280.4520,  115.6961, -66.8747, 279.1619,  0, 0, 0
L 220.9497, -28.1273, 279.7651,  162.4742, -44.4614, 280.4520,  0, 0, 0
L 314.9667, -9.3186, 273.3918,  220.9497, -28.1273, 279.7651,  0, 0, 0
L 316.7057, 5.6234, 270.9350,  314.9667, -9.3186, 273.3918,  0, 0, 0
L 205.0831, 30.1396, 274.7274,  316.7057, 5.6234, 270.9350,  0, 0, 0
L 154.5443, 48.2952, 272.0565,  205.0831, 30.1396, 274.7274,  0, 0, 0
L 121.2464, 71.8950, 260.4565,  154.5443, 48.2952, 272.0565,  0, 0, 0
L 125.6427, 121.0891, 264.5619,  121.2464, 71.8950, 260.4565,  0, 0, 0
L 140.9544, 193.4155, 260.5429,  125.6427, 121.0891, 264.5619,  0, 0, 0
L 168.5905, 274.6425, 252.1799,  140.9544, 193.4155, 260.5429,  0, 0, 0
L 158.1369, 286.3615, 251.5231,  168.5905, 274.6425, 252.1799,  0, 0, 0
L 71.6810, 192.7354, 255.4626,  158.1369, 286.3615, 251.5231,  0, 0, 0
L 39.7801, 166.3056, 254.2352,  71.6810, 192.7354, 255.4626,  0, 0, 0
L 0.5165, 147.6481, 243.8901,  39.7801, 166.3056, 254.2352,  0, 0, 0
L -42.3414, 175.3613, 244.7582,  0.5165, 147.6481, 243.8901,  0, 0, 0
L -98.2393, 224.6456, 239.5135,  -42.3414, 175.3613, 244.7582,  0, 0, 0
L -158.5654, 294.4057, 233.1738,  -98.2393, 224.6456, 239.5135,  0, 0, 0
L -172.4646, 288.0668, 229.9133,  -158.5654, 294.4057, 233.1738,  0, 0, 0
L -150.3079, 210.6178, 238.6028,  -172.4646, 288.0668, 229.9133,  0, 0, 0
L -132.4032, 157.0083, 234.2296,  -150.3079, 210.6178, 238.6028,  0, 0, 0
L -125.4015, 123.5920, 230.6607,  -132.4032, 157.0083, 234.2296,  0, 0, 0
L -128.1452, 78.9485, 221.9046,  -125.4015, 123.5920, 230.6607,  0, 0, 0
L -176.2501, 49.8724, 216.9454,  -128.1452, 78.9485, 221.9046,  0, 0, 0
L -228.9377, 33.4258, 214.8835,  -176.2501, 49.8724, 216.9454,  0, 0, 0
L -342.7067, 10.5673, 210.7510,  -228.9377, 33.4258, 214.8835,  0, 0, 0
L -344.1545, -4.6939, 206.8151,  -342.7067, 10.5673, 210.7510,  0, 0, 0
L -228.9091, -31.6203, 210.8165,  -344.1545, -4.6939, 206.8151,  0, 0, 0
L -174.3212, -49.4717, 209.3328,  -228.9091, -31.6203, 210.8165,  0, 0, 0
L -137.5926, -77.4387, 200.4037,  -174.3212, -49.4717, 209.3328,  0, 0, 0
L -137.7001, -132.2356, 193.0743,  -137.5926, -77.4387, 200.4037,  0, 0, 0
L -149.4289, -194.4554, 187.4761,  -137.7001, -132.2356, 193.0743,  0, 0, 0
L -186.8634, -299.9772, 185.3259,  -149.4289, -194.4554, 187.4761,  0, 0, 0
L -169.8023, -314.1797, 184.6830,  -186.8634, -299.9772, 185.3259,  0, 0, 0
L -84.3408, -209.9421, 182.0300,  -169.8023, -314.1797, 184.6830,  0, 0, 0
L -50.6883, -177.4904, 178.0055,  -84.3408, -209.9421, 182.0300,  0, 0, 0
L -33.4839, -170.3237, 177.2878,  -46.8191, -175.1671, 178.2877,  0, 0, 0
L -0.3403, -161.6236, 175.1270,  -33.4839, -170.3237, 177.2878,  0, 0, 0
L 40.3070, -186.6526, 178.1479,  -0.3403, -161.6236, 175.1270,  0, 0, 0
L 106.8258, -243.4417, 168.8812,  47.1786, -192.5929, 177.3578,  0, 0, 0
L 173.4750, -320.8742, 161.8817,  106.8258, -243.4417, 168.8812,  0, 0, 0
L 193.3952, -313.1087, 162.4724,  173.4750, -320.8742, 161.8817,  0, 0, 0
L 148.3192, -190.2224, 164.7211,  193.3952, -313.1087, 162.4724,  0, 0, 0
L 133.7410, -144.6483, 157.7128,  148.3192, -190.2224, 164.7211,  0, 0, 0
L 130.6680, -85.0031, 143.4185,  133.7410, -144.6483, 157.7128,  0, 0, 0
L 161.3615, -62.6797, 140.3353,  130.6680, -85.0031, 143.4185,  0, 0, 0
L 197.2149, -54.4302, 151.4235,  161.3615, -62.6797, 140.3353,  0, 0, 0
L 272.1961, -30.7343, 148.3540,  197.2149, -54.4302, 151.4235,  0, 0, 0
L 375.0559, -10.5481, 137.5594,  272.1961, -30.7343, 148.3540,  0, 0, 0
L 375.2151, 10.3626, 136.7066,  375.0559, -10.5481, 137.5594,  0, 0, 0
L 274.3296, 27.5127, 140.0916,  375.2151, 10.3626, 136.7066,  0, 0, 0
L 228.5072, 40.1117, 142.4270,  274.3296, 27.5127, 140.0916,  0, 0, 0
L 193.2383, 49.4691, 136.6540,  228.5072, 40.1117, 142.4270,  0, 0, 0
L 144.8251, 77.1852, 124.9386,  193.2383, 49.4691, 136.6540,  0, 0, 0
L 137.4740, 111.7140, 118.7871,  144.8251, 77.1852, 124.9386,  0, 0, 0
L 145.5865, 148.3360, 124.7074,  137.4740, 111.7140, 118.7871,  0, 0, 0
L 164.4155, 219.3953, 127.1784,  145.5865, 148.3360, 124.7074,  0, 0, 0
L 199.5251, 320.1525, 120.5039,  164.4155, 219.3953, 127.1784,  0, 0, 0
L 179.5176, 330.9813, 117.9629,  199.5251, 320.1525, 120.5039,  0, 0, 0
L 114.3283, 248.5289, 114.5162,  179.5176, 330.9813, 117.9629,  0, 0, 0
L 78.3668, 217.5090, 122.9665,  114.3283, 248.5289, 114.5162,  0, 0, 0
L 47.6463, 188.2669, 117.2007,  78.3668, 217.5090, 122.9665,  0, 0, 0
L 0.6846, 160.5750, 100.5336,  47.6463, 188.2669, 117.2007,  0, 0, 0
L -44.2923, 188.4336, 105.8172,  0.6846, 160.5750, 100.5336,  0, 0, 0
L -55.3113, 199.2872, 106.2021,  -44.2923, 188.4336, 105.8172,  0, 0, 0
L -107.2208, 248.7938, 105.8668,  -55.3113, 199.2872, 106.2021,  0, 0, 0
L -184.9993, 337.5089, 96.8212,  -107.2208, 248.7938, 105.8668,  0, 0, 0
L -203.1408, 322.3743, 101.5120,  -184.9993, 337.5089, 96.8212,  0, 0, 0
L -173.8756, 249.6460, 97.7999,  -203.1408, 322.3743, 101.5120,  0, 0, 0
L -139.7401, 138.6020, 92.3632,  -173.8756, 249.6460, 97.7999,  0, 0, 0
L -132.7516, 103.4620, 79.7616,  -139.7401, 138.6020, 92.3632,  0, 0, 0
L -38.5421, 122.6424, 79.1287,  -139.5180, 102.0844, 79.7616,  0, 0, 240
L -66.4286, 76.2876, 79.1963,  -38.5421, 122.6424, 79.1287,  0, 0, 240
L -61.4646, 54.1808, 80.5163,  -66.4286, 76.2876, 79.1963,  0, 0, 0
L -70.0606, 43.8559, 78.8174,  -61.4646, 54.1808, 80.5163,  0, 0, 0
L -90.4829, 44.3575, 78.5511,  -70.0606, 43.8559, 78.8174,  0, 0, 0
L -96.7185, 21.4715, 78.7436,  -90.4829, 44.3575, 78.5511,  0, 0, 240
L -95.2549, -17.4932, 78.8174,  -96.7185, 21.4715, 78.7436,  0, 0, 240
L -87.2959, -41.5897, 78.8174,  -95.2549, -17.4932, 78.8174,  0, 0, 240
L -75.5056, -38.2914, 82.5721,  -87.2959, -41.5897, 78.8174,  0, 0, 0
L -56.3722, -63.5757, 85.0999,  -75.5056, -38.2914, 82.5721,  0, 0, 0
L -60.1120, -73.2962, 84.0102,  -56.3722, -63.5757, 85.0999,  0, 0, 0
L 89.7200, 56.7295, 113.9599,  70.9384, 43.1597, 81.9983,  0, 0, 0
L 70.9384, 43.1597, 81.9983,  82.1983, -19.2568, 85.5121,  0, 0, 0
L 82.1983, -19.2568, 85.5121,  75.2508, -40.2715, 85.9418,  0, 0, 0
L 75.2508, -40.2715, 85.9418,  63.0773, -59.1954, 86.9787,  0, 0, 0
L 63.0773, -59.1954, 86.9787,  48.6903, -78.8431, 94.4808,  0, 0, 0
L 48.6903, -78.8431, 94.4808,  24.2364, -79.8448, 83.7532,  0, 0, 0
L 24.2364, -79.8448, 83.7532,  2.5241, -101.8137, 78.9165,  0, 0, 0
L 9.5311, -103.9393, 78.9165,  -34.6048, -90.5504, 78.8174,  0, 0, 240
L -34.6048, -90.5504, 78.8174,  -60.1120, -73.2962, 84.0102,  0, 0, 240
L 61.3128, -17.6215, 382.4479,  48.7589, -45.8919, 381.5905,  0, 0, 0
L 48.7589, -45.8919, 381.5905,  23.4782, -58.2620, 392.4195,  0, 0, 0
L 23.4782, -58.2620, 392.4195,  -2.2275, -62.4239, 396.7094,  0, 0, 0
L -2.2275, -62.4239, 396.7094,  -28.3128, -55.8172, 400.0631,  0, 0, 0
L -28.3128, -55.8172, 400.0631,  -55.3612, -32.3632, 404.5792,  0, 0, 0
L -55.3612, -32.3632, 404.5792,  -66.6900, 2.9442, 405.3224,  0, 0, 0
L -66.6900, 2.9442, 405.3224,  -45.6168, 41.2203, 419.5007,  0, 0, 0
L -45.6168, 41.2203, 419.5007,  -8.8849, 60.2563, 427.0461,  0, 0, 0
L -8.8849, 60.2563, 427.0461,  23.7715, 54.4747, 435.0500,  0, 0, 0
L 23.7715, 54.4747, 435.0500,  47.5908, 35.5735, 439.8152,  0, 0, 0
L 47.5908, 35.5735, 439.8152,  61.0210, 6.5964, 442.7190,  0, 0, 0
L 61.0210, 6.5964, 442.7190,  61.8858, -19.0500, 445.3580,  0, 0, 0
L 69.2468, -72.8609, 464.4347,  80.0901, -114.6955, 466.8740,  0, 0, 0
L 80.0901, -114.6955, 466.8740,  94.8290, -158.8774, 463.1134,  0, 0, 0
L 94.8290, -158.8774, 463.1134,  85.5251, -161.7061, 463.8541,  0, 0, 0
L 85.5251, -161.7061, 463.8541,  59.0689, -129.5474, 464.7584,  0, 0, 0
L 59.0689, -129.5474, 464.7584,  59.7609, -125.1961, 461.9114,  0, 0, 0
L 59.7609, -125.1961, 461.9114,  51.1265, -118.5646, 461.9114,  0, 0, 0
L 51.1265, -118.5646, 461.9114,  26.8781, -101.5206, 469.6513,  0, 0, 0
L 26.8781, -101.5206, 469.6513,  23.7128, -93.2468, 463.1698,  0, 0, 0
L 23.7128, -93.2468, 463.1698,  -8.9959, -90.9130, 473.6597,  0, 0, 0
L -8.9959, -90.9130, 473.6597,  -51.3486, -113.3089, 475.5721,  0, 0, 0
L -51.3486, -113.3089, 475.5721,  -85.9488, -158.8014, 474.8114,  0, 0, 0
L -85.9488, -158.8014, 474.8114,  -93.7546, -153.8228, 475.8490,  0, 0, 0
L -93.7546, -153.8228, 475.8490,  -71.8218, -76.5056, 481.5525,  0, 0, 0
L -71.8218, -76.5056, 481.5525,  -73.7364, -44.6230, 485.0790,  0, 0, 0
L -73.7364, -44.6230, 485.0790,  -102.4143, -21.1092, 490.9090,  0, 0, 0
L -102.4143, -21.1092, 490.9090,  -174.2204, -2.6333, 487.0722,  0, 0, 0
L -174.2204, -2.6333, 487.0722,  -171.4973, 5.5279, 487.9786,  0, 0, 0
L -171.4973, 5.5279, 487.9786,  -135.0875, 11.5894, 488.9022,  0, 0, 0
L -135.0875, 11.5894, 488.9022,  -110.7449, 17.1541, 487.1724,  0, 0, 0
L -110.7449, 17.1541, 487.1724,  -71.5599, 41.6428, 497.7289,  0, 0, 0
L -71.5599, 41.6428, 497.7289,  -67.7125, 75.2846, 503.3227,  0, 0, 0
L -67.7125, 75.2846, 503.3227,  -86.7057, 140.7261, 499.9598,  0, 0, 0
L -86.7057, 140.7261, 499.9598,  -79.1723, 144.8487, 499.9735,  0, 0, 0
L -79.1723, 144.8487, 499.9735,  -43.6989, 106.1132, 503.7250,  0, 0, 0
L -43.6989, 106.1132, 503.7250,  -10.4715, 83.6705, 507.5815,  0, 0, 0
L -10.4715, 83.6705, 507.5815,  14.4981, 83.0634, 509.8893,  0, 0, 0
L 14.4981, 83.0634, 509.8893,  32.2655, 94.3795, 515.4410,  0, 0, 0
L 32.2655, 94.3795, 515.4410,  74.3947, 138.5513, 512.0504,  0, 0, 0
L 74.3947, 138.5513, 512.0504,  82.0567, 135.3751, 512.0189,  0, 0, 0
L 82.0567, 135.3751, 512.0189,  63.9219, 70.4750, 516.6827,  0, 0, 0
L 63.9219, 70.4750, 516.6827,  68.3356, 32.7913, 523.3514,  0, 0, 0
L 68.3356, 32.7913, 523.3514,  69.3272, -24.9035, 533.3899,  0, 0, 0
L 69.3272, -24.9035, 533.3899,  51.6110, -37.8115, 533.0664,  0, 0, 0
L 51.6110, -37.8115, 533.0664,  45.8540, 8.5337, 533.1842,  0, 0, 0
L 45.8540, 8.5337, 533.1842,  35.2752, 37.4088, 512.7286,  0, 0, 0
L 35.2752, 37.4088, 512.7286,  -14.0611, 48.8579, 502.8995,  0, 0, 0
L -14.0611, 48.8579, 502.8995,  -50.0148, 12.7429, 491.2468,  0, 0, 0
L -50.0148, 12.7429, 491.2468,  -48.5111, -34.3443, 473.5357,  0, 0, 0
L -48.5111, -34.3443, 473.5357,  -4.5248, -57.9402, 464.6693,  0, 0, 0
L -4.5248, -57.9402, 464.6693,  32.8204, -53.1931, 454.6130,  0, 0, 0
L 32.8204, -53.1931, 454.6130,  60.7157, -10.8038, 445.8693,  0, 0, 0
L 60.7157, -10.8038, 445.8693,  55.6539, 34.9253, 435.0623,  0, 0, 0
L 55.6539, 34.9253, 435.0623,  26.0805, 60.5280, 427.8181,  0, 0, 0
L 26.0805, 60.5280, 427.8181,  -23.8761, 58.9673, 421.6546,  0, 0, 0
L -23.8761, 58.9673, 421.6546,  -65.9876, 19.2981, 406.7666,  0, 0, 0
L -65.9876, 19.2981, 406.7666,  -65.8909, -19.1579, 400.1248,  0, 0, 0
L -65.8909, -19.1579, 400.1248,  -44.4738, -54.2868, 392.7457,  0, 0, 0
L -44.4738, -54.2868, 392.7457,  5.3904, -72.6757, 382.6660,  0, 0, 0
L 5.3904, -72.6757, 382.6660,  48.1577, -53.7451, 375.9107,  0, 0, 0
L 48.1577, -53.7451, 375.9107,  72.2312, -24.8677, 367.5301,  0, 0, 0
L 72.2312, -24.8677, 367.5301,  76.2920, 17.8837, 359.4915,  0, 0, 0
L 76.2920, 17.8837, 359.4915,  47.8522, 60.9296, 349.3198,  0, 0, 0
L 47.8522, 60.9296, 349.3198,  6.8727, 77.0760, 340.1038,  0, 0, 0
L 6.8727, 77.0760, 340.1038,  -32.1788, 73.0726, 331.4159,  0, 0, 0
L -32.1788, 73.0726, 331.4159,  -75.0751, 31.7696, 318.8304,  0, 0, 0
L -75.0751, 31.7696, 318.8304,  -79.8782, -12.7615, 311.9499,  0, 0, 0
L -79.8782, -12.7615, 311.9499,  -66.9386, -46.1434, 304.5516,  0, 0, 0
L -66.9386, -46.1434, 304.5516,  -37.3574, -77.0676, 293.5223,  0, 0, 0
L -37.3574, -77.0676, 293.5223,  13.0902, -85.6154, 283.6548,  0, 0, 0
L 13.0902, -85.6154, 283.6548,  50.1115, -73.3036, 275.9044,  0, 0, 0
L 50.1115, -73.3036, 275.9044,  77.5645, -39.8991, 269.5553,  0, 0, 0
L 77.5645, -39.8991, 269.5553,  89.8222, 10.1318, 257.8633,  0, 0, 0
L 89.8222, 10.1318, 257.8633,  73.5897, 56.0547, 246.5716,  0, 0, 0
L 73.5897, 56.0547, 246.5716,  21.4601, 91.7374, 232.4485,  0, 0, 0
L -29.6498, 88.6969, 223.0910,  -76.0173, 59.2446, 209.2915,  0, 0, 0
L -76.0173, 59.2446, 209.2915,  -98.2503, 6.0536, 196.2281,  0, 0, 0
L -95.6440, -8.3585, 196.2281,  -86.3642, -43.2755, 189.6667,  0, 0, 0
L -86.3642, -43.2755, 189.6667,  -59.3956, -84.4517, 175.2731,  0, 0, 0
L -59.3956, -84.4517, 175.2731,  -10.7019, -103.4348, 164.8735,  0, 0, 0
L -10.7019, -103.4348, 164.8735,  26.5621, -103.2477, 156.9918,  0, 0, 0
L 26.5621, -103.2477, 156.9918,  69.9292, -83.3692, 147.8262,  0, 0, 0
L 69.9292, -83.3692, 147.8262,  96.6951, -42.7469, 139.5595,  0, 0, 0
L 96.6951, -42.7469, 139.5595,  106.9326, 4.2193, 129.7041,  0, 0, 0
L 106.9326, 4.2193, 129.7041,  90.9667, 57.7614, 115.0915,  0, 0, 0
L 90.9667, 57.7614, 115.0915,  90.9667, 57.7614, 115.0915,  0, 0, 0
L -7.0471, 91.9476, 229.4014, -27.9850, 88.1036, 226.2795, 0, 0, 0
L 5.4730, 90.4488, 235.5849, 23.1098, 90.8032, 236.9305, 0, 0, 0