P -9.3484, -5.6833, -46.8198, 255, 0, 0, 3, to_Brell's_Rest
P -342.8078, -9.1494, -46.7776, 255, 255, 0, 2, Elevator
P -716.5359, -138.8958, 50.5043, 0, 0, 0, 2, Cleaner_Bot
P -701.7327, -111.0226, 50.5043, 0, 0, 0, 2, Falrorn_Borlakio
P -806.7717, -657.2070, 307.1811, 0, 0, 0, 2, a_shop_sweeper
P -900.7319, -1188.0581, 339.7201, 0, 0, 0, 2, Wimzig_Manasieve
P -630.2258, -766.7015, 389.1793, 0, 128, 128, 2, Inventor_Biddlebook_(Quest)
P -563.0736, -976.7688, 132.0023, 0, 0, 0, 2, Lindwiss_Solvolysis
P -593.3334, -1035.7308, 132.0023, 0, 0, 240, 1, GS:_Bag_of_Golden_Cogs
P -1136.3226, -1341.2766, 251.0977, 0, 0, 0, 2, Assistant_Jergis
P -184.4280, -387.8446, 50.0608, 0, 0, 0, 2, Chamberlain_Scimble
P -476.9565, -6.1767, -47.6369, 0, 0, 0, 2, Percy_Scapfisher
P -246.4038, 88.0938, -47.3143, 0, 0, 0, 2, Assistant_Huanir
P -1003.5922, -166.0708, 139.3548, 0, 0, 240, 1, GS:_Box_of_Reagents
P -980.0303, -118.6460, 216.1163, 0, 0, 240, 1, GS:_Bag_of_Faulty_Voltage_Regulators
P -109.7290, -430.9101, -54.1197, 0, 0, 0, 2, Turuff_the_Warrior
P -1472.4481, -1218.3628, 73.4114, 0, 128, 128, 2, Yedrin_Ironbender_(Quest)
P -73.0000, -621.2083, 50.6545, 0, 128, 128, 2, Dvalger_Quickwrench_(Quest)
P -171.8037, -681.4639, 50.6545, 0, 128, 128, 2, Tareg_Earthsteel_(Quests,Roam)
P -257.2072, -79.0204, -47.3144, 0, 128, 128, 2, Thalia_Chromagear_(Quest)
P -50.1524, -418.9701, -52.6158, 0, 128, 128, 2, Schelly_Starflight_(Quest)
P -122.8381, -855.4870, 163.7967, 0, 0, 240, 1, GS:_Bag_of_Silver_Wires
P -50.3211, -365.4698, 41.0823, 0, 0, 0, 2, The_Grand_Arbitor
P -1445.0890, -896.5131, 221.9222, 0, 0, 0, 2, Bookkeeper_Blanch
P -1427.6512, -693.6130, 210.0570, 0, 0, 0, 2, Bub
P -652.7985, -167.0368, 127.6648, 128, 0, 128, 2, Loom
P -981.5573, -88.7654, 217.6734, 128, 0, 128, 2, Kiln
P -742.1279, -125.9427, 54.6979, 0, 0, 240, 1, GS:_Pile_of_Mithril_Ore
P -981.9354, -486.8714, 214.4509, 0, 0, 0, 2, a_wary_guard
P -964.1119, -520.7353, 214.4627, 128, 0, 128, 2, Kiln
P -1363.7780, -451.3867, 214.4407, 128, 0, 128, 2, Fletching_Table
P -1374.9641, -453.7457, 214.4405, 128, 0, 128, 2, Jewelery_Making_Table
P -1385.8221, -462.7086, 214.4390, 128, 0, 128, 2, Pottery_Wheel
P -589.0679, -888.5275, 308.1212, 0, 0, 0, 2, a_distrustful_guard
P -1408.7321, -577.9441, 198.9465, 128, 0, 128, 2, Brewing_Barrel
P -1136.2821, -241.3336, 217.1670, 128, 0, 128, 2, Pottery_Wheel
P -1375.6497, -1035.3745, 118.4670, 0, 0, 0, 2, a_bitter_cleanliness_technician_(Roam)
P -424.8517, -8.0507, 32.0606, 127, 64, 0, 2, A_Rogue_Builder_(Named)
P -867.0010, -1144.9581, 342.2720, 240, 240, 240, 2, Armory
P -550.0613, -940.9401, 322.1700, 240, 240, 240, 2, The_Forge
P -922.9760, -325.2850, 214.4429, 128, 0, 128, 2, Loom
P -546.6907, -1082.8673, 318.3885, 128, 0, 128, 2, Forge
P -656.3187, -639.7812, 637.2486, 0, 0, 0, 2, Ugen_Proudhammer
P -644.0912, -525.5020, 637.1979, 240, 240, 240, 2, The_Tower_of_Recognition
