L 1000.0000, 0.0000, 0.0000,  1000.0000, -50.0000, 0.0000,  255, 0, 0
L -20.0000, 50.0000, 0.0000,  -50.0000, 20.0000, 0.0000,  255, 0, 0
L 50.0000, 20.0000, 0.0000,  20.0000, 50.0000, 0.0000,  255, 0, 0
L 20.0000, -50.0000, 0.0000,  50.0000, -20.0000, 0.0000,  255, 0, 0
L -50.0000, -20.0000, 0.0000,  -20.0000, -50.0000, 0.0000,  255, 0, 0
L -50.0000, 20.0000, 0.0000,  -50.0000, -20.0000, 0.0000,  255, 0, 0
L 20.0000, 50.0000, 0.0000,  -20.0000, 50.0000, 0.0000,  255, 0, 0
L 50.0000, -20.0000, 0.0000,  50.0000, 20.0000, 0.0000,  255, 0, 0
L -20.0000, -50.0000, 0.0000,  20.0000, -50.0000, 0.0000,  255, 0, 0
L 580.0000, -20.0000, 0.0000,  540.0000, -20.0000, 0.0000,  255, 0, 0
L 580.0000, -90.0000, 0.0000,  580.0000, -20.0000, 0.0000,  255, 0, 0
L 540.0000, -90.0000, 0.0000,  580.0000, -90.0000, 0.0000,  255, 0, 0
L 540.0000, -20.0000, 0.0000,  540.0000, -90.0000, 0.0000,  255, 0, 0
L 520.0000, -20.0000, 0.0000,  480.0000, -20.0000, 0.0000,  255, 0, 0
L 520.0000, -90.0000, 0.0000,  520.0000, -20.0000, 0.0000,  255, 0, 0
L 480.0000, -90.0000, 0.0000,  520.0000, -90.0000, 0.0000,  255, 0, 0
L 480.0000, -20.0000, 0.0000,  480.0000, -90.0000, 0.0000,  255, 0, 0
L 460.0000, -90.0000, 0.0000,  450.0000, -80.0000, 0.0000,  255, 0, 0
L 460.0000, -20.0000, 0.0000,  460.0000, -90.0000, 0.0000,  255, 0, 0
L 0.0000, -250.0000, 0.0000,  0.0000, 250.0000, 0.0000,  255, 0, 0
L -250.0000, 0.0000, 0.0000,  1000.0000, 0.0000, 0.0000,  255, 0, 0
L -120.0000, -80.0000, 0.0000,  -120.0000, -60.0000, 0.0000,  255, 0, 0
L -120.0000, -60.0000, 0.0000,  -120.0000, -40.0000, 0.0000,  255, 0, 0
L -100.0000, -60.0000, 0.0000,  -120.0000, -60.0000, 0.0000,  255, 0, 0
L -120.0000, -60.0000, 0.0000,  -140.0000, -60.0000, 0.0000,  255, 0, 0
L -90.0000, -50.0000, 0.0000,  -100.0000, -30.0000, 0.0000,  255, 0, 0
L -60.0000, -80.0000, 0.0000,  -60.0000, -60.0000, 0.0000,  255, 0, 0
L -60.0000, -60.0000, 0.0000,  -60.0000, -40.0000, 0.0000,  255, 0, 0
L -40.0000, -60.0000, 0.0000,  -60.0000, -60.0000, 0.0000,  255, 0, 0
L -60.0000, -60.0000, 0.0000,  -80.0000, -60.0000, 0.0000,  255, 0, 0
L 100.0000, 60.0000, 0.0000,  120.0000, 60.0000, 0.0000,  255, 0, 0
L 120.0000, 60.0000, 0.0000,  140.0000, 60.0000, 0.0000,  255, 0, 0
L 90.0000, 70.0000, 0.0000,  80.0000, 90.0000, 0.0000,  255, 0, 0
L 40.0000, 60.0000, 0.0000,  60.0000, 60.0000, 0.0000,  255, 0, 0
L 60.0000, 60.0000, 0.0000,  80.0000, 60.0000, 0.0000,  255, 0, 0
L -100.0000, 60.0000, 0.0000,  -120.0000, 60.0000, 0.0000,  255, 0, 0
L -120.0000, 60.0000, 0.0000,  -140.0000, 60.0000, 0.0000,  255, 0, 0
L -90.0000, 70.0000, 0.0000,  -100.0000, 90.0000, 0.0000,  255, 0, 0
L -60.0000, 80.0000, 0.0000,  -60.0000, 60.0000, 0.0000,  255, 0, 0
L -60.0000, 60.0000, 0.0000,  -60.0000, 40.0000, 0.0000,  255, 0, 0
L -40.0000, 60.0000, 0.0000,  -60.0000, 60.0000, 0.0000,  255, 0, 0
L -60.0000, 60.0000, 0.0000,  -80.0000, 60.0000, 0.0000,  255, 0, 0
L 100.0000, -60.0000, 0.0000,  120.0000, -60.0000, 0.0000,  255, 0, 0
L 120.0000, -60.0000, 0.0000,  140.0000, -60.0000, 0.0000,  255, 0, 0
L 90.0000, -50.0000, 0.0000,  80.0000, -30.0000, 0.0000,  255, 0, 0
L 60.0000, -80.0000, 0.0000,  60.0000, -60.0000, 0.0000,  255, 0, 0
L 60.0000, -60.0000, 0.0000,  60.0000, -40.0000, 0.0000,  255, 0, 0
L 40.0000, -60.0000, 0.0000,  60.0000, -60.0000, 0.0000,  255, 0, 0
L 60.0000, -60.0000, 0.0000,  80.0000, -60.0000, 0.0000,  255, 0, 0
L 599.0000, -90.0000, 0.0000,  637.3000, -90.0000, 0.0000,  255, 0, 0
L 599.0000, -20.0000, 0.0000,  637.3000, -20.0000, 0.0000,  255, 0, 0
L 599.0000, -90.0000, 0.0000,  599.0000, -20.0000, 0.0000,  255, 0, 0
L 637.3000, -90.0000, 0.0000,  637.3000, -20.0000, 0.0000,  255, 0, 0
P -793.0000, 4000.0000, 0.0000,  0, 0, 0,  2,  Original_Map:_Brewall_Rainsiger_(Cazic-Thule)
P -793.0000, 4200.0000, 0.0000,  0, 0, 0,  2,  http://www.eqmaps.info
P -793.0000, 4400.0000, 0.0000,  127, 64, 0,  2,  a_feverish_marauder_PH=a_zealot
P -793.0000, 4600.0000, 0.0000,  127, 64, 0,  2,  a_rapid_reveler_PH=a_brazen_Chetari,a_drunken_Chatari
P -793.0000, 4800.0000, 0.0000,  127, 64, 0,  2,  a_scree-borne_magmite_PH=wrathful_rubble,a_blackened_tyro
P -793.0000, 5000.0000, 0.0000,  127, 64, 0,  2,  a_supercharged_tyro_PH=a_volatile_effusion,a_stubborn_magmite
P -793.0000, 5200.0000, 0.0000,  127, 64, 0,  2,  an_Arcron_researcher_PH=a_Krellnakor_scout
P -793.0000, 5400.0000, 0.0000,  127, 64, 0,  2,  Ash_Guardian_Tolemak_PH=a_guardian_wurm
P -793.0000, 5600.0000, 0.0000,  127, 64, 0,  2,  Chirurgeon_Hemofax_PH=an_ashen_scalpel,an_ashen_cutter
P -793.0000, 5800.0000, 0.0000,  127, 64, 0,  2,  Dragoflux_PH=a_raging_vortex,a_sturdy_magmite
P -793.0000, 6000.0000, 0.0000,  127, 64, 0,  2,  Mawmun_PH=a_gluttonous_feaster,a_greedy_feaster
P -793.0000, 6200.0000, 0.0000,  127, 64, 0,  2,  Old_Raspy_PH=an_old_wurm
P -793.0000, 6400.0000, 0.0000,  127, 64, 0,  2,  Radiant_Overseer_Triluan_PH=a_radiant_drake
P -793.0000, 6600.0000, 0.0000,  127, 64, 0,  2,  Rirwech_the_Fink_PH=a_suspicious_Chetari,a_furtive_Chetari
P -793.0000, 6800.0000, 0.0000,  127, 64, 0,  2,  Ritualist_Bomoda_PH=a_grim_cultist,a_grim_chanter
P -793.0000, 7000.0000, 0.0000,  127, 64, 0,  2,  Shardstubble_PH=a_fractured_magmite,a_fragile_tyro
P -793.0000, 7200.0000, 0.0000,  127, 64, 0,  2,  Skrizix_PH=an_exotic_chromedrac
P -793.0000, 7400.0000, 0.0000,  127, 64, 0,  2,  The_Crimson_Sentinel_PH=an_angry_Arcron
P -793.0000, 7600.0000, 0.0000,  127, 64, 0,  2,  The_Gatekeeper_PH=a_Krellnakor_bodyguard,a_Krellnakor_doorman
P -793.0000, 7800.0000, 0.0000,  0, 0, 0,  2,  Return_of_the_Exiled_(www.roteguild.org)
