P 0.0000, 0.0000, 0.0000,  255, 0, 0,  3,  to_Eastern_Wastes
P 0.0000, 0.0000, 0.0000,  255, 0, 0,  2,  Succor
P 50.0000, 1350.0000, 0.0000,  255, 255, 255,  2,  Dragon_Statue
P -1105.0000, 1849.0000, 0.0000,  255, 255, 255,  2,  Down_ramp
P -621.0000, 2328.0000, 0.0000,  255, 255, 255,  2,  **_Well_down_to_Arbiter_(need_lev)
P -815.0000, 976.0000, 0.0000,  255, 255, 255,  2,  Down_ramp
P -1008.8435, 1329.7041, -127.8417,  128, 64, 0,  2,  Sinister_Gargoyle
P -1295.3203, 1392.0352, -127.8417,  0, 0, 0,  2,  Ulessa_Bladesoul
P -1583.8091, 1327.2944, -127.8417,  128, 64, 0,  2,  Sinister_Gargoyle
P -625.5785, 1233.5023, -447.8416,  128, 64, 0,  2,  Forbidding_Gargoyle_/_Wyvern_Fanatic
P 78.6539, 1243.4100, 100.1582,  128, 64, 0,  2,  Paldar_Bladesoul
P -399.2251, 366.7793, 100.1582,  128, 64, 0,  2,  The_Overseer
P -498.1308, -39.7279, 1.5198,  0, 0, 0,  2,  Ferrin_Q'Nyil
P -511.1090, -7.0700, 1.5197,  0, 0, 0,  2,  Bittles_the_Lost
P -518.1270, 30.6378, 1.5196,  0, 0, 0,  2,  Jobana_Du'Ata
P -509.6679, 58.5100, 1.5196,  0, 0, 0,  2,  Kal_t'Ven
P -791.9568, 938.4030, 101.5258,  0, 0, 0,  2,  Jonas_Levlellen
P -784.4156, 1001.1040, 101.5244,  0, 0, 0,  2,  Remmen_the_Short
P -1107.8024, 1751.0295, 101.5343,  0, 0, 0,  2,  Milas_An'Rev
P -932.3683, 981.9432, -126.4893,  240, 240, 0,  2,  Fake_Wall
P -1285.5480, 1820.7977, -114.0856,  127, 64, 0,  2,  Furious_Phantasm_(Named)
P 1905.3402, 1967.3770, -995.9977,  240, 127, 0,  2,  Kildrukaun_the_Ancient_(Raid)
P -399.6638, 886.4109, 54.1070,  240, 127, 0,  2,  Master_of_the_Guard_(Raid)
P 80.0299, 597.2806, 100.1582,  240, 127, 0,  2,  The_Progenitor_(Raid)
P 1072.7369, 2800.0093, -995.9977,  240, 127, 0,  2,  Tjudawos_the_Ancient_(Raid)
P 1907.9890, 2800.9063, -995.9977,  240, 127, 0,  2,  Vyskudra_the_Ancient_(Raid)
P 1070.9746, 1971.1196, -995.9977,  240, 127, 0,  2,  Zeixshi-Kar_the_Ancient_(Raid)
P 614, 2350, -990, 240, 127, 0, 2, The_Final_Arbiter_(Raid)
P -790.5272, 943.1193, -382.4926,  127, 64, 0,  2,  an_Ancient_Advocator_(Hunter)
P -525.6761, 1421.3291, -446.4785,  127, 64, 0,  2,  Drakonine_Warder_(Hunter)
P -264.6406, 2384.2336, -703.8414,  128, 64, 0,  2,  Drakeen_Apprentice_(Hunter)
P -264.6406, 2384.2336, -703.8414,  128, 64, 0,  2,  Drakeen_Protector_(Hunter)
P -264.6406, 2384.2336, -703.8414,  128, 64, 0,  2,  Drakeen_Controller_(Hunter)