L 1000.0, 0.0, 0.0, 1000.0, -50.0, 0.0, 255, 0, 0
L -20.0, 50.0, 0.0, -50.0, 20.0, 0.0, 255, 0, 0
L 50.0, 20.0, 0.0, 20.0, 50.0, 0.0, 255, 0, 0
L 20.0, -50.0, 0.0, 50.0, -20.0, 0.0, 255, 0, 0
L -50.0, -20.0, 0.0, -20.0, -50.0, 0.0, 255, 0, 0
L -50.0, 20.0, 0.0, -50.0, -20.0, 0.0, 255, 0, 0
L 20.0, 50.0, 0.0, -20.0, 50.0, 0.0, 255, 0, 0
L 50.0, -20.0, 0.0, 50.0, 20.0, 0.0, 255, 0, 0
L -20.0, -50.0, 0.0, 20.0, -50.0, 0.0, 255, 0, 0
L 580.0, -20.0, 0.0, 540.0, -20.0, 0.0, 255, 0, 0
L 580.0, -90.0, 0.0, 580.0, -20.0, 0.0, 255, 0, 0
L 540.0, -90.0, 0.0, 580.0, -90.0, 0.0, 255, 0, 0
L 540.0, -20.0, 0.0, 540.0, -90.0, 0.0, 255, 0, 0
L 520.0, -20.0, 0.0, 480.0, -20.0, 0.0, 255, 0, 0
L 520.0, -90.0, 0.0, 520.0, -20.0, 0.0, 255, 0, 0
L 480.0, -90.0, 0.0, 520.0, -90.0, 0.0, 255, 0, 0
L 480.0, -20.0, 0.0, 480.0, -90.0, 0.0, 255, 0, 0
L 460.0, -90.0, 0.0, 450.0, -80.0, 0.0, 255, 0, 0
L 460.0, -20.0, 0.0, 460.0, -90.0, 0.0, 255, 0, 0
L 0.0, -250.0, 0.0, 0.0, 250.0, 0.0, 255, 0, 0
L -250.0, 0.0, 0.0, 1000.0, 0.0, 0.0, 255, 0, 0
L -120.0, -80.0, 0.0, -120.0, -60.0, 0.0, 255, 0, 0
L -120.0, -60.0, 0.0, -120.0, -40.0, 0.0, 255, 0, 0
L -100.0, -60.0, 0.0, -120.0, -60.0, 0.0, 255, 0, 0
L -120.0, -60.0, 0.0, -140.0, -60.0, 0.0, 255, 0, 0
L -90.0, -50.0, 0.0, -100.0, -30.0, 0.0, 255, 0, 0
L -60.0, -80.0, 0.0, -60.0, -60.0, 0.0, 255, 0, 0
L -60.0, -60.0, 0.0, -60.0, -40.0, 0.0, 255, 0, 0
L -40.0, -60.0, 0.0, -60.0, -60.0, 0.0, 255, 0, 0
L -60.0, -60.0, 0.0, -80.0, -60.0, 0.0, 255, 0, 0
L 100.0, 60.0, 0.0, 120.0, 60.0, 0.0, 255, 0, 0
L 120.0, 60.0, 0.0, 140.0, 60.0, 0.0, 255, 0, 0
L 90.0, 70.0, 0.0, 80.0, 90.0, 0.0, 255, 0, 0
L 40.0, 60.0, 0.0, 60.0, 60.0, 0.0, 255, 0, 0
L 60.0, 60.0, 0.0, 80.0, 60.0, 0.0, 255, 0, 0
L -100.0, 60.0, 0.0, -120.0, 60.0, 0.0, 255, 0, 0
L -120.0, 60.0, 0.0, -140.0, 60.0, 0.0, 255, 0, 0
L -90.0, 70.0, 0.0, -100.0, 90.0, 0.0, 255, 0, 0
L -60.0, 80.0, 0.0, -60.0, 60.0, 0.0, 255, 0, 0
L -60.0, 60.0, 0.0, -60.0, 40.0, 0.0, 255, 0, 0
L -40.0, 60.0, 0.0, -60.0, 60.0, 0.0, 255, 0, 0
L -60.0, 60.0, 0.0, -80.0, 60.0, 0.0, 255, 0, 0
L 100.0, -60.0, 0.0, 120.0, -60.0, 0.0, 255, 0, 0
L 120.0, -60.0, 0.0, 140.0, -60.0, 0.0, 255, 0, 0
L 90.0, -50.0, 0.0, 80.0, -30.0, 0.0, 255, 0, 0
L 60.0, -80.0, 0.0, 60.0, -60.0, 0.0, 255, 0, 0
L 60.0, -60.0, 0.0, 60.0, -40.0, 0.0, 255, 0, 0
L 40.0, -60.0, 0.0, 60.0, -60.0, 0.0, 255, 0, 0
L 60.0, -60.0, 0.0, 80.0, -60.0, 0.0, 255, 0, 0
L 599.0, -90.0, 0.0, 637.3, -90.0, 0.0, 255, 0, 0
L 599.0, -20.0, 0.0, 637.3, -20.0, 0.0, 255, 0, 0
L 599.0, -90.0, 0.0, 599.0, -20.0, 0.0, 255, 0, 0
L 637.3, -90.0, 0.0, 637.3, -20.0, 0.0, 255, 0, 0
L 400, 1300, 0, 400, 1360, 0, 0, 0, 0
L 440, 1360, 0, 400, 1360, 0, 0, 0, 0
L 460, 1330, 0, 490, 1330, 0, 0, 0, 0
L 460, 1360, 0, 490, 1360, 0, 0, 0, 0
L 460, 1300, 0, 460, 1360, 0, 0, 0, 0
L 490, 1300, 0, 460, 1300, 0, 0, 0, 0
L 540, 1360, 0, 510, 1360, 0, 0, 0, 0
L 510, 1300, 0, 540, 1300, 0, 0, 0, 0
L 510, 1360, 0, 510, 1300, 0, 0, 0, 0
L 540, 1360, 0, 540, 1330, 0, 0, 0, 0
L 540, 1330, 0, 520, 1330, 0, 0, 0, 0
L 560, 1330, 0, 590, 1330, 0, 0, 0, 0
L 560, 1360, 0, 590, 1360, 0, 0, 0, 0
L 560, 1300, 0, 560, 1360, 0, 0, 0, 0
L 590, 1300, 0, 560, 1300, 0, 0, 0, 0
L 640, 1360, 0, 640, 1300, 0, 0, 0, 0
L 610, 1300, 0, 640, 1360, 0, 0, 0, 0
L 610, 1360, 0, 610, 1300, 0, 0, 0, 0
L 670, 1360, 0, 670, 1300, 0, 0, 0, 0
L 680, 1360, 0, 660, 1360, 0, 0, 0, 0
L 690, 1330, 0, 680, 1360, 0, 0, 0, 0
L 680, 1300, 0, 690, 1330, 0, 0, 0, 0
L 660, 1300, 0, 680, 1300, 0, 0, 0, 0
L 400, 1470, 0, 460, 1470, 0, 0, 0, 0
L 400, 1390, 0, 460, 1390, 0, 0, 0, 0
L 430, 1443, 0, 430, 1417, 0, 205, 133, 63
L 460, 1470, 0, 520, 1470, 0, 0, 0, 0
L 460, 1470, 0, 460, 1443, 0, 205, 133, 63
L 430, 1443, 0, 490, 1443, 0, 205, 133, 63
L 430, 1417, 0, 460, 1417, 0, 205, 133, 63
L 460, 1417, 0, 490, 1417, 0, 205, 133, 63
L 460, 1390, 0, 520, 1390, 0, 0, 0, 0
L 460, 1417, 0, 460, 1390, 0, 205, 133, 63
L 490, 1443, 0, 490, 1417, 0, 205, 133, 63
L 570, 1460, 0, 570, 1400, 0, 0, 0, 0
L 580, 1460, 0, 560, 1460, 0, 0, 0, 0
L 590, 1430, 0, 580, 1460, 0, 0, 0, 0
L 580, 1400, 0, 590, 1430, 0, 0, 0, 0
L 560, 1400, 0, 580, 1400, 0, 0, 0, 0
L 610, 1400, 0, 640, 1400, 0, 0, 0, 0
L 610, 1460, 0, 640, 1460, 0, 0, 0, 0
L 610, 1400, 0, 610, 1460, 0, 0, 0, 0
L 640, 1400, 0, 640, 1460, 0, 0, 0, 0
L 660, 1400, 0, 690, 1400, 0, 0, 0, 0
L 660, 1460, 0, 690, 1460, 0, 0, 0, 0
L 660, 1400, 0, 660, 1460, 0, 0, 0, 0
L 690, 1400, 0, 690, 1460, 0, 0, 0, 0
L 710, 1400, 0, 710, 1430, 0, 0, 0, 0
L 710, 1430, 0, 710, 1460, 0, 0, 0, 0
L 710, 1430, 0, 730, 1430, 0, 0, 0, 0
L 750, 1430, 0, 750, 1400, 0, 0, 0, 0
L 710, 1400, 0, 750, 1400, 0, 0, 0, 0
L 730, 1430, 0, 750, 1430, 0, 0, 0, 0
L 750, 1460, 0, 730, 1430, 0, 0, 0, 0
L 400, 1510, 0, 400, 1540, 0, 255, 210, 0
L 400, 1510, 0, 420, 1510, 0, 255, 210, 0
L 420, 1570, 0, 400, 1570, 0, 255, 210, 0
L 400, 1540, 0, 400, 1570, 0, 255, 210, 0
L 420, 1540, 0, 400, 1540, 0, 255, 210, 0
L 420, 1540, 0, 440, 1525, 0, 255, 210, 0
L 420, 1510, 0, 440, 1525, 0, 255, 210, 0
L 420, 1540, 0, 440, 1555, 0, 255, 210, 0
L 440, 1555, 0, 420, 1570, 0, 255, 210, 0
L 470, 1540, 0, 490, 1540, 0, 255, 210, 0
L 480, 1510, 0, 500, 1570, 0, 255, 210, 0
L 460, 1570, 0, 480, 1510, 0, 255, 210, 0
L 550, 1570, 0, 550, 1510, 0, 255, 210, 0
L 520, 1510, 0, 550, 1570, 0, 255, 210, 0
L 520, 1570, 0, 520, 1510, 0, 255, 210, 0
L 570, 1510, 0, 570, 1540, 0, 255, 210, 0
L 570, 1540, 0, 570, 1570, 0, 255, 210, 0
L 570, 1540, 0, 610, 1570, 0, 255, 210, 0
L 570, 1540, 0, 610, 1510, 0, 255, 210, 0
L 630, 1540, 0, 660, 1540, 0, 255, 210, 0
L 630, 1570, 0, 660, 1570, 0, 255, 210, 0
L 630, 1510, 0, 630, 1570, 0, 255, 210, 0
L 660, 1510, 0, 630, 1510, 0, 255, 210, 0
L 680, 1510, 0, 680, 1540, 0, 255, 210, 0
L 680, 1540, 0, 680, 1570, 0, 255, 210, 0
L 680, 1540, 0, 700, 1540, 0, 255, 210, 0
L 720, 1540, 0, 720, 1510, 0, 255, 210, 0
L 680, 1510, 0, 720, 1510, 0, 255, 210, 0
L 700, 1540, 0, 720, 1540, 0, 255, 210, 0
L 720, 1570, 0, 700, 1540, 0, 255, 210, 0
L 430, 1660, 0, 400, 1660, 0, 255, 255, 255
L 400, 1600, 0, 430, 1600, 0, 255, 255, 255
L 400, 1660, 0, 400, 1600, 0, 255, 255, 255
L 450, 1600, 0, 480, 1600, 0, 255, 255, 255
L 450, 1660, 0, 480, 1660, 0, 255, 255, 255
L 450, 1600, 0, 450, 1660, 0, 255, 255, 255
L 480, 1600, 0, 480, 1660, 0, 255, 255, 255
L 540, 1600, 0, 540, 1660, 0, 255, 255, 255
L 520, 1630, 0, 540, 1600, 0, 255, 255, 255
L 500, 1600, 0, 520, 1630, 0, 255, 255, 255
L 500, 1660, 0, 500, 1600, 0, 255, 255, 255
L 600, 1600, 0, 600, 1660, 0, 255, 255, 255
L 580, 1630, 0, 600, 1600, 0, 255, 255, 255
L 560, 1600, 0, 580, 1630, 0, 255, 255, 255
L 560, 1660, 0, 560, 1600, 0, 255, 255, 255
L 620, 1630, 0, 650, 1630, 0, 255, 255, 255
L 620, 1660, 0, 650, 1660, 0, 255, 255, 255
L 620, 1600, 0, 620, 1660, 0, 255, 255, 255
L 650, 1600, 0, 620, 1600, 0, 255, 255, 255
L 700, 1660, 0, 700, 1600, 0, 255, 255, 255
L 670, 1600, 0, 700, 1660, 0, 255, 255, 255
L 670, 1660, 0, 670, 1600, 0, 255, 255, 255
L 740, 1600, 0, 740, 1660, 0, 255, 255, 255
L 720, 1600, 0, 760, 1600, 0, 255, 255, 255
L 430, 1750, 0, 400, 1750, 0, 0, 0, 0
L 400, 1690, 0, 430, 1690, 0, 0, 0, 0
L 400, 1750, 0, 400, 1690, 0, 0, 0, 0
L 430, 1750, 0, 430, 1720, 0, 0, 0, 0
L 430, 1720, 0, 410, 1720, 0, 0, 0, 0
L 450, 1720, 0, 480, 1720, 0, 0, 0, 0
L 450, 1750, 0, 480, 1750, 0, 0, 0, 0
L 450, 1690, 0, 450, 1750, 0, 0, 0, 0
L 480, 1690, 0, 450, 1690, 0, 0, 0, 0
L 530, 1750, 0, 530, 1690, 0, 0, 0, 0
L 500, 1690, 0, 530, 1750, 0, 0, 0, 0
L 500, 1750, 0, 500, 1690, 0, 0, 0, 0
L 550, 1720, 0, 580, 1720, 0, 0, 0, 0
L 550, 1750, 0, 580, 1750, 0, 0, 0, 0
L 550, 1690, 0, 550, 1750, 0, 0, 0, 0
L 580, 1690, 0, 550, 1690, 0, 0, 0, 0
L 600, 1690, 0, 600, 1720, 0, 0, 0, 0
L 600, 1720, 0, 600, 1750, 0, 0, 0, 0
L 600, 1720, 0, 620, 1720, 0, 0, 0, 0
L 640, 1720, 0, 640, 1690, 0, 0, 0, 0
L 600, 1690, 0, 640, 1690, 0, 0, 0, 0
L 620, 1720, 0, 640, 1720, 0, 0, 0, 0
L 640, 1750, 0, 620, 1720, 0, 0, 0, 0
L 670, 1720, 0, 690, 1720, 0, 0, 0, 0
L 680, 1690, 0, 700, 1750, 0, 0, 0, 0
L 660, 1750, 0, 680, 1690, 0, 0, 0, 0
L 720, 1690, 0, 720, 1750, 0, 0, 0, 0
L 760, 1750, 0, 720, 1750, 0, 0, 0, 0
L 430, 1840, 0, 400, 1840, 0, 0, 0, 255
L 400, 1780, 0, 430, 1780, 0, 0, 0, 255
L 400, 1840, 0, 400, 1780, 0, 0, 0, 255
L 430, 1840, 0, 430, 1810, 0, 0, 0, 255
L 430, 1810, 0, 410, 1810, 0, 0, 0, 255
L 450, 1780, 0, 450, 1810, 0, 0, 0, 255
L 450, 1810, 0, 450, 1840, 0, 0, 0, 255
L 450, 1810, 0, 470, 1810, 0, 0, 0, 255
L 490, 1810, 0, 490, 1780, 0, 0, 0, 255
L 450, 1780, 0, 490, 1780, 0, 0, 0, 255
L 470, 1810, 0, 490, 1810, 0, 0, 0, 255
L 490, 1840, 0, 470, 1810, 0, 0, 0, 255
L 510, 1780, 0, 540, 1780, 0, 0, 0, 255
L 510, 1840, 0, 540, 1840, 0, 0, 0, 255
L 510, 1780, 0, 510, 1840, 0, 0, 0, 255
L 540, 1780, 0, 540, 1840, 0, 0, 0, 255
L 600, 1780, 0, 600, 1840, 0, 0, 0, 255
L 560, 1780, 0, 560, 1840, 0, 0, 0, 255
L 560, 1840, 0, 600, 1840, 0, 0, 0, 255
L 650, 1840, 0, 650, 1780, 0, 0, 0, 255
L 620, 1780, 0, 650, 1840, 0, 0, 0, 255
L 620, 1840, 0, 620, 1780, 0, 0, 0, 255
L 680, 1840, 0, 680, 1780, 0, 0, 0, 255
L 690, 1840, 0, 670, 1840, 0, 0, 0, 255
L 700, 1810, 0, 690, 1840, 0, 0, 0, 255
L 690, 1780, 0, 700, 1810, 0, 0, 0, 255
L 670, 1780, 0, 690, 1780, 0, 0, 0, 255
L 780, 1780, 0, 780, 1810, 0, 0, 0, 255
L 780, 1840, 0, 820, 1840, 0, 0, 0, 255
L 820, 1810, 0, 780, 1810, 0, 0, 0, 255
L 780, 1780, 0, 820, 1780, 0, 0, 0, 255
L 820, 1810, 0, 820, 1840, 0, 0, 0, 255
L 870, 1810, 0, 840, 1810, 0, 0, 0, 255
L 870, 1780, 0, 870, 1810, 0, 0, 0, 255
L 840, 1780, 0, 870, 1780, 0, 0, 0, 255
L 840, 1840, 0, 840, 1780, 0, 0, 0, 255
L 900, 1810, 0, 920, 1810, 0, 0, 0, 255
L 910, 1780, 0, 930, 1840, 0, 0, 0, 255
L 890, 1840, 0, 910, 1780, 0, 0, 0, 255
L 980, 1840, 0, 990, 1780, 0, 0, 0, 255
L 970, 1810, 0, 980, 1840, 0, 0, 0, 255
L 960, 1840, 0, 970, 1810, 0, 0, 0, 255
L 950, 1780, 0, 960, 1840, 0, 0, 0, 255
L 1040, 1840, 0, 1040, 1780, 0, 0, 0, 255
L 1010, 1780, 0, 1040, 1840, 0, 0, 0, 255
L 1010, 1840, 0, 1010, 1780, 0, 0, 0, 255
L 430, 1930, 0, 400, 1930, 0, 128, 128, 128
L 400, 1870, 0, 430, 1870, 0, 128, 128, 128
L 400, 1930, 0, 400, 1870, 0, 128, 128, 128
L 430, 1930, 0, 430, 1900, 0, 128, 128, 128
L 430, 1900, 0, 410, 1900, 0, 128, 128, 128
L 490, 1870, 0, 490, 1930, 0, 128, 128, 128
L 450, 1870, 0, 450, 1930, 0, 128, 128, 128
L 450, 1930, 0, 490, 1930, 0, 128, 128, 128
L 510, 1870, 0, 510, 1930, 0, 128, 128, 128
L 530, 1870, 0, 530, 1930, 0, 128, 128, 128
L 570, 1930, 0, 530, 1930, 0, 128, 128, 128
L 600, 1930, 0, 600, 1870, 0, 128, 128, 128
L 610, 1930, 0, 590, 1930, 0, 128, 128, 128
L 620, 1900, 0, 610, 1930, 0, 128, 128, 128
L 610, 1870, 0, 620, 1900, 0, 128, 128, 128
L 590, 1870, 0, 610, 1870, 0, 128, 128, 128
L 740, 1870, 0, 740, 1930, 0, 128, 128, 128
L 720, 1900, 0, 740, 1870, 0, 128, 128, 128
L 700, 1870, 0, 720, 1900, 0, 128, 128, 128
L 700, 1930, 0, 700, 1870, 0, 128, 128, 128
L 770, 1900, 0, 790, 1900, 0, 128, 128, 128
L 780, 1870, 0, 800, 1930, 0, 128, 128, 128
L 760, 1930, 0, 780, 1870, 0, 128, 128, 128
L 820, 1870, 0, 820, 1900, 0, 128, 128, 128
L 820, 1930, 0, 860, 1930, 0, 128, 128, 128
L 860, 1900, 0, 820, 1900, 0, 128, 128, 128
L 820, 1870, 0, 860, 1870, 0, 128, 128, 128
L 860, 1900, 0, 860, 1930, 0, 128, 128, 128
L 900, 1870, 0, 900, 1930, 0, 128, 128, 128
L 880, 1870, 0, 920, 1870, 0, 128, 128, 128
L 940, 1900, 0, 970, 1900, 0, 128, 128, 128
L 940, 1930, 0, 970, 1930, 0, 128, 128, 128
L 940, 1870, 0, 940, 1930, 0, 128, 128, 128
L 970, 1870, 0, 940, 1870, 0, 128, 128, 128
L 990, 1870, 0, 990, 1900, 0, 128, 128, 128
L 990, 1900, 0, 990, 1930, 0, 128, 128, 128
L 990, 1900, 0, 1010, 1900, 0, 128, 128, 128
L 1030, 1900, 0, 1030, 1870, 0, 128, 128, 128
L 990, 1870, 0, 1030, 1870, 0, 128, 128, 128
L 1010, 1900, 0, 1030, 1900, 0, 128, 128, 128
L 1030, 1930, 0, 1010, 1900, 0, 128, 128, 128
L 400, 1960, 0, 400, 1990, 0, 127, 64, 0
L 440, 2020, 0, 440, 1990, 0, 127, 64, 0
L 400, 1990, 0, 400, 2020, 0, 127, 64, 0
L 440, 1990, 0, 440, 1960, 0, 127, 64, 0
L 400, 1990, 0, 440, 1990, 0, 127, 64, 0
L 500, 1960, 0, 500, 2020, 0, 127, 64, 0
L 460, 1960, 0, 460, 2020, 0, 127, 64, 0
L 460, 2020, 0, 500, 2020, 0, 127, 64, 0
L 550, 2020, 0, 550, 1960, 0, 127, 64, 0
L 520, 1960, 0, 550, 2020, 0, 127, 64, 0
L 520, 2020, 0, 520, 1960, 0, 127, 64, 0
L 590, 1960, 0, 590, 2020, 0, 127, 64, 0
L 570, 1960, 0, 610, 1960, 0, 127, 64, 0
L 630, 1990, 0, 660, 1990, 0, 127, 64, 0
L 630, 2020, 0, 660, 2020, 0, 127, 64, 0
L 630, 1960, 0, 630, 2020, 0, 127, 64, 0
L 660, 1960, 0, 630, 1960, 0, 127, 64, 0
L 680, 1960, 0, 680, 1990, 0, 127, 64, 0
L 680, 1990, 0, 680, 2020, 0, 127, 64, 0
L 680, 1990, 0, 700, 1990, 0, 127, 64, 0
L 720, 1990, 0, 720, 1960, 0, 127, 64, 0
L 680, 1960, 0, 720, 1960, 0, 127, 64, 0
L 700, 1990, 0, 720, 1990, 0, 127, 64, 0
L 720, 2020, 0, 700, 1990, 0, 127, 64, 0
L 440, 2050, 0, 440, 2110, 0, 0, 127, 0
L 420, 2080, 0, 440, 2050, 0, 0, 127, 0
L 400, 2050, 0, 420, 2080, 0, 0, 127, 0
L 400, 2110, 0, 400, 2050, 0, 0, 127, 0
L 460, 2080, 0, 490, 2080, 0, 0, 127, 0
L 460, 2110, 0, 490, 2110, 0, 0, 127, 0
L 460, 2050, 0, 460, 2110, 0, 0, 127, 0
L 490, 2050, 0, 460, 2050, 0, 0, 127, 0
L 510, 2050, 0, 510, 2080, 0, 0, 127, 0
L 510, 2080, 0, 510, 2110, 0, 0, 127, 0
L 510, 2080, 0, 530, 2080, 0, 0, 127, 0
L 550, 2080, 0, 550, 2050, 0, 0, 127, 0
L 510, 2050, 0, 550, 2050, 0, 0, 127, 0
L 530, 2080, 0, 550, 2080, 0, 0, 127, 0
L 550, 2110, 0, 530, 2080, 0, 0, 127, 0
L 600, 2110, 0, 570, 2110, 0, 0, 127, 0
L 570, 2050, 0, 600, 2050, 0, 0, 127, 0
L 570, 2110, 0, 570, 2050, 0, 0, 127, 0
L 620, 2050, 0, 620, 2080, 0, 0, 127, 0
L 660, 2110, 0, 660, 2080, 0, 0, 127, 0
L 620, 2080, 0, 620, 2110, 0, 0, 127, 0
L 660, 2080, 0, 660, 2050, 0, 0, 127, 0
L 620, 2080, 0, 660, 2080, 0, 0, 127, 0
L 690, 2080, 0, 710, 2080, 0, 0, 127, 0
L 700, 2050, 0, 720, 2110, 0, 0, 127, 0
L 680, 2110, 0, 700, 2050, 0, 0, 127, 0
L 770, 2110, 0, 770, 2050, 0, 0, 127, 0
L 740, 2050, 0, 770, 2110, 0, 0, 127, 0
L 740, 2110, 0, 740, 2050, 0, 0, 127, 0
L 810, 2050, 0, 810, 2110, 0, 0, 127, 0
L 790, 2050, 0, 830, 2050, 0, 0, 127, 0
L 440, 2140, 0, 440, 2200, 0, 0, 127, 127
L 420, 2170, 0, 440, 2140, 0, 0, 127, 127
L 400, 2140, 0, 420, 2170, 0, 0, 127, 127
L 400, 2200, 0, 400, 2140, 0, 0, 127, 127
L 460, 2140, 0, 460, 2200, 0, 0, 127, 127
L 480, 2140, 0, 480, 2170, 0, 0, 127, 127
L 480, 2200, 0, 520, 2200, 0, 0, 127, 127
L 520, 2170, 0, 480, 2170, 0, 0, 127, 127
L 480, 2140, 0, 520, 2140, 0, 0, 127, 127
L 520, 2170, 0, 520, 2200, 0, 0, 127, 127
L 540, 2140, 0, 540, 2170, 0, 0, 127, 127
L 540, 2200, 0, 580, 2200, 0, 0, 127, 127
L 580, 2170, 0, 540, 2170, 0, 0, 127, 127
L 540, 2140, 0, 580, 2140, 0, 0, 127, 127
L 580, 2170, 0, 580, 2200, 0, 0, 127, 127
L 600, 2140, 0, 600, 2200, 0, 0, 127, 127
L 620, 2140, 0, 650, 2140, 0, 0, 127, 127
L 620, 2200, 0, 650, 2200, 0, 0, 127, 127
L 620, 2140, 0, 620, 2200, 0, 0, 127, 127
L 650, 2140, 0, 650, 2200, 0, 0, 127, 127
L 700, 2200, 0, 700, 2140, 0, 0, 127, 127
L 670, 2140, 0, 700, 2200, 0, 0, 127, 127
L 670, 2200, 0, 670, 2140, 0, 0, 127, 127
L 430, 2290, 0, 430, 2230, 0, 127, 64, 0
L 400, 2230, 0, 430, 2290, 0, 127, 64, 0
L 400, 2290, 0, 400, 2230, 0, 127, 64, 0
L 460, 2260, 0, 480, 2260, 0, 127, 64, 0
L 470, 2230, 0, 490, 2290, 0, 127, 64, 0
L 450, 2290, 0, 470, 2230, 0, 127, 64, 0
L 550, 2230, 0, 550, 2290, 0, 127, 64, 0
L 530, 2260, 0, 550, 2230, 0, 127, 64, 0
L 510, 2230, 0, 530, 2260, 0, 127, 64, 0
L 510, 2290, 0, 510, 2230, 0, 127, 64, 0
L 570, 2260, 0, 600, 2260, 0, 127, 64, 0
L 570, 2290, 0, 600, 2290, 0, 127, 64, 0
L 570, 2230, 0, 570, 2290, 0, 127, 64, 0
L 600, 2230, 0, 570, 2230, 0, 127, 64, 0
L 630, 2290, 0, 630, 2230, 0, 127, 64, 0
L 640, 2290, 0, 620, 2290, 0, 127, 64, 0
L 650, 2260, 0, 640, 2290, 0, 127, 64, 0
L 640, 2230, 0, 650, 2260, 0, 127, 64, 0
L 620, 2230, 0, 640, 2230, 0, 127, 64, 0
L 430, 2350, 0, 400, 2350, 0, 0, 255, 0
L 430, 2320, 0, 430, 2350, 0, 0, 255, 0
L 400, 2320, 0, 430, 2320, 0, 0, 255, 0
L 400, 2380, 0, 400, 2320, 0, 0, 255, 0
L 460, 2350, 0, 480, 2350, 0, 0, 255, 0
L 470, 2320, 0, 490, 2380, 0, 0, 255, 0
L 450, 2380, 0, 470, 2320, 0, 0, 255, 0
L 510, 2320, 0, 510, 2350, 0, 0, 255, 0
L 510, 2350, 0, 510, 2380, 0, 0, 255, 0
L 510, 2350, 0, 530, 2350, 0, 0, 255, 0
L 550, 2350, 0, 550, 2320, 0, 0, 255, 0
L 510, 2320, 0, 550, 2320, 0, 0, 255, 0
L 530, 2350, 0, 550, 2350, 0, 0, 255, 0
L 550, 2380, 0, 530, 2350, 0, 0, 255, 0
L 600, 2380, 0, 570, 2380, 0, 0, 255, 0
L 570, 2320, 0, 600, 2320, 0, 0, 255, 0
L 570, 2380, 0, 570, 2320, 0, 0, 255, 0
L 620, 2350, 0, 650, 2350, 0, 0, 255, 0
L 620, 2380, 0, 650, 2380, 0, 0, 255, 0
L 620, 2320, 0, 620, 2380, 0, 0, 255, 0
L 650, 2320, 0, 620, 2320, 0, 0, 255, 0
L 670, 2320, 0, 670, 2380, 0, 0, 255, 0
L 710, 2380, 0, 670, 2380, 0, 0, 255, 0
L 730, 2320, 0, 730, 2350, 0, 0, 255, 0
L 730, 2380, 0, 770, 2380, 0, 0, 255, 0
L 770, 2350, 0, 730, 2350, 0, 0, 255, 0
L 730, 2320, 0, 770, 2320, 0, 0, 255, 0
L 770, 2350, 0, 770, 2380, 0, 0, 255, 0
L 400, 2410, 0, 400, 2440, 0, 0, 240, 240
L 400, 2440, 0, 400, 2470, 0, 0, 240, 240
L 400, 2440, 0, 420, 2440, 0, 0, 240, 240
L 440, 2440, 0, 440, 2410, 0, 0, 240, 240
L 400, 2410, 0, 440, 2410, 0, 0, 240, 240
L 420, 2440, 0, 440, 2440, 0, 0, 240, 240
L 440, 2470, 0, 420, 2440, 0, 0, 240, 240
L 470, 2440, 0, 490, 2440, 0, 0, 240, 240
L 480, 2410, 0, 500, 2470, 0, 0, 240, 240
L 460, 2470, 0, 480, 2410, 0, 0, 240, 240
L 520, 2410, 0, 520, 2470, 0, 0, 240, 240
L 550, 2470, 0, 550, 2410, 0, 0, 240, 240
L 560, 2470, 0, 540, 2470, 0, 0, 240, 240
L 570, 2440, 0, 560, 2470, 0, 0, 240, 240
L 560, 2410, 0, 570, 2440, 0, 0, 240, 240
L 540, 2410, 0, 560, 2410, 0, 0, 240, 240
L 400, 2500, 0, 400, 2530, 0, 0, 255, 0
L 400, 2560, 0, 440, 2560, 0, 0, 255, 0
L 440, 2530, 0, 400, 2530, 0, 0, 255, 0
L 400, 2500, 0, 440, 2500, 0, 0, 255, 0
L 440, 2530, 0, 440, 2560, 0, 0, 255, 0
L 490, 2530, 0, 460, 2530, 0, 0, 255, 0
L 490, 2500, 0, 490, 2530, 0, 0, 255, 0
L 460, 2500, 0, 490, 2500, 0, 0, 255, 0
L 460, 2560, 0, 460, 2500, 0, 0, 255, 0
L 510, 2530, 0, 540, 2530, 0, 0, 255, 0
L 510, 2560, 0, 540, 2560, 0, 0, 255, 0
L 510, 2500, 0, 510, 2560, 0, 0, 255, 0
L 540, 2500, 0, 510, 2500, 0, 0, 255, 0
L 590, 2560, 0, 560, 2560, 0, 0, 255, 0
L 560, 2500, 0, 590, 2500, 0, 0, 255, 0
L 560, 2560, 0, 560, 2500, 0, 0, 255, 0
L 610, 2500, 0, 610, 2560, 0, 0, 255, 0
L 640, 2530, 0, 660, 2530, 0, 0, 255, 0
L 650, 2500, 0, 670, 2560, 0, 0, 255, 0
L 630, 2560, 0, 650, 2500, 0, 0, 255, 0
L 690, 2500, 0, 690, 2560, 0, 0, 255, 0
L 730, 2560, 0, 690, 2560, 0, 0, 255, 0
L 840, 2560, 0, 810, 2560, 0, 0, 255, 0
L 810, 2500, 0, 840, 2500, 0, 0, 255, 0
L 810, 2560, 0, 810, 2500, 0, 0, 255, 0
L 900, 2500, 0, 900, 2560, 0, 0, 255, 0
L 860, 2500, 0, 860, 2560, 0, 0, 255, 0
L 860, 2560, 0, 900, 2560, 0, 0, 255, 0
L 920, 2500, 0, 920, 2530, 0, 0, 255, 0
L 920, 2530, 0, 920, 2560, 0, 0, 255, 0
L 920, 2530, 0, 940, 2530, 0, 0, 255, 0
L 960, 2530, 0, 960, 2500, 0, 0, 255, 0
L 920, 2500, 0, 960, 2500, 0, 0, 255, 0
L 940, 2530, 0, 960, 2530, 0, 0, 255, 0
L 960, 2560, 0, 940, 2530, 0, 0, 255, 0
L 980, 2500, 0, 980, 2530, 0, 0, 255, 0
L 980, 2530, 0, 980, 2560, 0, 0, 255, 0
L 980, 2530, 0, 1000, 2530, 0, 0, 255, 0
L 1020, 2530, 0, 1020, 2500, 0, 0, 255, 0
L 980, 2500, 0, 1020, 2500, 0, 0, 255, 0
L 1000, 2530, 0, 1020, 2530, 0, 0, 255, 0
L 1020, 2560, 0, 1000, 2530, 0, 0, 255, 0
L 1040, 2530, 0, 1070, 2530, 0, 0, 255, 0
L 1040, 2560, 0, 1070, 2560, 0, 0, 255, 0
L 1040, 2500, 0, 1040, 2560, 0, 0, 255, 0
L 1070, 2500, 0, 1040, 2500, 0, 0, 255, 0
L 1120, 2560, 0, 1120, 2500, 0, 0, 255, 0
L 1090, 2500, 0, 1120, 2560, 0, 0, 255, 0
L 1090, 2560, 0, 1090, 2500, 0, 0, 255, 0
L 1170, 2560, 0, 1140, 2560, 0, 0, 255, 0
L 1140, 2500, 0, 1170, 2500, 0, 0, 255, 0
L 1140, 2560, 0, 1140, 2500, 0, 0, 255, 0
L 1210, 2530, 0, 1210, 2560, 0, 0, 255, 0
L 1210, 2530, 0, 1230, 2500, 0, 0, 255, 0
L 1190, 2500, 0, 1210, 2530, 0, 0, 255, 0
L 400, 2590, 0, 400, 2620, 0, 255, 0, 0
L 400, 2650, 0, 440, 2650, 0, 255, 0, 0
L 440, 2620, 0, 400, 2620, 0, 255, 0, 0
L 400, 2590, 0, 440, 2590, 0, 255, 0, 0
L 440, 2620, 0, 440, 2650, 0, 255, 0, 0
L 500, 2590, 0, 500, 2650, 0, 255, 0, 0
L 460, 2590, 0, 460, 2650, 0, 255, 0, 0
L 460, 2650, 0, 500, 2650, 0, 255, 0, 0
L 550, 2650, 0, 520, 2650, 0, 255, 0, 0
L 520, 2590, 0, 550, 2590, 0, 255, 0, 0
L 520, 2650, 0, 520, 2590, 0, 255, 0, 0
L 600, 2650, 0, 570, 2650, 0, 255, 0, 0
L 570, 2590, 0, 600, 2590, 0, 255, 0, 0
L 570, 2650, 0, 570, 2590, 0, 255, 0, 0
L 620, 2590, 0, 650, 2590, 0, 255, 0, 0
L 620, 2650, 0, 650, 2650, 0, 255, 0, 0
L 620, 2590, 0, 620, 2650, 0, 255, 0, 0
L 650, 2590, 0, 650, 2650, 0, 255, 0, 0
L 670, 2590, 0, 670, 2620, 0, 255, 0, 0
L 670, 2620, 0, 670, 2650, 0, 255, 0, 0
L 670, 2620, 0, 690, 2620, 0, 255, 0, 0
L 710, 2620, 0, 710, 2590, 0, 255, 0, 0
L 670, 2590, 0, 710, 2590, 0, 255, 0, 0
L 690, 2620, 0, 710, 2620, 0, 255, 0, 0
L 710, 2650, 0, 690, 2620, 0, 255, 0, 0
L 420, 2680, 0, 420, 2740, 0, 255, 255, 0
L 400, 2680, 0, 440, 2680, 0, 255, 255, 0
L 460, 2710, 0, 490, 2710, 0, 255, 255, 0
L 460, 2740, 0, 490, 2740, 0, 255, 255, 0
L 460, 2680, 0, 460, 2740, 0, 255, 255, 0
L 490, 2680, 0, 460, 2680, 0, 255, 255, 0
L 510, 2680, 0, 510, 2740, 0, 255, 255, 0
L 550, 2740, 0, 510, 2740, 0, 255, 255, 0
L 570, 2710, 0, 600, 2710, 0, 255, 255, 0
L 570, 2740, 0, 600, 2740, 0, 255, 255, 0
L 570, 2680, 0, 570, 2740, 0, 255, 255, 0
L 600, 2680, 0, 570, 2680, 0, 255, 255, 0
L 650, 2710, 0, 620, 2710, 0, 255, 255, 0
L 650, 2680, 0, 650, 2710, 0, 255, 255, 0
L 620, 2680, 0, 650, 2680, 0, 255, 255, 0
L 620, 2740, 0, 620, 2680, 0, 255, 255, 0
L 670, 2680, 0, 700, 2680, 0, 255, 255, 0
L 670, 2740, 0, 700, 2740, 0, 255, 255, 0
L 670, 2680, 0, 670, 2740, 0, 255, 255, 0
L 700, 2680, 0, 700, 2740, 0, 255, 255, 0
L 720, 2680, 0, 720, 2710, 0, 255, 255, 0
L 720, 2710, 0, 720, 2740, 0, 255, 255, 0
L 720, 2710, 0, 740, 2710, 0, 255, 255, 0
L 760, 2710, 0, 760, 2680, 0, 255, 255, 0
L 720, 2680, 0, 760, 2680, 0, 255, 255, 0
L 740, 2710, 0, 760, 2710, 0, 255, 255, 0
L 760, 2740, 0, 740, 2710, 0, 255, 255, 0
L 800, 2680, 0, 800, 2740, 0, 255, 255, 0
L 780, 2680, 0, 820, 2680, 0, 255, 255, 0
L 420, 2770, 0, 420, 2830, 0, 128, 0, 128
L 400, 2770, 0, 440, 2770, 0, 128, 0, 128
L 460, 2770, 0, 460, 2800, 0, 128, 0, 128
L 460, 2800, 0, 460, 2830, 0, 128, 0, 128
L 460, 2800, 0, 480, 2800, 0, 128, 0, 128
L 500, 2800, 0, 500, 2770, 0, 128, 0, 128
L 460, 2770, 0, 500, 2770, 0, 128, 0, 128
L 480, 2800, 0, 500, 2800, 0, 128, 0, 128
L 500, 2830, 0, 480, 2800, 0, 128, 0, 128
L 530, 2800, 0, 550, 2800, 0, 128, 0, 128
L 540, 2770, 0, 560, 2830, 0, 128, 0, 128
L 520, 2830, 0, 540, 2770, 0, 128, 0, 128
L 590, 2830, 0, 590, 2770, 0, 128, 0, 128
L 600, 2830, 0, 580, 2830, 0, 128, 0, 128
L 610, 2800, 0, 600, 2830, 0, 128, 0, 128
L 600, 2770, 0, 610, 2800, 0, 128, 0, 128
L 580, 2770, 0, 600, 2770, 0, 128, 0, 128
L 630, 2800, 0, 660, 2800, 0, 128, 0, 128
L 630, 2830, 0, 660, 2830, 0, 128, 0, 128
L 630, 2770, 0, 630, 2830, 0, 128, 0, 128
L 660, 2770, 0, 630, 2770, 0, 128, 0, 128
L 680, 2770, 0, 680, 2800, 0, 128, 0, 128
L 680, 2830, 0, 720, 2830, 0, 128, 0, 128
L 720, 2800, 0, 680, 2800, 0, 128, 0, 128
L 680, 2770, 0, 720, 2770, 0, 128, 0, 128
L 720, 2800, 0, 720, 2830, 0, 128, 0, 128
L 740, 2770, 0, 740, 2800, 0, 128, 0, 128
L 740, 2800, 0, 740, 2830, 0, 128, 0, 128
L 740, 2800, 0, 780, 2830, 0, 128, 0, 128
L 740, 2800, 0, 780, 2770, 0, 128, 0, 128
L 800, 2770, 0, 800, 2830, 0, 128, 0, 128
L 820, 2770, 0, 820, 2830, 0, 128, 0, 128
L 860, 2830, 0, 820, 2830, 0, 128, 0, 128
L 880, 2770, 0, 880, 2830, 0, 128, 0, 128
L 920, 2830, 0, 880, 2830, 0, 128, 0, 128
L 1030, 2830, 0, 1000, 2830, 0, 128, 0, 128
L 1000, 2770, 0, 1030, 2770, 0, 128, 0, 128
L 1000, 2830, 0, 1000, 2770, 0, 128, 0, 128
L 1050, 2770, 0, 1080, 2770, 0, 128, 0, 128
L 1050, 2830, 0, 1080, 2830, 0, 128, 0, 128
L 1050, 2770, 0, 1050, 2830, 0, 128, 0, 128
L 1080, 2770, 0, 1080, 2830, 0, 128, 0, 128
L 1130, 2830, 0, 1130, 2770, 0, 128, 0, 128
L 1100, 2770, 0, 1130, 2830, 0, 128, 0, 128
L 1100, 2830, 0, 1100, 2770, 0, 128, 0, 128
L 1170, 2770, 0, 1170, 2830, 0, 128, 0, 128
L 1150, 2770, 0, 1190, 2770, 0, 128, 0, 128
L 1220, 2800, 0, 1240, 2800, 0, 128, 0, 128
L 1230, 2770, 0, 1250, 2830, 0, 128, 0, 128
L 1210, 2830, 0, 1230, 2770, 0, 128, 0, 128
L 1270, 2770, 0, 1270, 2830, 0, 128, 0, 128
L 1320, 2830, 0, 1320, 2770, 0, 128, 0, 128
L 1290, 2770, 0, 1320, 2830, 0, 128, 0, 128
L 1290, 2830, 0, 1290, 2770, 0, 128, 0, 128
L 1340, 2800, 0, 1370, 2800, 0, 128, 0, 128
L 1340, 2830, 0, 1370, 2830, 0, 128, 0, 128
L 1340, 2770, 0, 1340, 2830, 0, 128, 0, 128
L 1370, 2770, 0, 1340, 2770, 0, 128, 0, 128
L 1390, 2770, 0, 1390, 2800, 0, 128, 0, 128
L 1390, 2800, 0, 1390, 2830, 0, 128, 0, 128
L 1390, 2800, 0, 1410, 2800, 0, 128, 0, 128
L 1430, 2800, 0, 1430, 2770, 0, 128, 0, 128
L 1390, 2770, 0, 1430, 2770, 0, 128, 0, 128
L 1410, 2800, 0, 1430, 2800, 0, 128, 0, 128
L 1430, 2830, 0, 1410, 2800, 0, 128, 0, 128
L 420, 2860, 0, 420, 2920, 0, 255, 255, 0
L 400, 2860, 0, 440, 2860, 0, 255, 255, 0
L 460, 2860, 0, 460, 2890, 0, 255, 255, 0
L 460, 2890, 0, 460, 2920, 0, 255, 255, 0
L 460, 2890, 0, 480, 2890, 0, 255, 255, 0
L 500, 2890, 0, 500, 2860, 0, 255, 255, 0
L 460, 2860, 0, 500, 2860, 0, 255, 255, 0
L 480, 2890, 0, 500, 2890, 0, 255, 255, 0
L 500, 2920, 0, 480, 2890, 0, 255, 255, 0
L 530, 2890, 0, 550, 2890, 0, 255, 255, 0
L 540, 2860, 0, 560, 2920, 0, 255, 255, 0
L 520, 2920, 0, 540, 2860, 0, 255, 255, 0
L 610, 2890, 0, 580, 2890, 0, 255, 255, 0
L 610, 2860, 0, 610, 2890, 0, 255, 255, 0
L 580, 2860, 0, 610, 2860, 0, 255, 255, 0
L 580, 2920, 0, 580, 2860, 0, 255, 255, 0
L 430, 2950, 0, 400, 2950, 0, 255, 0, 0
L 400, 3010, 0, 430, 2950, 0, 255, 0, 0
L 400, 3010, 0, 430, 3010, 0, 255, 0, 0
L 450, 2950, 0, 480, 2950, 0, 255, 0, 0
L 450, 3010, 0, 480, 3010, 0, 255, 0, 0
L 450, 2950, 0, 450, 3010, 0, 255, 0, 0
L 480, 2950, 0, 480, 3010, 0, 255, 0, 0
L 530, 3010, 0, 530, 2950, 0, 255, 0, 0
L 500, 2950, 0, 530, 3010, 0, 255, 0, 0
L 500, 3010, 0, 500, 2950, 0, 255, 0, 0
L 550, 2980, 0, 580, 2980, 0, 255, 0, 0
L 550, 3010, 0, 580, 3010, 0, 255, 0, 0
L 550, 2950, 0, 550, 3010, 0, 255, 0, 0
L 580, 2950, 0, 550, 2950, 0, 255, 0, 0
P -600, 1300, 0, 0, 0, 0, 2, Revised_Map:_Brewall_Rainsiger_(Cazic-Thule)
P -600, 1500, 0, 0, 0, 0, 2, http://www.eqmaps.info
P -600, 1700, 0, 0, 0, 0, 2, Return_of_the_Exiled_(www.roteguild.org)
P -600, 1900, 0, 127, 64, 0, 2, a_bladedancer_guardian_PH=_a_master_guardian
P -600, 2100, 0, 127, 64, 0, 2, a_bright_warden_PH=_a_tower_warden_sergeant
P -600, 2300, 0, 127, 64, 0, 2, a_flesheating_beetle_PH=_a_hungry_scavenger_beetle
P -600, 2500, 0, 127, 64, 0, 2, a_giant_warlord_PH=_a_giant_warlord_veteran
P -600, 2700, 0, 127, 64, 0, 2, a_goblin_raid_leader_PH=_a_goblin_raider_captain
P -600, 2900, 0, 127, 64, 0, 2, a_lifeweaver_servant_PH=_a_personal_servant
P -600, 3100, 0, 127, 64, 0, 2, a_psychotic_leprechaun_PH=_a_strange_leprechaun
P -600, 3300, 0, 127, 64, 0, 2, a_shadow_warden_PH=_a_tower_warden_sergeant
P -600, 3500, 0, 127, 64, 0, 2, a_shieldbearer_guardian_PH=_a_master_guardian
P -600, 3700, 0, 127, 64, 0, 2, a_soulmage_servant_PH=_a_personal_servant
P -600, 3900, 0, 127, 64, 0, 2, a_spellsword_guardian_PH=_a_master_guardian
P -600, 4100, 0, 127, 64, 0, 2, a_spellward_servant_PH=_a_personal_servant
P -600, 4300, 0, 127, 64, 0, 2, an_arcane_warden_PH=_a_tower_warden_sergeant
P -600, 4500, 0, 127, 64, 0, 2, an_infected_rat_PH=_a_filthy_rapid_rat
P -600, 4700, 0, 127, 64, 0, 2, Archmagnus_Erlen_PH=_a_royal_archmage
P -600, 4900, 0, 127, 64, 0, 2, Archmagnus_Nesalie_PH=_a_royal_archmage
P -600, 5100, 0, 127, 64, 0, 2, Conjurer_Nallen_PH=_a_dark_ritualist_expert
P -600, 5300, 0, 127, 64, 0, 2, Demonologist_Sharra_PH=_a_dark_occulist_researcher
P -600, 5500, 0, 127, 64, 0, 2, Dream_Destroyer_PH=_a_dream_shade_figment
P -600, 5700, 0, 127, 64, 0, 2, Executor_Bashka_PH=_a_dark_occulist_researcher
P -600, 5900, 0, 127, 64, 0, 2, High_Priest_Casmion_PH=_a_royal_high_priest
P -600, 6100, 0, 127, 64, 0, 2, High_Priest_Darsia_PH=_a_royal_high_priest
P -600, 6300, 0, 127, 64, 0, 2, Knight_Captain_Elena_PH=_a_royal_knight_errant
P -600, 6500, 0, 127, 64, 0, 2, Knight_Captain_Rosch_PH=_a_royal_knight_errant
P -600, 6700, 0, 127, 64, 0, 2, Larrow_the_Demented_PH=_a_deranged_beggar
P -600, 6900, 0, 127, 64, 0, 2, Master_Thief_Quentin_PH=_a_strange_leprechaun
P -600, 7100, 0, 127, 64, 0, 2, Rites_Master_Lorett_PH=_a_dark_ritualist_expert
P -600, 7300, 0, 127, 64, 0, 2, The_Beast_King_PH=_a_shadowy_dark_beast
P -600, 7500, 0, 127, 64, 0, 2, The_Dream_Collector_PH=_a_dream_phantom_illusion
