P -405.8972, -136.3399, 163.8475, 255, 0, 0, 3, to_Fortress_Mechanotus
P 873.6923, -994.3961, 117.5471, 255, 0, 0, 3, to_Meldrath's_Majestic_Mansion
P 893.4662, -69.3617, 121.2297, 255, 0, 0, 3, to_Fortress_Mechanotus
P -470.1224, 61.9848, 111.8790, 240, 0, 0, 3, to_Fortress_Mechanotus
P -1600, -600, 27.9606, 255, 0, 0, 3, to_Dragonscale_Hills
P -46.405, 338.3591, -85.503, 255, 0, 0, 3, to_Dragonscale_Hills
P 253.0000, -1130.0000, 86.0000, 255, 255, 255, 2, Foundry
P 805.0000, -880.0000, 118.0000, 255, 255, 255, 2, Engineering_Facility
P 7.0000, -320.0000, 160.0000, 255, 255, 255, 2, Manufacturing_Plant
P 200.0000, -568.0000, 104.0000, 255, 255, 255, 2, Repair_Facility
P 480.0000, 350.0000, 83.0000, 255, 255, 255, 2, Storage_Room
P 44.4234, -1081.0222, 85.6265, 0, 0, 240, 1, GS:_Gnomium_Sample
P -168.6129, -1067.3638, 85.6265, 0, 0, 240, 1, GS:_Gnomium_Sample
P -49.0432, -1161.8552, 85.6265, 0, 0, 240, 1, GS:_Gnomium_Sample
P 361.6559, -1108.9910, 85.6265, 0, 0, 240, 1, GS:_Gnomium_Sample
P -207.3536, -1142.1501, 85.9150, 0, 0, 240, 1, GS:_Gnomium_Sample
P -3538.0000, -678.0000, -472.0000, 0, 128, 128, 2, Evyj_(Quest)
P -409.0594, -133.4517, 164.1115, 0, 0, 0, 2, Mech_ZO
P -494.9306, -366.0174, 150.8805, 240, 240, 0, 2, Elevator
P -492.7619, -806.2109, 43.7699, 240, 240, 0, 2, Elevator
P 658.3000, 1056.9200, 72.1574, 255, 255, 255, 2, Dead_End
P 7.9163, -122.7732, 111.1119, 0, 0, 0, 2, Exterminator_Mark_V
P -499.4150, 35.7188, 108.4123, 0, 128, 128, 2, Millick_(Quest)
P -473.9467, 78.5236, 111.1801, 0, 128, 128, 2, Gymrie_(Quest)
P 911.9039, 921.4896, 74.8486, 255, 255, 255, 2, Fusion_Reactor
P 739.8997, 416.6069, 20.5004, 255, 255, 0, 2, elevator
P -1060.3146, -579.6025, 27.9608, 255, 255, 0, 2, Caution-Dangerous_Fall
P 444.1877, -316.7227, 154.2739, 255, 255, 0, 2, locked_door
P 441.7811, -151.9200, 153.2736, 255, 255, 0, 2, locked_door
P 32.0651, 239.6210, -34.3594, 127, 64, 0, 2, Slavemaster_Gorg
P -21.5030, 347.3777, 6.2332, 0, 0, 0, 2, Ironhorn
P -25.3453, 332.3804, -70.6335, 0, 0, 0, 2, Jump_In
P -187.2475, 482.1920, 56.8405, 0, 0, 0, 2, Fly_over
P -498.0043, 59.6188, 111.9726, 0, 0, 0, 2, Jemi
P -634.6958, -167.2699, 193.9287, 0, 128, 128, 2, Lymrit_(Quest)
