P 532.0000, -2183.0000, 364.0000,  255, 0, 0,  3,  to_Icefall_Glacier
P 909.7834, 2375.7664, -0.7624,  255, 0, 0,  3,  to_Goru'kar_Mesa
P 1099.3678, -657.4520, 150.4880,  255, 0, 0,  2,  Druid_Ring
P -273.7844, 341.5226, 177.6500,  0, 128, 0,  2,  Druid_Spells
P -1296.9911, 714.2682, 91.5031,  0, 128, 0,  2,  Ranger_Spells
P -915.0457, 650.0831, 90.7156,  0, 0, 0,  2,  Moldren_the_Wise
P -1616.0000, -2054.0000, 64.0000,  0, 240, 240,  2,  Erdna_the_sleeping_giant_(Raid)
P -1285.0000, 1140.0000, 119.0000,  0, 0, 0,  2,  Cartographer_Wyl'ard
P -767.0000, 1612.0000, 0.0000,  0, 128, 64,  2,  Stonemight_Chieftain_Rockbottom_(Named)
P -1224.0000, -606.0000, 271.0000,  0, 128, 128,  2,  Orumot_Uluntar_(Quest)
P -633.0000, -2141.0000, 309.0000,  0, 0, 0,  2,  Priest_Ulkag
P 100.0000, -2714.0000, 153.0000,  0, 0, 0,  2,  Commander_Zon`tak
P 108.0000, -2806.0000, 152.0000,  0, 0, 0,  2,  Felena_Bellstone
P 986.0000, -909.0000, 151.0000,  127, 64, 0,  2,  Chef_Gudez_(Named)
P 133.0000, -631.0000, 151.0000,  0, 127, 127,  2,  Ttoegnasher_(Quest)
P -381.7180, -1503.5608, 208.6900,  0, 128, 128,  2,  Captain_Gul_(Tasks)
P -256.5560, -1653.5138, 185.7760,  0, 128, 128,  2,  Bordan_the_Cursed_(Tasks)
P 1855.8169, 1429.6216, 34.7120,  0, 128, 128,  2,  Yavia_(tasks)
P -786.5070, 1622.1890, 1.0230,  128, 64, 0,  2,  Stonemight_Chieftain_Longtooth
P -326.2050, 1528.8196, 0.2790,  128, 64, 0,  2,  Sneaktalker_Gizdor
P -113.7320, 1721.6851, 0.7700,  128, 128, 0,  2,  Firebelly_the_Cook
P -626.0080, -1906.7549, 181.5680,  0, 0, 0,  2,  Cordagan_Boulderfist
P 1601.2870, 1641.3710, 62.1800,  255, 255, 255,  2,  Spider_Caves_1
P 823.4960, -390.2290, 119.6610,  255, 255, 255,  2,  Lizards
P 727.0500, -397.5330, 90.9330,  255, 255, 255,  2,  Lake_Cattina
P 941.2310, -258.8800, 137.4230,  255, 255, 255,  2,  Yally's_Isle
P 622.0359, 616.6450, 89.3620,  255, 255, 255,  2,  Wolves
P 115.8610, 378.6630, 99.5010,  255, 255, 255,  2,  Elementals
P -1110.0000, 843.0000, 82.0000,  255, 255, 255,  2,  Grove_Camp_Site
P -940.0000, 495.0000, 90.0000,  255, 255, 255,  2,  The_Grove
P 922.0000, -229.0000, 137.0000,  255, 255, 255,  2,  Sacrificial_Altar
P 1244.0000, -1896.0000, 181.0000,  255, 255, 255,  2,  Giant_Monument
P -142.9750, 91.0210, 306.7870,  255, 255, 255,  2,  Central_Mountain
P 270.5250, -1758.4390, 180.2280,  255, 255, 255,  2,  Darkfell_Valley
P -818.3890, -1909.3147, 180.1620,  255, 255, 255,  2,  Old_Bones
P -1505.6039, -1802.6078, 79.1310,  255, 255, 255,  2,  Giant_Caves
P -1133.2450, -1624.3877, 96.8400,  255, 255, 255,  2,  Hill_Giants
P 115.7520, 1623.6388, 0.7830,  255, 255, 255,  2,  Stonemight_Golems
P 1325.9810, 944.2530, 1.9950,  255, 255, 255,  2,  Spider_Caves_2
P -767.0000, 1612.0000, 0.0000,  255, 255, 255,  2,  Ancient_Ruins
P 300.0000, 474.0000, 91.0000,  255, 255, 255,  2,  Portal_of_War
P -579.7830, -159.0900, 119.9170,  255, 255, 255,  2,  Leopards
P -1578.3750, -349.7990, 89.2940,  255, 255, 255,  2,  Bear_Cave
P -823.9109, 402.7480, 89.4970,  255, 255, 255,  2,  Triants_and_Guardians
P -534.2020, 628.0060, 90.5990,  255, 255, 255,  2,  Grove_Forest
P 3.0000, -2580.0000, 160.0000,  0, 0, 240,  1,  GS:_Relic
P 977.2733, -1269.2959, 179.8656,  127, 64, 0,  2,  Hunter_Borty_(Named)
P 629.4686, -1871.2643, 180.0403,  127, 64, 0,  2,  Gruet_Longsight_(Named)
P 673.4805, -1790.0044, 183.0735,  127, 64, 0,  2,  Darkfell_Captain_Trallit_(Named)
P 859.1120, -1168.6338, 154.5247,  0, 127, 127,  2,  Elder_Nezzen_Tru'tak_(Quest)
P 1091.2942, -1648.0298, 182.7409,  127, 64, 0,  2,  Darkfell_Captain_Stonebow_(Named)
P 647.8584, -1536.1956, 181.6316,  127, 64, 0,  2,  High_Saman_Firglum_(Named)
P -790.8267, 1633.0575, 3.3250,  0, 0, 240,  1,  GS:_A_Worn_Jug
P 102.0227, 1638.0619, 3.1825,  127, 64, 0,  2,  Littlebitter_the_Skinchanger_(Named)
P -163.7621, 1273.9540, 34.5307,  0, 127, 127,  2,  Cragnaw_(Quest)
P -453.1331, 1751.0304, 1.6463,  127, 64, 0,  2,  Stonemight_Chieftan_Longtooth_(Named)
P 896.0000, 2360.0000, -0.5018,  240, 0, 0,  2,  Succor
P 1291.4529, -497.0241, 170.5358,  0, 127, 0,  2,  Emelia_Daeren_(Druid_Spells)
