P 1183.0000, 1648.0000, 37.0000,  255, 0, 0,  3,  to_Blightfire_Moors
P 401.8683, -600.4150, 38.5384,  255, 0, 0,  3,  to_Bixie_Warfront
P -37.0000, 8.0000, 285.0000,  255, 255, 0,  2,  Elevator_(click)
P -41.0000, -186.0000, 115.0000,  255, 255, 0,  2,  Elevator_(click)
P 998.9910, -586.1510, 34.7990,  0, 128, 0,  2,  a_bixie_imposter_(Enchanter_Spells)
P 61.0000, -133.0000, 263.0000,  0, 128, 0,  2,  Alchemist_Krizzia
P 82.0000, -189.0000, 37.0000,  0, 0, 0,  2,  Scout_Neauza
P 279.0000, 529.0000, -27.0000,  0, 128, 128,  2,  Warwing_Wendlez_(Quest)
P 13.0000, 142.0000, 403.0000,  0, 0, 0,  2,  Neezzee
P 134.0000, -82.0000, 410.0000,  0, 0, 0,  2,  Queen_Pelzia
P -192.0000, 17.0000, 263.0000,  0, 0, 0,  2,  Caged_Drakkin
P -207.0000, 34.0000, 267.0000,  0, 0, 0,  2,  Prunae
P 779.4280, -572.3345, 35.8070,  0, 0, 240,  1,  GS:_Rustling_Banebloom
P 87.3643, 242.6046, -81.0382,  0, 0, 0,  2,  Suitor_Drezia
