L -551.1124, -748.5652, 150.8292,  -536.7544, -754.2607, 150.9711,  0, 0, 0
L -536.7544, -754.2607, 150.9711,  -521.7960, -749.4789, 150.8011,  0, 0, 0
L -521.7960, -749.4789, 150.8011,  -516.2718, -730.8424, 150.3321,  0, 0, 0
L -516.2718, -730.8424, 150.3321,  -522.5958, -717.7162, 150.9590,  0, 0, 0
L -522.5958, -717.7162, 150.9590,  -513.0684, -707.8460, 150.5982,  0, 0, 0
L -513.0684, -707.8460, 150.5982,  -522.5115, -697.4016, 150.4621,  0, 0, 0
L -522.5115, -697.4016, 150.4621,  -532.7208, -692.7755, 150.4569,  0, 0, 0
L -532.7208, -692.7755, 150.4569,  -531.9493, -685.0049, 149.7180,  0, 0, 0
L -531.9493, -685.0049, 149.7180,  -548.4035, -682.5729, 150.5705,  0, 0, 0
L -548.4035, -682.5729, 150.5705,  -563.7570, -693.0569, 150.1008,  0, 0, 0
L -563.7570, -693.0569, 150.1008,  -573.9576, -691.6392, 149.0560,  0, 0, 0
L -573.9576, -691.6392, 149.0560,  -585.6187, -700.0652, 150.0488,  0, 0, 0
L -585.6187, -700.0652, 150.0488,  -581.1410, -716.1201, 150.9177,  0, 0, 0
L -581.1410, -716.1201, 150.9177,  -575.2642, -727.5985, 150.7377,  0, 0, 0
L -575.2642, -727.5985, 150.7377,  -580.1045, -741.5432, 152.0553,  0, 0, 0
L -580.1045, -741.5432, 152.0553,  -571.5970, -752.0451, 152.2528,  0, 0, 0
L -571.5970, -752.0451, 152.2528,  -557.1623, -755.0307, 150.9574,  0, 0, 0
L -557.1623, -755.0307, 150.9574,  -551.1124, -748.5652, 150.6604,  0, 0, 0
P 3.7117, -9.0628, -0.7341,  240, 0, 0,  3,  to_Plane_of_Tranquility
P -1234.4845, 839.0102, 224.8696,  240, 0, 0,  3,  to_Plane_of_Smoke
P 7.3145, 1104.9186, 233.5286,  240, 0, 0,  3,  to_Esianti:_Palace_of_the_Winds
P 647.2670, 359.8315, 237.9503,  0, 127, 127,  2,  Dusky_Iron_Meditation_(Quests)
P -408.7792, 90.0582, 89.4798,  0, 0, 0,  2,  Soaring_Moon
P -939.7504, -12.3384, 277.1502,  0, 0, 0,  2,  Udex_Sword_of_the_Slicing_Wind
P -682.9406, 78.7054, 235.9489,  0, 127, 127,  2,  Great_Sky_Ocean_(Mission)
P -689.6682, 118.7258, 237.1449,  0, 0, 0,  2,  Elexandra_West
P -139.1480, -156.7100, 49.0629,  0, 127, 0,  2,  Sagacious_Great_Jade_(Merchant)
P 76.5669, -426.8028, 244.1105,  0, 0, 0,  2,  Cold_Cloud_Blossom
P 68.9412, -423.4085, 244.1105,  0, 0, 0,  2,  Misery_Gleam
P -412.3656, -372.1451, 187.5413,  0, 0, 0,  2,  Still_Ore
P -1282.4788, 888.8772, 224.8696,  0, 0, 0,  2,  All_Dream's_Weaver
P -147.5916, -158.7733, 51.0205,  0, 127, 127,  2,  Grieving_Soul_Scent_(Quests)
P -513.2667, 885.6365, 178.5890,  0, 0, 0,  2,  Ashen_Wandering_Horizon
P 661.1761, 321.5664, 235.9510,  0, 0, 0,  2,  Ignacio_Tindletwine
P 189.4726, 122.5072, 165.2398,  0, 127, 127,  2,  Rianar_Gadliun_(Quests)
P -365.0178, 53.0976, 88.7900,  0, 127, 127,  2,  Iron_Lightning_Spirit_(Quests)
P 175.6991, -31.8835, 185.3567,  0, 0, 0,  2,  Bloom
P 170.1644, -43.4553, 185.3567,  0, 0, 0,  2,  Burst
P 161.2693, -37.6690, 185.3567,  0, 0, 0,  2,  Erupt
P -33.4247, -53.0460, 5.1214,  0, 0, 0,  2,  Sunset's_Moue
P -178.5852, -163.0495, 50.9209,  0, 240, 240,  2,  Warm_Cloud_Auger_(Raid)
P -188.3382, -147.1698, 50.8672,  0, 240, 240,  2,  Unraveling_Conciousness_Blue_(Raid)
P -667.0662, 63.8989, 236.6045,  0, 240, 240,  2,  Masterful_Azure_Heavens_(Raid)
