P -56.0000, 108.0000, 20.0000, 255, 0, 0, 3, to_Katta_Castrum
P 45.0000, 608.0000, -274.0000, 255, 255, 0, 2, Elevator_(to_third_lvl)
P 671.0000, 465.0000, -211.0000, 128, 64, 0, 2, Phyrael_Mollotus_(Named)
P 229.0000, -783.0000, -66.0000, 128, 64, 0, 2, Wavecrasher_(Named)
P -47.9131, 720.8889, -208.8541, 255, 255, 255, 2, Upper_Central_Lab_Room
P -46.9249, 747.9077, -274.4264, 128, 64, 0, 2, Middle_Central_Lab_Room
P -17.0630, 778.3900, -342.7304, 128, 64, 0, 2, Lower_Central_Lab_Room
P -539.7977, 856.9338, -351.8255, 128, 64, 0, 2, Southern_Cells
P -539.7883, 685.8743, -349.1913, 128, 64, 0, 2, Northern_Cells
P -776.7029, -110.5120, -189.4503, 128, 64, 0, 2, Statue_of_Prexus
P -39.9903, -932.3147, -64.4514, 128, 64, 0, 2, Anteroom

