L 1000.0, 0.0, 0.0, 1000.0, -50.0, 0.0, 255, 0, 0
L -20.0, 50.0, 0.0, -50.0, 20.0, 0.0, 255, 0, 0
L 50.0, 20.0, 0.0, 20.0, 50.0, 0.0, 255, 0, 0
L 20.0, -50.0, 0.0, 50.0, -20.0, 0.0, 255, 0, 0
L -50.0, -20.0, 0.0, -20.0, -50.0, 0.0, 255, 0, 0
L -50.0, 20.0, 0.0, -50.0, -20.0, 0.0, 255, 0, 0
L 20.0, 50.0, 0.0, -20.0, 50.0, 0.0, 255, 0, 0
L 50.0, -20.0, 0.0, 50.0, 20.0, 0.0, 255, 0, 0
L -20.0, -50.0, 0.0, 20.0, -50.0, 0.0, 255, 0, 0
L 580.0, -20.0, 0.0, 540.0, -20.0, 0.0, 255, 0, 0
L 580.0, -90.0, 0.0, 580.0, -20.0, 0.0, 255, 0, 0
L 540.0, -90.0, 0.0, 580.0, -90.0, 0.0, 255, 0, 0
L 540.0, -20.0, 0.0, 540.0, -90.0, 0.0, 255, 0, 0
L 520.0, -20.0, 0.0, 480.0, -20.0, 0.0, 255, 0, 0
L 520.0, -90.0, 0.0, 520.0, -20.0, 0.0, 255, 0, 0
L 480.0, -90.0, 0.0, 520.0, -90.0, 0.0, 255, 0, 0
L 480.0, -20.0, 0.0, 480.0, -90.0, 0.0, 255, 0, 0
L 460.0, -90.0, 0.0, 450.0, -80.0, 0.0, 255, 0, 0
L 460.0, -20.0, 0.0, 460.0, -90.0, 0.0, 255, 0, 0
L 0.0, -250.0, 0.0, 0.0, 250.0, 0.0, 255, 0, 0
L -250.0, 0.0, 0.0, 1000.0, 0.0, 0.0, 255, 0, 0
L -120.0, -80.0, 0.0, -120.0, -60.0, 0.0, 255, 0, 0
L -120.0, -60.0, 0.0, -120.0, -40.0, 0.0, 255, 0, 0
L -100.0, -60.0, 0.0, -120.0, -60.0, 0.0, 255, 0, 0
L -120.0, -60.0, 0.0, -140.0, -60.0, 0.0, 255, 0, 0
L -90.0, -50.0, 0.0, -100.0, -30.0, 0.0, 255, 0, 0
L -60.0, -80.0, 0.0, -60.0, -60.0, 0.0, 255, 0, 0
L -60.0, -60.0, 0.0, -60.0, -40.0, 0.0, 255, 0, 0
L -40.0, -60.0, 0.0, -60.0, -60.0, 0.0, 255, 0, 0
L -60.0, -60.0, 0.0, -80.0, -60.0, 0.0, 255, 0, 0
L 100.0, 60.0, 0.0, 120.0, 60.0, 0.0, 255, 0, 0
L 120.0, 60.0, 0.0, 140.0, 60.0, 0.0, 255, 0, 0
L 90.0, 70.0, 0.0, 80.0, 90.0, 0.0, 255, 0, 0
L 40.0, 60.0, 0.0, 60.0, 60.0, 0.0, 255, 0, 0
L 60.0, 60.0, 0.0, 80.0, 60.0, 0.0, 255, 0, 0
L -100.0, 60.0, 0.0, -120.0, 60.0, 0.0, 255, 0, 0
L -120.0, 60.0, 0.0, -140.0, 60.0, 0.0, 255, 0, 0
L -90.0, 70.0, 0.0, -100.0, 90.0, 0.0, 255, 0, 0
L -60.0, 80.0, 0.0, -60.0, 60.0, 0.0, 255, 0, 0
L -60.0, 60.0, 0.0, -60.0, 40.0, 0.0, 255, 0, 0
L -40.0, 60.0, 0.0, -60.0, 60.0, 0.0, 255, 0, 0
L -60.0, 60.0, 0.0, -80.0, 60.0, 0.0, 255, 0, 0
L 100.0, -60.0, 0.0, 120.0, -60.0, 0.0, 255, 0, 0
L 120.0, -60.0, 0.0, 140.0, -60.0, 0.0, 255, 0, 0
L 90.0, -50.0, 0.0, 80.0, -30.0, 0.0, 255, 0, 0
L 60.0, -80.0, 0.0, 60.0, -60.0, 0.0, 255, 0, 0
L 60.0, -60.0, 0.0, 60.0, -40.0, 0.0, 255, 0, 0
L 40.0, -60.0, 0.0, 60.0, -60.0, 0.0, 255, 0, 0
L 60.0, -60.0, 0.0, 80.0, -60.0, 0.0, 255, 0, 0
L 599.0, -90.0, 0.0, 637.3, -90.0, 0.0, 255, 0, 0
L 599.0, -20.0, 0.0, 637.3, -20.0, 0.0, 255, 0, 0
L 599.0, -90.0, 0.0, 599.0, -20.0, 0.0, 255, 0, 0
L 637.3, -90.0, 0.0, 637.3, -20.0, 0.0, 255, 0, 0
L 1000, 1700, 0, 1000, 1760, 0, 0, 0, 0
L 1040, 1760, 0, 1000, 1760, 0, 0, 0, 0
L 1060, 1730, 0, 1090, 1730, 0, 0, 0, 0
L 1060, 1760, 0, 1090, 1760, 0, 0, 0, 0
L 1060, 1700, 0, 1060, 1760, 0, 0, 0, 0
L 1090, 1700, 0, 1060, 1700, 0, 0, 0, 0
L 1140, 1760, 0, 1110, 1760, 0, 0, 0, 0
L 1110, 1700, 0, 1140, 1700, 0, 0, 0, 0
L 1110, 1760, 0, 1110, 1700, 0, 0, 0, 0
L 1140, 1760, 0, 1140, 1730, 0, 0, 0, 0
L 1140, 1730, 0, 1120, 1730, 0, 0, 0, 0
L 1160, 1730, 0, 1190, 1730, 0, 0, 0, 0
L 1160, 1760, 0, 1190, 1760, 0, 0, 0, 0
L 1160, 1700, 0, 1160, 1760, 0, 0, 0, 0
L 1190, 1700, 0, 1160, 1700, 0, 0, 0, 0
L 1240, 1760, 0, 1240, 1700, 0, 0, 0, 0
L 1210, 1700, 0, 1240, 1760, 0, 0, 0, 0
L 1210, 1760, 0, 1210, 1700, 0, 0, 0, 0
L 1270, 1760, 0, 1270, 1700, 0, 0, 0, 0
L 1280, 1760, 0, 1260, 1760, 0, 0, 0, 0
L 1290, 1730, 0, 1280, 1760, 0, 0, 0, 0
L 1280, 1700, 0, 1290, 1730, 0, 0, 0, 0
L 1260, 1700, 0, 1280, 1700, 0, 0, 0, 0
L 1000, 1870, 0, 1060, 1870, 0, 0, 0, 0
L 1000, 1790, 0, 1060, 1790, 0, 0, 0, 0
L 1030, 1843, 0, 1030, 1817, 0, 205, 133, 63
L 1060, 1870, 0, 1120, 1870, 0, 0, 0, 0
L 1060, 1870, 0, 1060, 1843, 0, 205, 133, 63
L 1030, 1843, 0, 1090, 1843, 0, 205, 133, 63
L 1030, 1817, 0, 1060, 1817, 0, 205, 133, 63
L 1060, 1817, 0, 1090, 1817, 0, 205, 133, 63
L 1060, 1790, 0, 1120, 1790, 0, 0, 0, 0
L 1060, 1817, 0, 1060, 1790, 0, 205, 133, 63
L 1090, 1843, 0, 1090, 1817, 0, 205, 133, 63
L 1170, 1860, 0, 1170, 1800, 0, 0, 0, 0
L 1180, 1860, 0, 1160, 1860, 0, 0, 0, 0
L 1190, 1830, 0, 1180, 1860, 0, 0, 0, 0
L 1180, 1800, 0, 1190, 1830, 0, 0, 0, 0
L 1160, 1800, 0, 1180, 1800, 0, 0, 0, 0
L 1210, 1800, 0, 1240, 1800, 0, 0, 0, 0
L 1210, 1860, 0, 1240, 1860, 0, 0, 0, 0
L 1210, 1800, 0, 1210, 1860, 0, 0, 0, 0
L 1240, 1800, 0, 1240, 1860, 0, 0, 0, 0
L 1260, 1800, 0, 1290, 1800, 0, 0, 0, 0
L 1260, 1860, 0, 1290, 1860, 0, 0, 0, 0
L 1260, 1800, 0, 1260, 1860, 0, 0, 0, 0
L 1290, 1800, 0, 1290, 1860, 0, 0, 0, 0
L 1310, 1800, 0, 1310, 1830, 0, 0, 0, 0
L 1310, 1830, 0, 1310, 1860, 0, 0, 0, 0
L 1310, 1830, 0, 1330, 1830, 0, 0, 0, 0
L 1350, 1830, 0, 1350, 1800, 0, 0, 0, 0
L 1310, 1800, 0, 1350, 1800, 0, 0, 0, 0
L 1330, 1830, 0, 1350, 1830, 0, 0, 0, 0
L 1350, 1860, 0, 1330, 1830, 0, 0, 0, 0
L 1000, 1910, 0, 1000, 1940, 0, 255, 210, 0
L 1000, 1910, 0, 1020, 1910, 0, 255, 210, 0
L 1020, 1970, 0, 1000, 1970, 0, 255, 210, 0
L 1000, 1940, 0, 1000, 1970, 0, 255, 210, 0
L 1020, 1940, 0, 1000, 1940, 0, 255, 210, 0
L 1020, 1940, 0, 1040, 1925, 0, 255, 210, 0
L 1020, 1910, 0, 1040, 1925, 0, 255, 210, 0
L 1020, 1940, 0, 1040, 1955, 0, 255, 210, 0
L 1040, 1955, 0, 1020, 1970, 0, 255, 210, 0
L 1070, 1940, 0, 1090, 1940, 0, 255, 210, 0
L 1080, 1910, 0, 1100, 1970, 0, 255, 210, 0
L 1060, 1970, 0, 1080, 1910, 0, 255, 210, 0
L 1150, 1970, 0, 1150, 1910, 0, 255, 210, 0
L 1120, 1910, 0, 1150, 1970, 0, 255, 210, 0
L 1120, 1970, 0, 1120, 1910, 0, 255, 210, 0
L 1170, 1910, 0, 1170, 1940, 0, 255, 210, 0
L 1170, 1940, 0, 1170, 1970, 0, 255, 210, 0
L 1170, 1940, 0, 1210, 1970, 0, 255, 210, 0
L 1170, 1940, 0, 1210, 1910, 0, 255, 210, 0
L 1230, 1940, 0, 1260, 1940, 0, 255, 210, 0
L 1230, 1970, 0, 1260, 1970, 0, 255, 210, 0
L 1230, 1910, 0, 1230, 1970, 0, 255, 210, 0
L 1260, 1910, 0, 1230, 1910, 0, 255, 210, 0
L 1280, 1910, 0, 1280, 1940, 0, 255, 210, 0
L 1280, 1940, 0, 1280, 1970, 0, 255, 210, 0
L 1280, 1940, 0, 1300, 1940, 0, 255, 210, 0
L 1320, 1940, 0, 1320, 1910, 0, 255, 210, 0
L 1280, 1910, 0, 1320, 1910, 0, 255, 210, 0
L 1300, 1940, 0, 1320, 1940, 0, 255, 210, 0
L 1320, 1970, 0, 1300, 1940, 0, 255, 210, 0
L 1030, 2060, 0, 1000, 2060, 0, 255, 255, 255
L 1000, 2000, 0, 1030, 2000, 0, 255, 255, 255
L 1000, 2060, 0, 1000, 2000, 0, 255, 255, 255
L 1050, 2000, 0, 1080, 2000, 0, 255, 255, 255
L 1050, 2060, 0, 1080, 2060, 0, 255, 255, 255
L 1050, 2000, 0, 1050, 2060, 0, 255, 255, 255
L 1080, 2000, 0, 1080, 2060, 0, 255, 255, 255
L 1140, 2000, 0, 1140, 2060, 0, 255, 255, 255
L 1120, 2030, 0, 1140, 2000, 0, 255, 255, 255
L 1100, 2000, 0, 1120, 2030, 0, 255, 255, 255
L 1100, 2060, 0, 1100, 2000, 0, 255, 255, 255
L 1200, 2000, 0, 1200, 2060, 0, 255, 255, 255
L 1180, 2030, 0, 1200, 2000, 0, 255, 255, 255
L 1160, 2000, 0, 1180, 2030, 0, 255, 255, 255
L 1160, 2060, 0, 1160, 2000, 0, 255, 255, 255
L 1220, 2030, 0, 1250, 2030, 0, 255, 255, 255
L 1220, 2060, 0, 1250, 2060, 0, 255, 255, 255
L 1220, 2000, 0, 1220, 2060, 0, 255, 255, 255
L 1250, 2000, 0, 1220, 2000, 0, 255, 255, 255
L 1300, 2060, 0, 1300, 2000, 0, 255, 255, 255
L 1270, 2000, 0, 1300, 2060, 0, 255, 255, 255
L 1270, 2060, 0, 1270, 2000, 0, 255, 255, 255
L 1340, 2000, 0, 1340, 2060, 0, 255, 255, 255
L 1320, 2000, 0, 1360, 2000, 0, 255, 255, 255
L 1030, 2150, 0, 1000, 2150, 0, 0, 0, 0
L 1000, 2090, 0, 1030, 2090, 0, 0, 0, 0
L 1000, 2150, 0, 1000, 2090, 0, 0, 0, 0
L 1030, 2150, 0, 1030, 2120, 0, 0, 0, 0
L 1030, 2120, 0, 1010, 2120, 0, 0, 0, 0
L 1050, 2120, 0, 1080, 2120, 0, 0, 0, 0
L 1050, 2150, 0, 1080, 2150, 0, 0, 0, 0
L 1050, 2090, 0, 1050, 2150, 0, 0, 0, 0
L 1080, 2090, 0, 1050, 2090, 0, 0, 0, 0
L 1130, 2150, 0, 1130, 2090, 0, 0, 0, 0
L 1100, 2090, 0, 1130, 2150, 0, 0, 0, 0
L 1100, 2150, 0, 1100, 2090, 0, 0, 0, 0
L 1150, 2120, 0, 1180, 2120, 0, 0, 0, 0
L 1150, 2150, 0, 1180, 2150, 0, 0, 0, 0
L 1150, 2090, 0, 1150, 2150, 0, 0, 0, 0
L 1180, 2090, 0, 1150, 2090, 0, 0, 0, 0
L 1200, 2090, 0, 1200, 2120, 0, 0, 0, 0
L 1200, 2120, 0, 1200, 2150, 0, 0, 0, 0
L 1200, 2120, 0, 1220, 2120, 0, 0, 0, 0
L 1240, 2120, 0, 1240, 2090, 0, 0, 0, 0
L 1200, 2090, 0, 1240, 2090, 0, 0, 0, 0
L 1220, 2120, 0, 1240, 2120, 0, 0, 0, 0
L 1240, 2150, 0, 1220, 2120, 0, 0, 0, 0
L 1270, 2120, 0, 1290, 2120, 0, 0, 0, 0
L 1280, 2090, 0, 1300, 2150, 0, 0, 0, 0
L 1260, 2150, 0, 1280, 2090, 0, 0, 0, 0
L 1320, 2090, 0, 1320, 2150, 0, 0, 0, 0
L 1360, 2150, 0, 1320, 2150, 0, 0, 0, 0
L 1030, 2240, 0, 1000, 2240, 0, 0, 0, 255
L 1000, 2180, 0, 1030, 2180, 0, 0, 0, 255
L 1000, 2240, 0, 1000, 2180, 0, 0, 0, 255
L 1030, 2240, 0, 1030, 2210, 0, 0, 0, 255
L 1030, 2210, 0, 1010, 2210, 0, 0, 0, 255
L 1050, 2180, 0, 1050, 2210, 0, 0, 0, 255
L 1050, 2210, 0, 1050, 2240, 0, 0, 0, 255
L 1050, 2210, 0, 1070, 2210, 0, 0, 0, 255
L 1090, 2210, 0, 1090, 2180, 0, 0, 0, 255
L 1050, 2180, 0, 1090, 2180, 0, 0, 0, 255
L 1070, 2210, 0, 1090, 2210, 0, 0, 0, 255
L 1090, 2240, 0, 1070, 2210, 0, 0, 0, 255
L 1110, 2180, 0, 1140, 2180, 0, 0, 0, 255
L 1110, 2240, 0, 1140, 2240, 0, 0, 0, 255
L 1110, 2180, 0, 1110, 2240, 0, 0, 0, 255
L 1140, 2180, 0, 1140, 2240, 0, 0, 0, 255
L 1200, 2180, 0, 1200, 2240, 0, 0, 0, 255
L 1160, 2180, 0, 1160, 2240, 0, 0, 0, 255
L 1160, 2240, 0, 1200, 2240, 0, 0, 0, 255
L 1250, 2240, 0, 1250, 2180, 0, 0, 0, 255
L 1220, 2180, 0, 1250, 2240, 0, 0, 0, 255
L 1220, 2240, 0, 1220, 2180, 0, 0, 0, 255
L 1280, 2240, 0, 1280, 2180, 0, 0, 0, 255
L 1290, 2240, 0, 1270, 2240, 0, 0, 0, 255
L 1300, 2210, 0, 1290, 2240, 0, 0, 0, 255
L 1290, 2180, 0, 1300, 2210, 0, 0, 0, 255
L 1270, 2180, 0, 1290, 2180, 0, 0, 0, 255
L 1380, 2180, 0, 1380, 2210, 0, 0, 0, 255
L 1380, 2240, 0, 1420, 2240, 0, 0, 0, 255
L 1420, 2210, 0, 1380, 2210, 0, 0, 0, 255
L 1380, 2180, 0, 1420, 2180, 0, 0, 0, 255
L 1420, 2210, 0, 1420, 2240, 0, 0, 0, 255
L 1470, 2210, 0, 1440, 2210, 0, 0, 0, 255
L 1470, 2180, 0, 1470, 2210, 0, 0, 0, 255
L 1440, 2180, 0, 1470, 2180, 0, 0, 0, 255
L 1440, 2240, 0, 1440, 2180, 0, 0, 0, 255
L 1500, 2210, 0, 1520, 2210, 0, 0, 0, 255
L 1510, 2180, 0, 1530, 2240, 0, 0, 0, 255
L 1490, 2240, 0, 1510, 2180, 0, 0, 0, 255
L 1580, 2240, 0, 1590, 2180, 0, 0, 0, 255
L 1570, 2210, 0, 1580, 2240, 0, 0, 0, 255
L 1560, 2240, 0, 1570, 2210, 0, 0, 0, 255
L 1550, 2180, 0, 1560, 2240, 0, 0, 0, 255
L 1640, 2240, 0, 1640, 2180, 0, 0, 0, 255
L 1610, 2180, 0, 1640, 2240, 0, 0, 0, 255
L 1610, 2240, 0, 1610, 2180, 0, 0, 0, 255
L 1030, 2330, 0, 1000, 2330, 0, 128, 128, 128
L 1000, 2270, 0, 1030, 2270, 0, 128, 128, 128
L 1000, 2330, 0, 1000, 2270, 0, 128, 128, 128
L 1030, 2330, 0, 1030, 2300, 0, 128, 128, 128
L 1030, 2300, 0, 1010, 2300, 0, 128, 128, 128
L 1090, 2270, 0, 1090, 2330, 0, 128, 128, 128
L 1050, 2270, 0, 1050, 2330, 0, 128, 128, 128
L 1050, 2330, 0, 1090, 2330, 0, 128, 128, 128
L 1110, 2270, 0, 1110, 2330, 0, 128, 128, 128
L 1130, 2270, 0, 1130, 2330, 0, 128, 128, 128
L 1170, 2330, 0, 1130, 2330, 0, 128, 128, 128
L 1200, 2330, 0, 1200, 2270, 0, 128, 128, 128
L 1210, 2330, 0, 1190, 2330, 0, 128, 128, 128
L 1220, 2300, 0, 1210, 2330, 0, 128, 128, 128
L 1210, 2270, 0, 1220, 2300, 0, 128, 128, 128
L 1190, 2270, 0, 1210, 2270, 0, 128, 128, 128
L 1340, 2270, 0, 1340, 2330, 0, 128, 128, 128
L 1320, 2300, 0, 1340, 2270, 0, 128, 128, 128
L 1300, 2270, 0, 1320, 2300, 0, 128, 128, 128
L 1300, 2330, 0, 1300, 2270, 0, 128, 128, 128
L 1370, 2300, 0, 1390, 2300, 0, 128, 128, 128
L 1380, 2270, 0, 1400, 2330, 0, 128, 128, 128
L 1360, 2330, 0, 1380, 2270, 0, 128, 128, 128
L 1420, 2270, 0, 1420, 2300, 0, 128, 128, 128
L 1420, 2330, 0, 1460, 2330, 0, 128, 128, 128
L 1460, 2300, 0, 1420, 2300, 0, 128, 128, 128
L 1420, 2270, 0, 1460, 2270, 0, 128, 128, 128
L 1460, 2300, 0, 1460, 2330, 0, 128, 128, 128
L 1500, 2270, 0, 1500, 2330, 0, 128, 128, 128
L 1480, 2270, 0, 1520, 2270, 0, 128, 128, 128
L 1540, 2300, 0, 1570, 2300, 0, 128, 128, 128
L 1540, 2330, 0, 1570, 2330, 0, 128, 128, 128
L 1540, 2270, 0, 1540, 2330, 0, 128, 128, 128
L 1570, 2270, 0, 1540, 2270, 0, 128, 128, 128
L 1590, 2270, 0, 1590, 2300, 0, 128, 128, 128
L 1590, 2300, 0, 1590, 2330, 0, 128, 128, 128
L 1590, 2300, 0, 1610, 2300, 0, 128, 128, 128
L 1630, 2300, 0, 1630, 2270, 0, 128, 128, 128
L 1590, 2270, 0, 1630, 2270, 0, 128, 128, 128
L 1610, 2300, 0, 1630, 2300, 0, 128, 128, 128
L 1630, 2330, 0, 1610, 2300, 0, 128, 128, 128
L 1000, 2360, 0, 1000, 2390, 0, 127, 64, 0
L 1040, 2420, 0, 1040, 2390, 0, 127, 64, 0
L 1000, 2390, 0, 1000, 2420, 0, 127, 64, 0
L 1040, 2390, 0, 1040, 2360, 0, 127, 64, 0
L 1000, 2390, 0, 1040, 2390, 0, 127, 64, 0
L 1100, 2360, 0, 1100, 2420, 0, 127, 64, 0
L 1060, 2360, 0, 1060, 2420, 0, 127, 64, 0
L 1060, 2420, 0, 1100, 2420, 0, 127, 64, 0
L 1150, 2420, 0, 1150, 2360, 0, 127, 64, 0
L 1120, 2360, 0, 1150, 2420, 0, 127, 64, 0
L 1120, 2420, 0, 1120, 2360, 0, 127, 64, 0
L 1190, 2360, 0, 1190, 2420, 0, 127, 64, 0
L 1170, 2360, 0, 1210, 2360, 0, 127, 64, 0
L 1230, 2390, 0, 1260, 2390, 0, 127, 64, 0
L 1230, 2420, 0, 1260, 2420, 0, 127, 64, 0
L 1230, 2360, 0, 1230, 2420, 0, 127, 64, 0
L 1260, 2360, 0, 1230, 2360, 0, 127, 64, 0
L 1280, 2360, 0, 1280, 2390, 0, 127, 64, 0
L 1280, 2390, 0, 1280, 2420, 0, 127, 64, 0
L 1280, 2390, 0, 1300, 2390, 0, 127, 64, 0
L 1320, 2390, 0, 1320, 2360, 0, 127, 64, 0
L 1280, 2360, 0, 1320, 2360, 0, 127, 64, 0
L 1300, 2390, 0, 1320, 2390, 0, 127, 64, 0
L 1320, 2420, 0, 1300, 2390, 0, 127, 64, 0
L 1040, 2450, 0, 1040, 2510, 0, 0, 127, 0
L 1020, 2480, 0, 1040, 2450, 0, 0, 127, 0
L 1000, 2450, 0, 1020, 2480, 0, 0, 127, 0
L 1000, 2510, 0, 1000, 2450, 0, 0, 127, 0
L 1060, 2480, 0, 1090, 2480, 0, 0, 127, 0
L 1060, 2510, 0, 1090, 2510, 0, 0, 127, 0
L 1060, 2450, 0, 1060, 2510, 0, 0, 127, 0
L 1090, 2450, 0, 1060, 2450, 0, 0, 127, 0
L 1110, 2450, 0, 1110, 2480, 0, 0, 127, 0
L 1110, 2480, 0, 1110, 2510, 0, 0, 127, 0
L 1110, 2480, 0, 1130, 2480, 0, 0, 127, 0
L 1150, 2480, 0, 1150, 2450, 0, 0, 127, 0
L 1110, 2450, 0, 1150, 2450, 0, 0, 127, 0
L 1130, 2480, 0, 1150, 2480, 0, 0, 127, 0
L 1150, 2510, 0, 1130, 2480, 0, 0, 127, 0
L 1200, 2510, 0, 1170, 2510, 0, 0, 127, 0
L 1170, 2450, 0, 1200, 2450, 0, 0, 127, 0
L 1170, 2510, 0, 1170, 2450, 0, 0, 127, 0
L 1220, 2450, 0, 1220, 2480, 0, 0, 127, 0
L 1260, 2510, 0, 1260, 2480, 0, 0, 127, 0
L 1220, 2480, 0, 1220, 2510, 0, 0, 127, 0
L 1260, 2480, 0, 1260, 2450, 0, 0, 127, 0
L 1220, 2480, 0, 1260, 2480, 0, 0, 127, 0
L 1290, 2480, 0, 1310, 2480, 0, 0, 127, 0
L 1300, 2450, 0, 1320, 2510, 0, 0, 127, 0
L 1280, 2510, 0, 1300, 2450, 0, 0, 127, 0
L 1370, 2510, 0, 1370, 2450, 0, 0, 127, 0
L 1340, 2450, 0, 1370, 2510, 0, 0, 127, 0
L 1340, 2510, 0, 1340, 2450, 0, 0, 127, 0
L 1410, 2450, 0, 1410, 2510, 0, 0, 127, 0
L 1390, 2450, 0, 1430, 2450, 0, 0, 127, 0
L 1040, 2540, 0, 1040, 2600, 0, 0, 127, 127
L 1020, 2570, 0, 1040, 2540, 0, 0, 127, 127
L 1000, 2540, 0, 1020, 2570, 0, 0, 127, 127
L 1000, 2600, 0, 1000, 2540, 0, 0, 127, 127
L 1060, 2540, 0, 1060, 2600, 0, 0, 127, 127
L 1080, 2540, 0, 1080, 2570, 0, 0, 127, 127
L 1080, 2600, 0, 1120, 2600, 0, 0, 127, 127
L 1120, 2570, 0, 1080, 2570, 0, 0, 127, 127
L 1080, 2540, 0, 1120, 2540, 0, 0, 127, 127
L 1120, 2570, 0, 1120, 2600, 0, 0, 127, 127
L 1140, 2540, 0, 1140, 2570, 0, 0, 127, 127
L 1140, 2600, 0, 1180, 2600, 0, 0, 127, 127
L 1180, 2570, 0, 1140, 2570, 0, 0, 127, 127
L 1140, 2540, 0, 1180, 2540, 0, 0, 127, 127
L 1180, 2570, 0, 1180, 2600, 0, 0, 127, 127
L 1200, 2540, 0, 1200, 2600, 0, 0, 127, 127
L 1220, 2540, 0, 1250, 2540, 0, 0, 127, 127
L 1220, 2600, 0, 1250, 2600, 0, 0, 127, 127
L 1220, 2540, 0, 1220, 2600, 0, 0, 127, 127
L 1250, 2540, 0, 1250, 2600, 0, 0, 127, 127
L 1300, 2600, 0, 1300, 2540, 0, 0, 127, 127
L 1270, 2540, 0, 1300, 2600, 0, 0, 127, 127
L 1270, 2600, 0, 1270, 2540, 0, 0, 127, 127
L 1030, 2690, 0, 1030, 2630, 0, 127, 64, 0
L 1000, 2630, 0, 1030, 2690, 0, 127, 64, 0
L 1000, 2690, 0, 1000, 2630, 0, 127, 64, 0
L 1060, 2660, 0, 1080, 2660, 0, 127, 64, 0
L 1070, 2630, 0, 1090, 2690, 0, 127, 64, 0
L 1050, 2690, 0, 1070, 2630, 0, 127, 64, 0
L 1150, 2630, 0, 1150, 2690, 0, 127, 64, 0
L 1130, 2660, 0, 1150, 2630, 0, 127, 64, 0
L 1110, 2630, 0, 1130, 2660, 0, 127, 64, 0
L 1110, 2690, 0, 1110, 2630, 0, 127, 64, 0
L 1170, 2660, 0, 1200, 2660, 0, 127, 64, 0
L 1170, 2690, 0, 1200, 2690, 0, 127, 64, 0
L 1170, 2630, 0, 1170, 2690, 0, 127, 64, 0
L 1200, 2630, 0, 1170, 2630, 0, 127, 64, 0
L 1230, 2690, 0, 1230, 2630, 0, 127, 64, 0
L 1240, 2690, 0, 1220, 2690, 0, 127, 64, 0
L 1250, 2660, 0, 1240, 2690, 0, 127, 64, 0
L 1240, 2630, 0, 1250, 2660, 0, 127, 64, 0
L 1220, 2630, 0, 1240, 2630, 0, 127, 64, 0
L 1030, 2750, 0, 1000, 2750, 0, 0, 255, 0
L 1030, 2720, 0, 1030, 2750, 0, 0, 255, 0
L 1000, 2720, 0, 1030, 2720, 0, 0, 255, 0
L 1000, 2780, 0, 1000, 2720, 0, 0, 255, 0
L 1060, 2750, 0, 1080, 2750, 0, 0, 255, 0
L 1070, 2720, 0, 1090, 2780, 0, 0, 255, 0
L 1050, 2780, 0, 1070, 2720, 0, 0, 255, 0
L 1110, 2720, 0, 1110, 2750, 0, 0, 255, 0
L 1110, 2750, 0, 1110, 2780, 0, 0, 255, 0
L 1110, 2750, 0, 1130, 2750, 0, 0, 255, 0
L 1150, 2750, 0, 1150, 2720, 0, 0, 255, 0
L 1110, 2720, 0, 1150, 2720, 0, 0, 255, 0
L 1130, 2750, 0, 1150, 2750, 0, 0, 255, 0
L 1150, 2780, 0, 1130, 2750, 0, 0, 255, 0
L 1200, 2780, 0, 1170, 2780, 0, 0, 255, 0
L 1170, 2720, 0, 1200, 2720, 0, 0, 255, 0
L 1170, 2780, 0, 1170, 2720, 0, 0, 255, 0
L 1220, 2750, 0, 1250, 2750, 0, 0, 255, 0
L 1220, 2780, 0, 1250, 2780, 0, 0, 255, 0
L 1220, 2720, 0, 1220, 2780, 0, 0, 255, 0
L 1250, 2720, 0, 1220, 2720, 0, 0, 255, 0
L 1270, 2720, 0, 1270, 2780, 0, 0, 255, 0
L 1310, 2780, 0, 1270, 2780, 0, 0, 255, 0
L 1330, 2720, 0, 1330, 2750, 0, 0, 255, 0
L 1330, 2780, 0, 1370, 2780, 0, 0, 255, 0
L 1370, 2750, 0, 1330, 2750, 0, 0, 255, 0
L 1330, 2720, 0, 1370, 2720, 0, 0, 255, 0
L 1370, 2750, 0, 1370, 2780, 0, 0, 255, 0
L 1000, 2810, 0, 1000, 2840, 0, 0, 240, 240
L 1000, 2840, 0, 1000, 2870, 0, 0, 240, 240
L 1000, 2840, 0, 1020, 2840, 0, 0, 240, 240
L 1040, 2840, 0, 1040, 2810, 0, 0, 240, 240
L 1000, 2810, 0, 1040, 2810, 0, 0, 240, 240
L 1020, 2840, 0, 1040, 2840, 0, 0, 240, 240
L 1040, 2870, 0, 1020, 2840, 0, 0, 240, 240
L 1070, 2840, 0, 1090, 2840, 0, 0, 240, 240
L 1080, 2810, 0, 1100, 2870, 0, 0, 240, 240
L 1060, 2870, 0, 1080, 2810, 0, 0, 240, 240
L 1120, 2810, 0, 1120, 2870, 0, 0, 240, 240
L 1150, 2870, 0, 1150, 2810, 0, 0, 240, 240
L 1160, 2870, 0, 1140, 2870, 0, 0, 240, 240
L 1170, 2840, 0, 1160, 2870, 0, 0, 240, 240
L 1160, 2810, 0, 1170, 2840, 0, 0, 240, 240
L 1140, 2810, 0, 1160, 2810, 0, 0, 240, 240
L 1000, 2900, 0, 1000, 2930, 0, 0, 255, 0
L 1000, 2960, 0, 1040, 2960, 0, 0, 255, 0
L 1040, 2930, 0, 1000, 2930, 0, 0, 255, 0
L 1000, 2900, 0, 1040, 2900, 0, 0, 255, 0
L 1040, 2930, 0, 1040, 2960, 0, 0, 255, 0
L 1090, 2930, 0, 1060, 2930, 0, 0, 255, 0
L 1090, 2900, 0, 1090, 2930, 0, 0, 255, 0
L 1060, 2900, 0, 1090, 2900, 0, 0, 255, 0
L 1060, 2960, 0, 1060, 2900, 0, 0, 255, 0
L 1110, 2930, 0, 1140, 2930, 0, 0, 255, 0
L 1110, 2960, 0, 1140, 2960, 0, 0, 255, 0
L 1110, 2900, 0, 1110, 2960, 0, 0, 255, 0
L 1140, 2900, 0, 1110, 2900, 0, 0, 255, 0
L 1190, 2960, 0, 1160, 2960, 0, 0, 255, 0
L 1160, 2900, 0, 1190, 2900, 0, 0, 255, 0
L 1160, 2960, 0, 1160, 2900, 0, 0, 255, 0
L 1210, 2900, 0, 1210, 2960, 0, 0, 255, 0
L 1240, 2930, 0, 1260, 2930, 0, 0, 255, 0
L 1250, 2900, 0, 1270, 2960, 0, 0, 255, 0
L 1230, 2960, 0, 1250, 2900, 0, 0, 255, 0
L 1290, 2900, 0, 1290, 2960, 0, 0, 255, 0
L 1330, 2960, 0, 1290, 2960, 0, 0, 255, 0
L 1440, 2960, 0, 1410, 2960, 0, 0, 255, 0
L 1410, 2900, 0, 1440, 2900, 0, 0, 255, 0
L 1410, 2960, 0, 1410, 2900, 0, 0, 255, 0
L 1500, 2900, 0, 1500, 2960, 0, 0, 255, 0
L 1460, 2900, 0, 1460, 2960, 0, 0, 255, 0
L 1460, 2960, 0, 1500, 2960, 0, 0, 255, 0
L 1520, 2900, 0, 1520, 2930, 0, 0, 255, 0
L 1520, 2930, 0, 1520, 2960, 0, 0, 255, 0
L 1520, 2930, 0, 1540, 2930, 0, 0, 255, 0
L 1560, 2930, 0, 1560, 2900, 0, 0, 255, 0
L 1520, 2900, 0, 1560, 2900, 0, 0, 255, 0
L 1540, 2930, 0, 1560, 2930, 0, 0, 255, 0
L 1560, 2960, 0, 1540, 2930, 0, 0, 255, 0
L 1580, 2900, 0, 1580, 2930, 0, 0, 255, 0
L 1580, 2930, 0, 1580, 2960, 0, 0, 255, 0
L 1580, 2930, 0, 1600, 2930, 0, 0, 255, 0
L 1620, 2930, 0, 1620, 2900, 0, 0, 255, 0
L 1580, 2900, 0, 1620, 2900, 0, 0, 255, 0
L 1600, 2930, 0, 1620, 2930, 0, 0, 255, 0
L 1620, 2960, 0, 1600, 2930, 0, 0, 255, 0
L 1640, 2930, 0, 1670, 2930, 0, 0, 255, 0
L 1640, 2960, 0, 1670, 2960, 0, 0, 255, 0
L 1640, 2900, 0, 1640, 2960, 0, 0, 255, 0
L 1670, 2900, 0, 1640, 2900, 0, 0, 255, 0
L 1720, 2960, 0, 1720, 2900, 0, 0, 255, 0
L 1690, 2900, 0, 1720, 2960, 0, 0, 255, 0
L 1690, 2960, 0, 1690, 2900, 0, 0, 255, 0
L 1770, 2960, 0, 1740, 2960, 0, 0, 255, 0
L 1740, 2900, 0, 1770, 2900, 0, 0, 255, 0
L 1740, 2960, 0, 1740, 2900, 0, 0, 255, 0
L 1810, 2930, 0, 1810, 2960, 0, 0, 255, 0
L 1810, 2930, 0, 1830, 2900, 0, 0, 255, 0
L 1790, 2900, 0, 1810, 2930, 0, 0, 255, 0
L 1000, 2990, 0, 1000, 3020, 0, 255, 0, 0
L 1000, 3050, 0, 1040, 3050, 0, 255, 0, 0
L 1040, 3020, 0, 1000, 3020, 0, 255, 0, 0
L 1000, 2990, 0, 1040, 2990, 0, 255, 0, 0
L 1040, 3020, 0, 1040, 3050, 0, 255, 0, 0
L 1100, 2990, 0, 1100, 3050, 0, 255, 0, 0
L 1060, 2990, 0, 1060, 3050, 0, 255, 0, 0
L 1060, 3050, 0, 1100, 3050, 0, 255, 0, 0
L 1150, 3050, 0, 1120, 3050, 0, 255, 0, 0
L 1120, 2990, 0, 1150, 2990, 0, 255, 0, 0
L 1120, 3050, 0, 1120, 2990, 0, 255, 0, 0
L 1200, 3050, 0, 1170, 3050, 0, 255, 0, 0
L 1170, 2990, 0, 1200, 2990, 0, 255, 0, 0
L 1170, 3050, 0, 1170, 2990, 0, 255, 0, 0
L 1220, 2990, 0, 1250, 2990, 0, 255, 0, 0
L 1220, 3050, 0, 1250, 3050, 0, 255, 0, 0
L 1220, 2990, 0, 1220, 3050, 0, 255, 0, 0
L 1250, 2990, 0, 1250, 3050, 0, 255, 0, 0
L 1270, 2990, 0, 1270, 3020, 0, 255, 0, 0
L 1270, 3020, 0, 1270, 3050, 0, 255, 0, 0
L 1270, 3020, 0, 1290, 3020, 0, 255, 0, 0
L 1310, 3020, 0, 1310, 2990, 0, 255, 0, 0
L 1270, 2990, 0, 1310, 2990, 0, 255, 0, 0
L 1290, 3020, 0, 1310, 3020, 0, 255, 0, 0
L 1310, 3050, 0, 1290, 3020, 0, 255, 0, 0
L 1020, 3080, 0, 1020, 3140, 0, 255, 255, 0
L 1000, 3080, 0, 1040, 3080, 0, 255, 255, 0
L 1060, 3110, 0, 1090, 3110, 0, 255, 255, 0
L 1060, 3140, 0, 1090, 3140, 0, 255, 255, 0
L 1060, 3080, 0, 1060, 3140, 0, 255, 255, 0
L 1090, 3080, 0, 1060, 3080, 0, 255, 255, 0
L 1110, 3080, 0, 1110, 3140, 0, 255, 255, 0
L 1150, 3140, 0, 1110, 3140, 0, 255, 255, 0
L 1170, 3110, 0, 1200, 3110, 0, 255, 255, 0
L 1170, 3140, 0, 1200, 3140, 0, 255, 255, 0
L 1170, 3080, 0, 1170, 3140, 0, 255, 255, 0
L 1200, 3080, 0, 1170, 3080, 0, 255, 255, 0
L 1250, 3110, 0, 1220, 3110, 0, 255, 255, 0
L 1250, 3080, 0, 1250, 3110, 0, 255, 255, 0
L 1220, 3080, 0, 1250, 3080, 0, 255, 255, 0
L 1220, 3140, 0, 1220, 3080, 0, 255, 255, 0
L 1270, 3080, 0, 1300, 3080, 0, 255, 255, 0
L 1270, 3140, 0, 1300, 3140, 0, 255, 255, 0
L 1270, 3080, 0, 1270, 3140, 0, 255, 255, 0
L 1300, 3080, 0, 1300, 3140, 0, 255, 255, 0
L 1320, 3080, 0, 1320, 3110, 0, 255, 255, 0
L 1320, 3110, 0, 1320, 3140, 0, 255, 255, 0
L 1320, 3110, 0, 1340, 3110, 0, 255, 255, 0
L 1360, 3110, 0, 1360, 3080, 0, 255, 255, 0
L 1320, 3080, 0, 1360, 3080, 0, 255, 255, 0
L 1340, 3110, 0, 1360, 3110, 0, 255, 255, 0
L 1360, 3140, 0, 1340, 3110, 0, 255, 255, 0
L 1400, 3080, 0, 1400, 3140, 0, 255, 255, 0
L 1380, 3080, 0, 1420, 3080, 0, 255, 255, 0
L 1020, 3170, 0, 1020, 3230, 0, 128, 0, 128
L 1000, 3170, 0, 1040, 3170, 0, 128, 0, 128
L 1060, 3170, 0, 1060, 3200, 0, 128, 0, 128
L 1060, 3200, 0, 1060, 3230, 0, 128, 0, 128
L 1060, 3200, 0, 1080, 3200, 0, 128, 0, 128
L 1100, 3200, 0, 1100, 3170, 0, 128, 0, 128
L 1060, 3170, 0, 1100, 3170, 0, 128, 0, 128
L 1080, 3200, 0, 1100, 3200, 0, 128, 0, 128
L 1100, 3230, 0, 1080, 3200, 0, 128, 0, 128
L 1130, 3200, 0, 1150, 3200, 0, 128, 0, 128
L 1140, 3170, 0, 1160, 3230, 0, 128, 0, 128
L 1120, 3230, 0, 1140, 3170, 0, 128, 0, 128
L 1190, 3230, 0, 1190, 3170, 0, 128, 0, 128
L 1200, 3230, 0, 1180, 3230, 0, 128, 0, 128
L 1210, 3200, 0, 1200, 3230, 0, 128, 0, 128
L 1200, 3170, 0, 1210, 3200, 0, 128, 0, 128
L 1180, 3170, 0, 1200, 3170, 0, 128, 0, 128
L 1230, 3200, 0, 1260, 3200, 0, 128, 0, 128
L 1230, 3230, 0, 1260, 3230, 0, 128, 0, 128
L 1230, 3170, 0, 1230, 3230, 0, 128, 0, 128
L 1260, 3170, 0, 1230, 3170, 0, 128, 0, 128
L 1280, 3170, 0, 1280, 3200, 0, 128, 0, 128
L 1280, 3230, 0, 1320, 3230, 0, 128, 0, 128
L 1320, 3200, 0, 1280, 3200, 0, 128, 0, 128
L 1280, 3170, 0, 1320, 3170, 0, 128, 0, 128
L 1320, 3200, 0, 1320, 3230, 0, 128, 0, 128
L 1340, 3170, 0, 1340, 3200, 0, 128, 0, 128
L 1340, 3200, 0, 1340, 3230, 0, 128, 0, 128
L 1340, 3200, 0, 1380, 3230, 0, 128, 0, 128
L 1340, 3200, 0, 1380, 3170, 0, 128, 0, 128
L 1400, 3170, 0, 1400, 3230, 0, 128, 0, 128
L 1420, 3170, 0, 1420, 3230, 0, 128, 0, 128
L 1460, 3230, 0, 1420, 3230, 0, 128, 0, 128
L 1480, 3170, 0, 1480, 3230, 0, 128, 0, 128
L 1520, 3230, 0, 1480, 3230, 0, 128, 0, 128
L 1630, 3230, 0, 1600, 3230, 0, 128, 0, 128
L 1600, 3170, 0, 1630, 3170, 0, 128, 0, 128
L 1600, 3230, 0, 1600, 3170, 0, 128, 0, 128
L 1650, 3170, 0, 1680, 3170, 0, 128, 0, 128
L 1650, 3230, 0, 1680, 3230, 0, 128, 0, 128
L 1650, 3170, 0, 1650, 3230, 0, 128, 0, 128
L 1680, 3170, 0, 1680, 3230, 0, 128, 0, 128
L 1730, 3230, 0, 1730, 3170, 0, 128, 0, 128
L 1700, 3170, 0, 1730, 3230, 0, 128, 0, 128
L 1700, 3230, 0, 1700, 3170, 0, 128, 0, 128
L 1770, 3170, 0, 1770, 3230, 0, 128, 0, 128
L 1750, 3170, 0, 1790, 3170, 0, 128, 0, 128
L 1820, 3200, 0, 1840, 3200, 0, 128, 0, 128
L 1830, 3170, 0, 1850, 3230, 0, 128, 0, 128
L 1810, 3230, 0, 1830, 3170, 0, 128, 0, 128
L 1870, 3170, 0, 1870, 3230, 0, 128, 0, 128
L 1920, 3230, 0, 1920, 3170, 0, 128, 0, 128
L 1890, 3170, 0, 1920, 3230, 0, 128, 0, 128
L 1890, 3230, 0, 1890, 3170, 0, 128, 0, 128
L 1940, 3200, 0, 1970, 3200, 0, 128, 0, 128
L 1940, 3230, 0, 1970, 3230, 0, 128, 0, 128
L 1940, 3170, 0, 1940, 3230, 0, 128, 0, 128
L 1970, 3170, 0, 1940, 3170, 0, 128, 0, 128
L 1990, 3170, 0, 1990, 3200, 0, 128, 0, 128
L 1990, 3200, 0, 1990, 3230, 0, 128, 0, 128
L 1990, 3200, 0, 2010, 3200, 0, 128, 0, 128
L 2030, 3200, 0, 2030, 3170, 0, 128, 0, 128
L 1990, 3170, 0, 2030, 3170, 0, 128, 0, 128
L 2010, 3200, 0, 2030, 3200, 0, 128, 0, 128
L 2030, 3230, 0, 2010, 3200, 0, 128, 0, 128
L 1020, 3260, 0, 1020, 3320, 0, 255, 255, 0
L 1000, 3260, 0, 1040, 3260, 0, 255, 255, 0
L 1060, 3260, 0, 1060, 3290, 0, 255, 255, 0
L 1060, 3290, 0, 1060, 3320, 0, 255, 255, 0
L 1060, 3290, 0, 1080, 3290, 0, 255, 255, 0
L 1100, 3290, 0, 1100, 3260, 0, 255, 255, 0
L 1060, 3260, 0, 1100, 3260, 0, 255, 255, 0
L 1080, 3290, 0, 1100, 3290, 0, 255, 255, 0
L 1100, 3320, 0, 1080, 3290, 0, 255, 255, 0
L 1130, 3290, 0, 1150, 3290, 0, 255, 255, 0
L 1140, 3260, 0, 1160, 3320, 0, 255, 255, 0
L 1120, 3320, 0, 1140, 3260, 0, 255, 255, 0
L 1210, 3290, 0, 1180, 3290, 0, 255, 255, 0
L 1210, 3260, 0, 1210, 3290, 0, 255, 255, 0
L 1180, 3260, 0, 1210, 3260, 0, 255, 255, 0
L 1180, 3320, 0, 1180, 3260, 0, 255, 255, 0
L 1030, 3350, 0, 1000, 3350, 0, 255, 0, 0
L 1000, 3410, 0, 1030, 3350, 0, 255, 0, 0
L 1000, 3410, 0, 1030, 3410, 0, 255, 0, 0
L 1050, 3350, 0, 1080, 3350, 0, 255, 0, 0
L 1050, 3410, 0, 1080, 3410, 0, 255, 0, 0
L 1050, 3350, 0, 1050, 3410, 0, 255, 0, 0
L 1080, 3350, 0, 1080, 3410, 0, 255, 0, 0
L 1130, 3410, 0, 1130, 3350, 0, 255, 0, 0
L 1100, 3350, 0, 1130, 3410, 0, 255, 0, 0
L 1100, 3410, 0, 1100, 3350, 0, 255, 0, 0
L 1150, 3380, 0, 1180, 3380, 0, 255, 0, 0
L 1150, 3410, 0, 1180, 3410, 0, 255, 0, 0
L 1150, 3350, 0, 1150, 3410, 0, 255, 0, 0
L 1180, 3350, 0, 1150, 3350, 0, 255, 0, 0
P 0, 1700, 0, 0, 0, 0, 2, Revised_Map:_Brewall_Rainsiger_(Cazic-Thule)
P 0, 1900, 0, 0, 0, 0, 2, http://www.eqmaps.info
P 0, 2100, 0, 0, 0, 0, 2, Return_of_the_Exiled_(www.roteguild.org)
