P -1349.2715, -1472.2975, -20.6914,  255, 0, 0,  3,  to_Chelsith_Reborn
P 1879.3921, -547.7303, -4.7701,  255, 0, 0,  3,  to_The_Scarlet_Desert
P 94.5779, -46.9728, -46.3417,  255, 0, 0,  3,  to_Ssraeshza_Temple
P -305.1561, 2024.0503, -33.8574,  255, 0, 0,  3,  to_Mons_Letalis
P -340.0000, 2000.0000, 0.0000,  255, 0, 0,  2,  Succor
P 1097.4091, -1691.3148, 3.1250,  255, 255, 0,  1,  TRAP:_Spawn
P -389.7000, -1581.4020, 13.7870,  255, 255, 0,  1,  TRAP:_Spawn
P -680.4750, -1416.0779, -15.9050,  255, 255, 0,  1,  TRAP:_Spawn
P -1418.8860, -450.1260, 10.9410,  255, 255, 0,  1,  TRAP:_Spawn
P -539.7859, 1513.8978, 11.9690,  255, 255, 0,  1,  TRAP:_Spawn
P 331.2750, 1636.0659, 0.8650,  255, 255, 0,  1,  TRAP:_Spawn
P 878.6290, 772.7729, -19.1850,  255, 255, 0,  1,  TRAP:_Spawn
P 885.8539, 1554.5908, 7.4910,  255, 255, 0,  1,  TRAP:_Spawn
P 1601.4561, 1327.6559, -0.8140,  255, 255, 0,  1,  TRAP:_Spawn
P 1543.6260, 904.5410, 18.4770,  255, 255, 0,  1,  TRAP:_Spawn
P 1422.7079, 542.9579, 0.9400,  255, 255, 0,  1,  TRAP:_Spawn
P 1466.4989, 200.0130, 9.6090,  255, 255, 0,  1,  TRAP:_Spawn
P 1726.4910, -409.4250, 3.3970,  255, 255, 0,  1,  TRAP:_Spawn
P 1612.5430, -724.9240, -7.5330,  255, 255, 0,  1,  TRAP:_Spawn
P 1460.5580, -248.3450, -12.0120,  255, 255, 0,  1,  TRAP:_Spawn
P -881.2460, 602.0959, -16.7320,  255, 255, 0,  1,  TRAP:_Spawn
P -1569.4440, 618.4059, 28.3480,  255, 255, 0,  1,  TRAP:_Spawn
P -1551.0031, -683.6700, 25.9800,  255, 255, 0,  1,  TRAP:_Spawn
P -738.5380, -1217.5438, 11.8960,  255, 255, 0,  1,  TRAP:_Spawn
P 455.8960, -1201.2949, 7.0450,  255, 255, 0,  1,  TRAP:_Spawn
P 969.6100, -1540.4774, -19.2541,  0, 0, 0,  2,  Trembling_Earthquake_Elemental
P -237.0289, 131.9241, -18.7365,  0, 0, 0,  2,  Scout_Tovi
P 209.4266, -113.6381, -19.9355,  127, 64, 0,  2,  An_Ancient_Shissar_Servitor_(Hunter)
P 575.0000, -1471.0000, 121.0000,  127, 64, 0,  2,  Boulder_(Hunter)
P 1157.0000, -1225.0000, -12.0000,  127, 64, 0,  2,  Boulder_(Hunter)
P -1226.7714, 1025.0377, -10.2605,  127, 64, 0,  2,  Crusader_Kezzal_(Hunter)
P 1234.9988, -903.1539, -25.4699,  127, 64, 0,  2,  Heirophant_Grazan_(Hunter)
P 1721.8667, -986.2628, 28.4627,  127, 64, 0,  2,  Heriohant_Grazan_(Hunter)
P -390.3453, -113.3135, -17.7479,  127, 64, 0,  2,  Revenant_Sthzzzizt_(Hunter)
P -145.4825, 157.8090, -19.9355,  127, 64, 0,  2,  Revenant_Sthzzzizt_(Hunter)
P -147.7629, -351.8881, -19.9355,  127, 64, 0,  2,  Revenant_Zsshta_(Hunter)
P 159.6385, -346.1185, -19.2715,  127, 64, 0,  2,  Revenant_Zsshta_(Hunter)
P 144.0000, -195.0000, -11.0000,  127, 64, 0,  2,  A_Shattered_Golem_(Hunter)
P -16.8154, 1331.9667, -7.6134,  127, 64, 0,  2,  Stonehand_(Hunter,Trap_Spawn)
P 1630.3733, -1122.3339, 15.9847,  127, 64, 0,  2,  Stonehand_(Hunter,Trap_Spawn)
