L -1314.0, -1866.0, 127.0, -1436.0, -1850.0, 215.0, 0, 0, 0
L -1436.0, -1850.0, 215.0, -1442.0, -1852.0, 226.0, 0, 0, 0
L -1442.0, -1852.0, 226.0, -1464.0, -1850.0, 203.0, 0, 0, 0
L -1464.0, -1850.0, 203.0, -1497.0, -1849.0, 195.0, 0, 0, 0
L -1497.0, -1849.0, 195.0, -1521.0, -1849.0, 181.0, 0, 0, 0
L -1521.0, -1849.0, 181.0, -1549.0, -1848.0, 182.0, 0, 0, 0
L -1549.0, -1848.0, 182.0, -1587.0, -1847.0, 190.0, 0, 0, 0
L -1587.0, -1847.0, 190.0, -1622.0, -1845.0, 174.0, 0, 0, 0
L -1622.0, -1845.0, 174.0, -1635.0, -1838.0, 165.0, 0, 0, 0
L -1635.0, -1838.0, 165.0, -1643.0, -1834.0, 158.0, 0, 0, 0
L -1643.0, -1834.0, 158.0, -1670.0, -1819.0, 140.0, 0, 0, 0
L -1670.0, -1819.0, 140.0, -1680.0, -1813.0, 141.0, 0, 0, 0
L -1680.0, -1813.0, 141.0, -1708.0, -1798.0, 159.0, 0, 0, 0
L -1708.0, -1798.0, 159.0, -1733.0, -1779.0, 157.0, 0, 0, 0
L -1733.0, -1779.0, 157.0, -1742.0, -1771.0, 148.0, 0, 0, 0
L -1742.0, -1771.0, 148.0, -1758.0, -1754.0, 132.0, 0, 0, 0
L -1758.0, -1754.0, 132.0, -1792.0, -1720.0, 139.0, 0, 0, 0
L -1792.0, -1720.0, 139.0, -1796.0, -1710.0, 140.0, 0, 0, 0
L -1796.0, -1710.0, 140.0, -1799.0, -1700.0, 143.0, 0, 0, 0
L -1799.0, -1700.0, 143.0, -1806.0, -1679.0, 139.0, 0, 0, 0
L -1806.0, -1679.0, 139.0, -1810.0, -1669.0, 135.0, 0, 0, 0
L -1810.0, -1669.0, 135.0, -1814.0, -1658.0, 131.0, 0, 0, 0
L -1814.0, -1658.0, 131.0, -1822.0, -1634.0, 116.0, 0, 0, 0
L -1822.0, -1634.0, 116.0, -1834.0, -1600.0, 106.0, 0, 0, 0
L -1834.0, -1600.0, 106.0, -1844.0, -1568.0, 106.0, 0, 0, 0
L -1844.0, -1568.0, 106.0, -1848.0, -1522.0, 112.0, 0, 0, 0
L -1848.0, -1522.0, 112.0, -1849.0, -1501.0, 118.0, 0, 0, 0
L -1849.0, -1501.0, 118.0, -1851.0, -1478.0, 116.0, 0, 0, 0
L -1851.0, -1478.0, 116.0, -1852.0, -1466.0, 113.0, 0, 0, 0
L -1852.0, -1466.0, 113.0, -1855.0, -1433.0, 104.0, 0, 0, 0
L -1855.0, -1433.0, 104.0, -1860.0, -1396.0, 92.0, 0, 0, 0
L -1860.0, -1396.0, 92.0, -1868.0, -1359.0, 92.0, 0, 0, 0
L -1868.0, -1359.0, 92.0, -1876.0, -1322.0, 120.0, 0, 0, 0
L -1876.0, -1322.0, 120.0, -1885.0, -1284.0, 132.0, 0, 0, 0
L -1885.0, -1284.0, 132.0, -1888.0, -1235.0, 126.0, 0, 0, 0
L -1888.0, -1235.0, 126.0, -1886.0, -1212.0, 133.0, 0, 0, 0
L -1886.0, -1212.0, 133.0, -1883.0, -1173.0, 139.0, 0, 0, 0
L -1883.0, -1173.0, 139.0, -1882.0, -1152.0, 143.0, 0, 0, 0
L -1882.0, -1152.0, 143.0, -1880.0, -1124.0, 141.0, 0, 0, 0
L -1880.0, -1124.0, 141.0, -1880.0, -1111.0, 135.0, 0, 0, 0
L -1880.0, -1111.0, 135.0, -1880.0, -1077.0, 137.0, 0, 0, 0
L -1880.0, -1077.0, 137.0, -1882.0, -1015.0, 147.0, 0, 0, 0
L -1882.0, -1015.0, 147.0, -1882.0, -998.0, 146.0, 0, 0, 0
L -1882.0, -998.0, 146.0, -1883.0, -958.0, 140.0, 0, 0, 0
L -1883.0, -958.0, 140.0, -1883.0, -920.0, 129.0, 0, 0, 0
L -1883.0, -920.0, 129.0, -1877.0, -885.0, 126.0, 0, 0, 0
L -1877.0, -885.0, 126.0, -1870.0, -843.0, 135.0, 0, 0, 0
L -1870.0, -843.0, 135.0, -1865.0, -815.0, 135.0, 0, 0, 0
L -1865.0, -815.0, 135.0, -1859.0, -780.0, 145.0, 0, 0, 0
L -1859.0, -780.0, 145.0, -1853.0, -744.0, 140.0, 0, 0, 0
L -1853.0, -744.0, 140.0, -1852.0, -706.0, 150.0, 0, 0, 0
L -1852.0, -706.0, 150.0, -1858.0, -664.0, 164.0, 0, 0, 0
L -1858.0, -664.0, 164.0, -1863.0, -623.0, 163.0, 0, 0, 0
L -1863.0, -623.0, 163.0, -1869.0, -584.0, 150.0, 0, 0, 0
L -1869.0, -584.0, 150.0, -1874.0, -543.0, 138.0, 0, 0, 0
L -1874.0, -543.0, 138.0, -1879.0, -503.0, 142.0, 0, 0, 0
L -1879.0, -503.0, 142.0, -1877.0, -464.0, 137.0, 0, 0, 0
L -1877.0, -464.0, 137.0, -1873.0, -387.0, 139.0, 0, 0, 0
L -1873.0, -387.0, 139.0, -1871.0, -349.0, 142.0, 0, 0, 0
L -1871.0, -349.0, 142.0, -1868.0, -310.0, 161.0, 0, 0, 0
L -1868.0, -310.0, 161.0, -1867.0, -271.0, 166.0, 0, 0, 0
L -1867.0, -271.0, 166.0, -1866.0, -233.0, 166.0, 0, 0, 0
L -1866.0, -233.0, 166.0, -1865.0, -194.0, 191.0, 0, 0, 0
L -1865.0, -194.0, 191.0, -1864.0, -155.0, 180.0, 0, 0, 0
L -1864.0, -155.0, 180.0, -1863.0, -117.0, 199.0, 0, 0, 0
L -1863.0, -117.0, 199.0, -1862.0, -80.0, 195.0, 0, 0, 0
L -1862.0, -80.0, 195.0, -1861.0, -45.0, 199.0, 0, 0, 0
L -1861.0, -45.0, 199.0, -1860.0, -5.0, 205.0, 0, 0, 0
L -1860.0, -5.0, 205.0, -1859.0, 33.0, 205.0, 0, 0, 0
L -1859.0, 33.0, 205.0, -1858.0, 71.0, 190.0, 0, 0, 0
L -1858.0, 71.0, 190.0, -1857.0, 109.0, 169.0, 0, 0, 0
L -1857.0, 109.0, 169.0, -1856.0, 148.0, 156.0, 0, 0, 0
L -1856.0, 148.0, 156.0, -1856.0, 186.0, 141.0, 0, 0, 0
L -1856.0, 186.0, 141.0, -1855.0, 226.0, 148.0, 0, 0, 0
L -1855.0, 226.0, 148.0, -1855.0, 246.0, 155.0, 0, 0, 0
L -1855.0, 246.0, 155.0, -1855.0, 256.0, 160.0, 0, 0, 0
L -1855.0, 256.0, 160.0, -1853.0, 282.0, 166.0, 0, 0, 0
L -1853.0, 282.0, 166.0, -1850.0, 320.0, 174.0, 0, 0, 0
L -1850.0, 320.0, 174.0, -1847.0, 358.0, 161.0, 0, 0, 0
L -1847.0, 358.0, 161.0, -1844.0, 396.0, 183.0, 0, 0, 0
L -1844.0, 396.0, 183.0, -1845.0, 435.0, 155.0, 0, 0, 0
L -1845.0, 435.0, 155.0, -1850.0, 474.0, 145.0, 0, 0, 0
L -1850.0, 474.0, 145.0, -1856.0, 514.0, 132.0, 0, 0, 0
L -1856.0, 514.0, 132.0, -1860.0, 553.0, 130.0, 0, 0, 0
L -1860.0, 553.0, 130.0, -1866.0, 592.0, 135.0, 0, 0, 0
L -1866.0, 592.0, 135.0, -1863.0, 629.0, 119.0, 0, 0, 0
L -1863.0, 629.0, 119.0, -1860.0, 666.0, 96.0, 0, 0, 0
L -1860.0, 666.0, 96.0, -1856.0, 703.0, 85.0, 0, 0, 0
L -1856.0, 703.0, 85.0, -1854.0, 741.0, 92.0, 0, 0, 0
L -1854.0, 741.0, 92.0, -1853.0, 778.0, 102.0, 0, 0, 0
L -1853.0, 778.0, 102.0, -1852.0, 816.0, 102.0, 0, 0, 0
L -1852.0, 816.0, 102.0, -1851.0, 853.0, 107.0, 0, 0, 0
L -1851.0, 853.0, 107.0, -1849.0, 891.0, 104.0, 0, 0, 0
L -1849.0, 891.0, 104.0, -1848.0, 927.0, 121.0, 0, 0, 0
L -1848.0, 927.0, 121.0, -1847.0, 964.0, 113.0, 0, 0, 0
L -1847.0, 964.0, 113.0, -1846.0, 1002.0, 131.0, 0, 0, 0
L -1846.0, 1002.0, 131.0, -1844.0, 1040.0, 125.0, 0, 0, 0
L -1844.0, 1040.0, 125.0, -1844.0, 1078.0, 127.0, 0, 0, 0
L -1844.0, 1078.0, 127.0, -1844.0, 1116.0, 119.0, 0, 0, 0
L -1844.0, 1116.0, 119.0, -1845.0, 1152.0, 108.0, 0, 0, 0
L -1845.0, 1152.0, 108.0, -1841.0, 1187.0, 101.0, 0, 0, 0
L -1841.0, 1187.0, 101.0, -1839.0, 1200.0, 103.0, 0, 0, 0
L -1839.0, 1200.0, 103.0, -1837.0, 1228.0, 115.0, 0, 0, 0
L -1837.0, 1228.0, 115.0, -1834.0, 1256.0, 129.0, 0, 0, 0
L -1834.0, 1256.0, 129.0, -1832.0, 1268.0, 136.0, 0, 0, 0
L -1832.0, 1268.0, 136.0, -1825.0, 1298.0, 141.0, 0, 0, 0
L -1825.0, 1298.0, 141.0, -1822.0, 1310.0, 145.0, 0, 0, 0
L -1822.0, 1310.0, 145.0, -1815.0, 1338.0, 148.0, 0, 0, 0
L -1815.0, 1338.0, 148.0, -1813.0, 1350.0, 148.0, 0, 0, 0
L -1813.0, 1350.0, 148.0, -1806.0, 1377.0, 147.0, 0, 0, 0
L -1806.0, 1377.0, 147.0, -1798.0, 1413.0, 143.0, 0, 0, 0
L -1798.0, 1413.0, 143.0, -1787.0, 1437.0, 135.0, 0, 0, 0
L -1787.0, 1437.0, 135.0, -1776.0, 1457.0, 142.0, 0, 0, 0
L -1776.0, 1457.0, 142.0, -1771.0, 1467.0, 147.0, 0, 0, 0
L -1771.0, 1467.0, 147.0, -1766.0, 1477.0, 147.0, 0, 0, 0
L -1766.0, 1477.0, 147.0, -1750.0, 1506.0, 140.0, 0, 0, 0
L -1750.0, 1506.0, 140.0, -1733.0, 1539.0, 125.0, 0, 0, 0
L -1733.0, 1539.0, 125.0, -1717.0, 1570.0, 135.0, 0, 0, 0
L -1717.0, 1570.0, 135.0, -1700.0, 1603.0, 148.0, 0, 0, 0
L -1700.0, 1603.0, 148.0, -1682.0, 1623.0, 147.0, 0, 0, 0
L -1682.0, 1623.0, 147.0, -1676.0, 1631.0, 144.0, 0, 0, 0
L -1676.0, 1631.0, 144.0, -1657.0, 1652.0, 127.0, 0, 0, 0
L -1657.0, 1652.0, 127.0, -1649.0, 1661.0, 116.0, 0, 0, 0
L -1649.0, 1661.0, 116.0, -1634.0, 1678.0, 109.0, 0, 0, 0
L -1634.0, 1678.0, 109.0, -1616.0, 1698.0, 110.0, 0, 0, 0
L -1616.0, 1698.0, 110.0, -1608.0, 1707.0, 110.0, 0, 0, 0
L -1608.0, 1707.0, 110.0, -1586.0, 1728.0, 125.0, 0, 0, 0
L -1586.0, 1728.0, 125.0, -1571.0, 1734.0, 121.0, 0, 0, 0
L -1571.0, 1734.0, 121.0, -1563.0, 1738.0, 116.0, 0, 0, 0
L -1563.0, 1738.0, 116.0, -1553.0, 1742.0, 109.0, 0, 0, 0
L -1553.0, 1742.0, 109.0, -1531.0, 1752.0, 91.0, 0, 0, 0
L -1531.0, 1752.0, 91.0, -1521.0, 1756.0, 86.0, 0, 0, 0
L -1521.0, 1756.0, 86.0, -1499.0, 1766.0, 81.0, 0, 0, 0
L -1499.0, 1766.0, 81.0, -1468.0, 1775.0, 70.0, 0, 0, 0
L -1468.0, 1775.0, 70.0, -1427.0, 1785.0, 63.0, 0, 0, 0
L -1427.0, 1785.0, 63.0, -1404.0, 1790.0, 62.0, 0, 0, 0
L -1404.0, 1790.0, 62.0, -1373.0, 1794.0, 77.0, 0, 0, 0
L -1373.0, 1794.0, 77.0, -1343.0, 1796.0, 54.0, 0, 0, 0
L -1343.0, 1796.0, 54.0, -1314.0, 1797.0, 46.0, 0, 0, 0
L -1314.0, 1797.0, 46.0, -1303.0, 1797.0, 43.0, 0, 0, 0
L -1303.0, 1797.0, 43.0, -1283.0, 1798.0, 39.0, 0, 0, 0
L -1283.0, 1798.0, 39.0, -1272.0, 1798.0, 45.0, 0, 0, 0
L -1272.0, 1798.0, 45.0, -1246.0, 1797.0, 51.0, 0, 0, 0
L -1246.0, 1797.0, 51.0, -1211.0, 1796.0, 46.0, 0, 0, 0
L -1211.0, 1796.0, 46.0, -1176.0, 1795.0, 63.0, 0, 0, 0
L -1176.0, 1795.0, 63.0, -1141.0, 1793.0, 94.0, 0, 0, 0
L -1141.0, 1793.0, 94.0, -1107.0, 1793.0, 119.0, 0, 0, 0
L -1107.0, 1793.0, 119.0, -1076.0, 1794.0, 142.0, 0, 0, 0
L -1076.0, 1794.0, 142.0, -1038.0, 1796.0, 136.0, 0, 0, 0
L -1038.0, 1796.0, 136.0, -1002.0, 1801.0, 105.0, 0, 0, 0
L -1002.0, 1801.0, 105.0, -964.0, 1810.0, 104.0, 0, 0, 0
L -964.0, 1810.0, 104.0, -937.0, 1816.0, 125.0, 0, 0, 0
L -937.0, 1816.0, 125.0, -902.0, 1820.0, 115.0, 0, 0, 0
L -902.0, 1820.0, 115.0, -866.0, 1820.0, 102.0, 0, 0, 0
L -866.0, 1820.0, 102.0, -830.0, 1820.0, 82.0, 0, 0, 0
L -830.0, 1820.0, 82.0, -796.0, 1819.0, 81.0, 0, 0, 0
L -796.0, 1819.0, 81.0, -760.0, 1819.0, 89.0, 0, 0, 0
L -760.0, 1819.0, 89.0, -749.0, 1819.0, 94.0, 0, 0, 0
L -749.0, 1819.0, 94.0, -728.0, 1816.0, 110.0, 0, 0, 0
L -728.0, 1816.0, 110.0, -697.0, 1811.0, 110.0, 0, 0, 0
L -697.0, 1811.0, 110.0, -667.0, 1806.0, 109.0, 0, 0, 0
L -667.0, 1806.0, 109.0, -657.0, 1804.0, 108.0, 0, 0, 0
L -657.0, 1804.0, 108.0, -629.0, 1801.0, 108.0, 0, 0, 0
L -629.0, 1801.0, 108.0, -591.0, 1798.0, 112.0, 0, 0, 0
L -591.0, 1798.0, 112.0, -555.0, 1795.0, 119.0, 0, 0, 0
L -555.0, 1795.0, 119.0, -517.0, 1793.0, 107.0, 0, 0, 0
L -517.0, 1793.0, 107.0, -482.0, 1789.0, 98.0, 0, 0, 0
L -482.0, 1789.0, 98.0, -447.0, 1784.0, 79.0, 0, 0, 0
L -447.0, 1784.0, 79.0, -413.0, 1780.0, 65.0, 0, 0, 0
L -413.0, 1780.0, 65.0, -378.0, 1789.0, 81.0, 0, 0, 0
L -378.0, 1789.0, 81.0, -369.0, 1792.0, 84.0, 0, 0, 0
L -369.0, 1792.0, 84.0, -365.0, 1794.0, 84.0, 0, 0, 0
L -365.0, 1794.0, 84.0, -352.0, 1759.0, 35.0, 0, 0, 0
L -352.0, 1759.0, 35.0, -369.0, 1759.0, 35.0, 0, 0, 0
L -369.0, 1759.0, 35.0, -370.0, 1739.0, 17.0, 0, 0, 0
L -370.0, 1739.0, 17.0, -338.0, 1739.0, 10.0, 0, 0, 0
L -338.0, 1739.0, 10.0, -338.0, 1815.0, -19.0, 0, 0, 0
L -338.0, 1815.0, -19.0, -368.0, 1816.0, -19.0, 0, 0, 0
L -368.0, 1816.0, -19.0, -368.0, 1952.0, -19.0, 0, 0, 0
L -272.0, 1952.0, -19.0, -272.0, 1816.0, -19.0, 0, 0, 0
L -368.0, 1952.0, -19.0, -360.0, 1952.0, -19.0, 0, 0, 0
L -360.0, 1952.0, -19.0, -356.0, 1993.0, -18.0, 0, 0, 0
L -356.0, 1993.0, -18.0, -349.0, 2001.0, -23.0, 0, 0, 0
L -349.0, 2001.0, -23.0, -316.0, 2024.0, -29.0, 0, 0, 0
L -316.0, 2024.0, -29.0, -300.0, 2043.0, -38.0, 0, 0, 0
L -275.0, 2050.0, -40.0, -276.0, 2039.0, -38.0, 0, 0, 0
L -277.0, 2029.0, -36.0, -285.0, 2016.0, -33.0, 0, 0, 0
L -285.0, 2016.0, -33.0, -291.0, 2010.0, -32.0, 0, 0, 0
L -291.0, 2010.0, -32.0, -299.0, 2004.0, -30.0, 0, 0, 0
L -299.0, 2004.0, -30.0, -307.0, 2000.0, -29.0, 0, 0, 0
L -307.0, 2000.0, -29.0, -317.0, 1996.0, -26.0, 0, 0, 0
L -317.0, 1996.0, -26.0, -327.0, 1990.0, -23.0, 0, 0, 0
L -327.0, 1990.0, -23.0, -334.0, 1980.0, -18.0, 0, 0, 0
L -334.0, 1980.0, -18.0, -337.0, 1963.0, -11.0, 0, 0, 0
L -337.0, 1963.0, -11.0, -335.0, 1952.0, -19.0, 0, 0, 0
L -335.0, 1952.0, -19.0, -272.0, 1952.0, -19.0, 0, 0, 0
L -272.0, 1816.0, -19.0, -302.0, 1816.0, -19.0, 0, 0, 0
L -302.0, 1816.0, -19.0, -302.0, 1738.0, 9.0, 0, 0, 0
L -302.0, 1738.0, 9.0, -270.0, 1738.0, 18.0, 0, 0, 0
L -270.0, 1738.0, 18.0, -269.0, 1793.0, 84.0, 0, 0, 0
L -269.0, 1793.0, 84.0, -216.0, 1793.0, 72.0, 0, 0, 0
L -216.0, 1793.0, 72.0, -210.0, 1794.0, 72.0, 0, 0, 0
L -210.0, 1794.0, 72.0, -200.0, 1795.0, 73.0, 0, 0, 0
L -200.0, 1795.0, 73.0, -183.0, 1798.0, 73.0, 0, 0, 0
L -183.0, 1798.0, 73.0, -145.0, 1806.0, 87.0, 0, 0, 0
L -145.0, 1806.0, 87.0, -109.0, 1813.0, 117.0, 0, 0, 0
L -109.0, 1813.0, 117.0, -84.0, 1816.0, 132.0, 0, 0, 0
L -84.0, 1816.0, 132.0, -50.0, 1817.0, 130.0, 0, 0, 0
L -50.0, 1817.0, 130.0, -38.0, 1817.0, 123.0, 0, 0, 0
L -38.0, 1817.0, 123.0, -12.0, 1817.0, 135.0, 0, 0, 0
L -12.0, 1817.0, 135.0, 4.0, 1817.0, 148.0, 0, 0, 0
L 4.0, 1817.0, 148.0, 13.0, 1817.0, 159.0, 0, 0, 0
L 13.0, 1817.0, 159.0, 36.0, 1819.0, 156.0, 0, 0, 0
L 36.0, 1819.0, 156.0, 77.0, 1823.0, 138.0, 0, 0, 0
L 77.0, 1823.0, 138.0, 154.0, 1829.0, 142.0, 0, 0, 0
L 154.0, 1829.0, 142.0, 190.0, 1832.0, 142.0, 0, 0, 0
L 190.0, 1832.0, 142.0, 220.0, 1834.0, 150.0, 0, 0, 0
L 220.0, 1834.0, 150.0, 258.0, 1836.0, 144.0, 0, 0, 0
L 258.0, 1836.0, 144.0, 294.0, 1834.0, 144.0, 0, 0, 0
L 294.0, 1834.0, 144.0, 334.0, 1830.0, 144.0, 0, 0, 0
L 334.0, 1830.0, 144.0, 344.0, 1829.0, 145.0, 0, 0, 0
L 344.0, 1829.0, 145.0, 371.0, 1826.0, 131.0, 0, 0, 0
L 371.0, 1826.0, 131.0, 405.0, 1823.0, 129.0, 0, 0, 0
L 405.0, 1823.0, 129.0, 439.0, 1817.0, 124.0, 0, 0, 0
L 439.0, 1817.0, 124.0, 473.0, 1812.0, 105.0, 0, 0, 0
L 473.0, 1812.0, 105.0, 508.0, 1807.0, 92.0, 0, 0, 0
L 508.0, 1807.0, 92.0, 542.0, 1802.0, 93.0, 0, 0, 0
L 542.0, 1802.0, 93.0, 577.0, 1796.0, 101.0, 0, 0, 0
L 577.0, 1796.0, 101.0, 616.0, 1798.0, 101.0, 0, 0, 0
L 616.0, 1798.0, 101.0, 654.0, 1800.0, 130.0, 0, 0, 0
L 654.0, 1800.0, 130.0, 692.0, 1802.0, 129.0, 0, 0, 0
L 692.0, 1802.0, 129.0, 731.0, 1804.0, 141.0, 0, 0, 0
L 731.0, 1804.0, 141.0, 770.0, 1807.0, 149.0, 0, 0, 0
L 770.0, 1807.0, 149.0, 809.0, 1809.0, 152.0, 0, 0, 0
L 809.0, 1809.0, 152.0, 849.0, 1812.0, 144.0, 0, 0, 0
L 849.0, 1812.0, 144.0, 888.0, 1815.0, 147.0, 0, 0, 0
L 888.0, 1815.0, 147.0, 927.0, 1819.0, 126.0, 0, 0, 0
L 927.0, 1819.0, 126.0, 965.0, 1822.0, 109.0, 0, 0, 0
L 965.0, 1822.0, 109.0, 1003.0, 1825.0, 131.0, 0, 0, 0
L 1003.0, 1825.0, 131.0, 1042.0, 1826.0, 167.0, 0, 0, 0
L 1042.0, 1826.0, 167.0, 1079.0, 1826.0, 169.0, 0, 0, 0
L 1079.0, 1826.0, 169.0, 1116.0, 1826.0, 165.0, 0, 0, 0
L 1116.0, 1826.0, 165.0, 1154.0, 1826.0, 171.0, 0, 0, 0
L 1154.0, 1826.0, 171.0, 1191.0, 1826.0, 176.0, 0, 0, 0
L 1191.0, 1826.0, 176.0, 1229.0, 1826.0, 166.0, 0, 0, 0
L 1229.0, 1826.0, 166.0, 1267.0, 1827.0, 147.0, 0, 0, 0
L 1267.0, 1827.0, 147.0, 1305.0, 1828.0, 142.0, 0, 0, 0
L 1305.0, 1828.0, 142.0, 1343.0, 1829.0, 122.0, 0, 0, 0
L 1343.0, 1829.0, 122.0, 1380.0, 1829.0, 122.0, 0, 0, 0
L 1380.0, 1829.0, 122.0, 1418.0, 1829.0, 114.0, 0, 0, 0
L 1418.0, 1829.0, 114.0, 1456.0, 1829.0, 116.0, 0, 0, 0
L 1456.0, 1829.0, 116.0, 1492.0, 1829.0, 126.0, 0, 0, 0
L 1492.0, 1829.0, 126.0, 1531.0, 1831.0, 136.0, 0, 0, 0
L 1531.0, 1831.0, 136.0, 1569.0, 1834.0, 128.0, 0, 0, 0
L 1569.0, 1834.0, 128.0, 1608.0, 1836.0, 124.0, 0, 0, 0
L 1608.0, 1836.0, 124.0, 1646.0, 1838.0, 124.0, 0, 0, 0
L 1646.0, 1838.0, 124.0, 1690.0, 1818.0, 102.0, 0, 0, 0
L 1690.0, 1818.0, 102.0, 1699.0, 1813.0, 94.0, 0, 0, 0
L 1699.0, 1813.0, 94.0, 1724.0, 1799.0, 89.0, 0, 0, 0
L 1724.0, 1799.0, 89.0, 1753.0, 1782.0, 97.0, 0, 0, 0
L 1753.0, 1782.0, 97.0, 1783.0, 1766.0, 94.0, 0, 0, 0
L 1783.0, 1766.0, 94.0, 1825.0, 1749.0, 51.0, 0, 0, 0
L 1825.0, 1749.0, 51.0, 1834.0, 1738.0, 52.0, 0, 0, 0
L 1834.0, 1738.0, 52.0, 1837.0, 1727.0, 38.0, 0, 0, 0
L 1837.0, 1727.0, 38.0, 1848.0, 1687.0, 4.0, 0, 0, 0
L 1848.0, 1687.0, 4.0, 1849.0, 1671.0, 14.0, 0, 0, 0
L 1849.0, 1671.0, 14.0, 1821.0, 1638.0, 7.0, 0, 0, 0
L 1821.0, 1638.0, 7.0, 1818.0, 1620.0, -10.0, 0, 0, 0
L 1818.0, 1620.0, -10.0, 1798.0, 1619.0, -10.0, 0, 0, 0
L 1798.0, 1619.0, -10.0, 1798.0, 1577.0, 8.0, 0, 0, 0
L 1798.0, 1577.0, 8.0, 1781.0, 1575.0, 4.0, 0, 0, 0
L 1781.0, 1575.0, 4.0, 1778.0, 1538.0, -16.0, 0, 0, 0
L 1778.0, 1538.0, -16.0, 1783.0, 1520.0, -16.0, 0, 0, 0
L 1783.0, 1520.0, -16.0, 1798.0, 1491.0, -16.0, 0, 0, 0
L 1798.0, 1491.0, -16.0, 1812.0, 1462.0, -16.0, 0, 0, 0
L 1812.0, 1462.0, -16.0, 1838.0, 1428.0, 4.0, 0, 0, 0
L 1838.0, 1428.0, 4.0, 1842.0, 1423.0, 5.0, 0, 0, 0
L 1842.0, 1423.0, 5.0, 1859.0, 1391.0, -10.0, 0, 0, 0
L 1859.0, 1391.0, -10.0, 1855.0, 1337.0, -13.0, 0, 0, 0
L 1855.0, 1337.0, -13.0, 1853.0, 1325.0, -4.0, 0, 0, 0
L 1853.0, 1325.0, -4.0, 1848.0, 1297.0, 6.0, 0, 0, 0
L 1848.0, 1297.0, 6.0, 1835.0, 1281.0, -3.0, 0, 0, 0
L 1835.0, 1281.0, -3.0, 1834.0, 1268.0, -8.0, 0, 0, 0
L 1834.0, 1268.0, -8.0, 1838.0, 1219.0, -9.0, 0, 0, 0
L 1838.0, 1219.0, -9.0, 1803.0, 1193.0, -16.0, 0, 0, 0
L 1803.0, 1193.0, -16.0, 1807.0, 1180.0, -15.0, 0, 0, 0
L 1807.0, 1180.0, -15.0, 1808.0, 1166.0, -9.0, 0, 0, 0
L 1808.0, 1166.0, -9.0, 1804.0, 1162.0, -3.0, 0, 0, 0
L 1804.0, 1162.0, -3.0, 1801.0, 1137.0, 8.0, 0, 0, 0
L 1801.0, 1137.0, 8.0, 1802.0, 1125.0, 7.0, 0, 0, 0
L 1802.0, 1125.0, 7.0, 1798.0, 1103.0, -13.0, 0, 0, 0
L 1798.0, 1103.0, -13.0, 1794.0, 1042.0, 2.0, 0, 0, 0
L 1794.0, 1042.0, 2.0, 1807.0, 1006.0, -8.0, 0, 0, 0
L 1807.0, 1006.0, -8.0, 1806.0, 1000.0, -9.0, 0, 0, 0
L 1806.0, 1000.0, -9.0, 1790.0, 964.0, -7.0, 0, 0, 0
L 1790.0, 964.0, -7.0, 1798.0, 915.0, -3.0, 0, 0, 0
L 1798.0, 915.0, -3.0, 1807.0, 905.0, -1.0, 0, 0, 0
L 1807.0, 905.0, -1.0, 1817.0, 886.0, -14.0, 0, 0, 0
L 1817.0, 886.0, -14.0, 1818.0, 876.0, -16.0, 0, 0, 0
L 1818.0, 876.0, -16.0, 1823.0, 782.0, 2.0, 0, 0, 0
L 1823.0, 782.0, 2.0, 1818.0, 763.0, -12.0, 0, 0, 0
L 1818.0, 763.0, -12.0, 1818.0, 738.0, -16.0, 0, 0, 0
L 1818.0, 738.0, -16.0, 1818.0, 719.0, -16.0, 0, 0, 0
L 1818.0, 719.0, -16.0, 1817.0, 708.0, -16.0, 0, 0, 0
L 1817.0, 708.0, -16.0, 1803.0, 646.0, -16.0, 0, 0, 0
L 1803.0, 646.0, -16.0, 1780.0, 600.0, -16.0, 0, 0, 0
L 1780.0, 600.0, -16.0, 1756.0, 592.0, -16.0, 0, 0, 0
L 1756.0, 592.0, -16.0, 1684.0, 575.0, -16.0, 0, 0, 0
L 1684.0, 575.0, -16.0, 1636.0, 560.0, -16.0, 0, 0, 0
L 1636.0, 560.0, -16.0, 1577.0, 558.0, -16.0, 0, 0, 0
L 1577.0, 558.0, -16.0, 1569.0, 534.0, -16.0, 0, 0, 0
L 1569.0, 534.0, -16.0, 1570.0, 522.0, -6.0, 0, 0, 0
L 1570.0, 522.0, -6.0, 1564.0, 464.0, -2.0, 0, 0, 0
L 1564.0, 464.0, -2.0, 1550.0, 442.0, 7.0, 0, 0, 0
L 1550.0, 442.0, 7.0, 1534.0, 425.0, 0.0, 0, 0, 0
L 1534.0, 425.0, 0.0, 1531.0, 378.0, -16.0, 0, 0, 0
L 1531.0, 378.0, -16.0, 1533.0, 358.0, -1.0, 0, 0, 0
L 1533.0, 358.0, -1.0, 1526.0, 337.0, 2.0, 0, 0, 0
L 1526.0, 337.0, 2.0, 1511.0, 299.0, -16.0, 0, 0, 0
L 1511.0, 299.0, -16.0, 1513.0, 272.0, -16.0, 0, 0, 0
L 1513.0, 272.0, -16.0, 1518.0, 246.0, -16.0, 0, 0, 0
L 1518.0, 246.0, -16.0, 1530.0, 196.0, -16.0, 0, 0, 0
L 1530.0, 196.0, -16.0, 1532.0, 184.0, -16.0, 0, 0, 0
L 1532.0, 184.0, -16.0, 1549.0, 103.0, -16.0, 0, 0, 0
L 1549.0, 103.0, -16.0, 1556.0, 66.0, -16.0, 0, 0, 0
L 1556.0, 66.0, -16.0, 1581.0, 6.0, -16.0, 0, 0, 0
L 1581.0, 6.0, -16.0, 1604.0, -9.0, -16.0, 0, 0, 0
L 1604.0, -9.0, -16.0, 1633.0, -36.0, -16.0, 0, 0, 0
L 1633.0, -36.0, -16.0, 1648.0, -51.0, -16.0, 0, 0, 0
L 1648.0, -51.0, -16.0, 1654.0, -72.0, -16.0, 0, 0, 0
L 1654.0, -72.0, -16.0, 1662.0, -94.0, -16.0, 0, 0, 0
L 1662.0, -94.0, -16.0, 1672.0, -100.0, -16.0, 0, 0, 0
L 1672.0, -100.0, -16.0, 1694.0, -90.0, -16.0, 0, 0, 0
L 1694.0, -90.0, -16.0, 1714.0, -96.0, -16.0, 0, 0, 0
L 1714.0, -96.0, -16.0, 1735.0, -112.0, -16.0, 0, 0, 0
L 1735.0, -112.0, -16.0, 1760.0, -108.0, -16.0, 0, 0, 0
L 1760.0, -108.0, -16.0, 1789.0, -101.0, -16.0, 0, 0, 0
L 1789.0, -101.0, -16.0, 1801.0, -104.0, -16.0, 0, 0, 0
L 1801.0, -104.0, -16.0, 1809.0, -112.0, -16.0, 0, 0, 0
L 1809.0, -112.0, -16.0, 1835.0, -133.0, -16.0, 0, 0, 0
L 1835.0, -133.0, -16.0, 1841.0, -144.0, -16.0, 0, 0, 0
L 1841.0, -144.0, -16.0, 1850.0, -169.0, -16.0, 0, 0, 0
L 1850.0, -169.0, -16.0, 1851.0, -193.0, 0.0, 0, 0, 0
L 1851.0, -193.0, 0.0, 1853.0, -206.0, -3.0, 0, 0, 0
L 1853.0, -206.0, -3.0, 1854.0, -246.0, 3.0, 0, 0, 0
L 1854.0, -246.0, 3.0, 1852.0, -284.0, 0.0, 0, 0, 0
L 1852.0, -284.0, 0.0, 1851.0, -299.0, 0.0, 0, 0, 0
L 1851.0, -299.0, 0.0, 1850.0, -324.0, -2.0, 0, 0, 0
L 1850.0, -324.0, -2.0, 1849.0, -337.0, -16.0, 0, 0, 0
L 1849.0, -337.0, -16.0, 1845.0, -349.0, -13.0, 0, 0, 0
L 1845.0, -349.0, -13.0, 1831.0, -387.0, -2.0, 0, 0, 0
L 1831.0, -387.0, -2.0, 1829.0, -400.0, -2.0, 0, 0, 0
L 1829.0, -400.0, -2.0, 1829.0, -426.0, 5.0, 0, 0, 0
L 1829.0, -426.0, 5.0, 1832.0, -455.0, 0.0, 0, 0, 0
L 1832.0, -455.0, 0.0, 1832.0, -530.0, -164.0, 0, 0, 0
L 1821.0, -570.0, -16.0, 1809.0, -577.0, -16.0, 0, 0, 0
L 1809.0, -577.0, -16.0, 1802.0, -589.0, -16.0, 0, 0, 0
L 1802.0, -589.0, -16.0, 1798.0, -601.0, -16.0, 0, 0, 0
L 1798.0, -601.0, -16.0, 1791.0, -629.0, -16.0, 0, 0, 0
L 1791.0, -629.0, -16.0, 1792.0, -654.0, -16.0, 0, 0, 0
L 1792.0, -654.0, -16.0, 1818.0, -730.0, -16.0, 0, 0, 0
L 1818.0, -730.0, -16.0, 1818.0, -744.0, -16.0, 0, 0, 0
L 1818.0, -744.0, -16.0, 1821.0, -756.0, -13.0, 0, 0, 0
L 1821.0, -756.0, -13.0, 1829.0, -786.0, -3.0, 0, 0, 0
L 1829.0, -786.0, -3.0, 1833.0, -837.0, -4.0, 0, 0, 0
L 1833.0, -837.0, -4.0, 1828.0, -862.0, 10.0, 0, 0, 0
L 1828.0, -862.0, 10.0, 1800.0, -925.0, 7.0, 0, 0, 0
L 1800.0, -925.0, 7.0, 1808.0, -937.0, 5.0, 0, 0, 0
L 1808.0, -937.0, 5.0, 1822.0, -961.0, 1.0, 0, 0, 0
L 1822.0, -961.0, 1.0, 1844.0, -1014.0, -5.0, 0, 0, 0
L 1844.0, -1014.0, -5.0, 1844.0, -1029.0, -1.0, 0, 0, 0
L 1844.0, -1029.0, -1.0, 1844.0, -1042.0, 0.0, 0, 0, 0
L 1844.0, -1042.0, 0.0, 1842.0, -1092.0, -10.0, 0, 0, 0
L 1842.0, -1092.0, -10.0, 1839.0, -1106.0, -5.0, 0, 0, 0
L 1839.0, -1106.0, -5.0, 1836.0, -1119.0, -16.0, 0, 0, 0
L 1836.0, -1119.0, -16.0, 1826.0, -1160.0, -16.0, 0, 0, 0
L 1826.0, -1160.0, -16.0, 1819.0, -1192.0, -8.0, 0, 0, 0
L 1819.0, -1192.0, -8.0, 1818.0, -1206.0, -6.0, 0, 0, 0
L 1818.0, -1206.0, -6.0, 1818.0, -1218.0, -13.0, 0, 0, 0
L 1818.0, -1218.0, -13.0, 1822.0, -1245.0, -18.0, 0, 0, 0
L 1822.0, -1245.0, -18.0, 1826.0, -1274.0, -17.0, 0, 0, 0
L 1826.0, -1274.0, -17.0, 1826.0, -1287.0, -17.0, 0, 0, 0
L 1826.0, -1287.0, -17.0, 1825.0, -1321.0, -2.0, 0, 0, 0
L 1825.0, -1321.0, -2.0, 1838.0, -1412.0, -18.0, 0, 0, 0
L 1838.0, -1412.0, -18.0, 1838.0, -1440.0, -16.0, 0, 0, 0
L 1838.0, -1440.0, -16.0, 1839.0, -1471.0, -14.0, 0, 0, 0
L 1839.0, -1471.0, -14.0, 1849.0, -1493.0, -7.0, 0, 0, 0
L 1849.0, -1493.0, -7.0, 1856.0, -1503.0, -1.0, 0, 0, 0
L 1856.0, -1503.0, -1.0, 1851.0, -1552.0, 14.0, 0, 0, 0
L 1851.0, -1552.0, 14.0, 1850.0, -1586.0, 32.0, 0, 0, 0
L 1850.0, -1586.0, 32.0, 1836.0, -1606.0, 28.0, 0, 0, 0
L 1836.0, -1606.0, 28.0, 1847.0, -1679.0, 87.0, 0, 0, 0
L 1847.0, -1679.0, 87.0, 1845.0, -1692.0, 89.0, 0, 0, 0
L 1845.0, -1692.0, 89.0, 1842.0, -1723.0, 97.0, 0, 0, 0
L 1842.0, -1723.0, 97.0, 1813.0, -1769.0, 123.0, 0, 0, 0
L 1813.0, -1769.0, 123.0, 1806.0, -1774.0, 121.0, 0, 0, 0
L 1806.0, -1774.0, 121.0, 1788.0, -1787.0, 117.0, 0, 0, 0
L 1788.0, -1787.0, 117.0, 1759.0, -1797.0, 102.0, 0, 0, 0
L 1759.0, -1797.0, 102.0, 1748.0, -1797.0, 96.0, 0, 0, 0
L 1748.0, -1797.0, 96.0, 1726.0, -1797.0, 85.0, 0, 0, 0
L 1726.0, -1797.0, 85.0, 1705.0, -1798.0, 74.0, 0, 0, 0
L 1705.0, -1798.0, 74.0, 1684.0, -1798.0, 71.0, 0, 0, 0
L 1684.0, -1798.0, 71.0, 1649.0, -1805.0, 83.0, 0, 0, 0
L 1649.0, -1805.0, 83.0, 1614.0, -1814.0, 109.0, 0, 0, 0
L 1614.0, -1814.0, 109.0, 1577.0, -1824.0, 97.0, 0, 0, 0
L 1577.0, -1824.0, 97.0, 1540.0, -1835.0, 90.0, 0, 0, 0
L 1540.0, -1835.0, 90.0, 1503.0, -1846.0, 69.0, 0, 0, 0
L 1503.0, -1846.0, 69.0, 1467.0, -1858.0, 56.0, 0, 0, 0
L 1467.0, -1858.0, 56.0, 1434.0, -1863.0, 66.0, 0, 0, 0
L 1434.0, -1863.0, 66.0, 1404.0, -1864.0, 87.0, 0, 0, 0
L 1404.0, -1864.0, 87.0, 1382.0, -1866.0, 104.0, 0, 0, 0
L 1382.0, -1866.0, 104.0, 1359.0, -1867.0, 118.0, 0, 0, 0
L 1359.0, -1867.0, 118.0, 1325.0, -1869.0, 114.0, 0, 0, 0
L 1325.0, -1869.0, 114.0, 1292.0, -1871.0, 118.0, 0, 0, 0
L 1292.0, -1871.0, 118.0, 1258.0, -1872.0, 119.0, 0, 0, 0
L 1258.0, -1872.0, 119.0, 1227.0, -1873.0, 115.0, 0, 0, 0
L 1227.0, -1873.0, 115.0, 1198.0, -1870.0, 102.0, 0, 0, 0
L 1198.0, -1870.0, 102.0, 1169.0, -1868.0, 83.0, 0, 0, 0
L 1169.0, -1868.0, 83.0, 1140.0, -1865.0, 78.0, 0, 0, 0
L 1140.0, -1865.0, 78.0, 1048.0, -1858.0, 79.0, 0, 0, 0
L 1048.0, -1858.0, 79.0, 1012.0, -1858.0, 84.0, 0, 0, 0
L 1012.0, -1858.0, 84.0, 976.0, -1858.0, 78.0, 0, 0, 0
L 976.0, -1858.0, 78.0, 941.0, -1857.0, 85.0, 0, 0, 0
L 941.0, -1857.0, 85.0, 904.0, -1862.0, 67.0, 0, 0, 0
L 904.0, -1862.0, 67.0, 867.0, -1867.0, 57.0, 0, 0, 0
L 867.0, -1867.0, 57.0, 828.0, -1872.0, 73.0, 0, 0, 0
L 828.0, -1872.0, 73.0, 794.0, -1872.0, 85.0, 0, 0, 0
L 794.0, -1872.0, 85.0, 760.0, -1869.0, 97.0, 0, 0, 0
L 760.0, -1869.0, 97.0, 725.0, -1866.0, 113.0, 0, 0, 0
L 725.0, -1866.0, 113.0, 690.0, -1864.0, 110.0, 0, 0, 0
L 690.0, -1864.0, 110.0, 658.0, -1861.0, 114.0, 0, 0, 0
L 658.0, -1861.0, 114.0, 625.0, -1856.0, 116.0, 0, 0, 0
L 625.0, -1856.0, 116.0, 593.0, -1852.0, 112.0, 0, 0, 0
L 593.0, -1852.0, 112.0, 559.0, -1848.0, 106.0, 0, 0, 0
L 559.0, -1848.0, 106.0, 526.0, -1843.0, 108.0, 0, 0, 0
L 526.0, -1843.0, 108.0, 500.0, -1839.0, 123.0, 0, 0, 0
L 500.0, -1839.0, 123.0, 471.0, -1836.0, 146.0, 0, 0, 0
L 471.0, -1836.0, 146.0, 436.0, -1835.0, 138.0, 0, 0, 0
L 436.0, -1835.0, 138.0, 398.0, -1837.0, 105.0, 0, 0, 0
L 398.0, -1837.0, 105.0, 361.0, -1838.0, 79.0, 0, 0, 0
L 361.0, -1838.0, 79.0, 324.0, -1840.0, 59.0, 0, 0, 0
L 324.0, -1840.0, 59.0, 287.0, -1843.0, 60.0, 0, 0, 0
L 287.0, -1843.0, 60.0, 249.0, -1846.0, 72.0, 0, 0, 0
L 249.0, -1846.0, 72.0, 212.0, -1849.0, 97.0, 0, 0, 0
L 212.0, -1849.0, 97.0, 175.0, -1852.0, 109.0, 0, 0, 0
L 175.0, -1852.0, 109.0, 138.0, -1853.0, 120.0, 0, 0, 0
L 138.0, -1853.0, 120.0, 103.0, -1852.0, 117.0, 0, 0, 0
L 103.0, -1852.0, 117.0, 67.0, -1852.0, 104.0, 0, 0, 0
L 67.0, -1852.0, 104.0, 31.0, -1852.0, 95.0, 0, 0, 0
L 31.0, -1852.0, 95.0, -2.0, -1850.0, 112.0, 0, 0, 0
L -2.0, -1850.0, 112.0, -106.0, -1846.0, 96.0, 0, 0, 0
L -106.0, -1846.0, 96.0, -176.0, -1843.0, 113.0, 0, 0, 0
L -176.0, -1843.0, 113.0, -245.0, -1840.0, 150.0, 0, 0, 0
L -245.0, -1840.0, 150.0, -319.0, -1843.0, 131.0, 0, 0, 0
L -319.0, -1843.0, 131.0, -395.0, -1847.0, 101.0, 0, 0, 0
L -395.0, -1847.0, 101.0, -468.0, -1851.0, 77.0, 0, 0, 0
L -468.0, -1851.0, 77.0, -543.0, -1856.0, 81.0, 0, 0, 0
L -543.0, -1856.0, 81.0, -580.0, -1859.0, 108.0, 0, 0, 0
L -580.0, -1859.0, 108.0, -618.0, -1863.0, 129.0, 0, 0, 0
L -618.0, -1863.0, 129.0, -656.0, -1869.0, 148.0, 0, 0, 0
L -656.0, -1869.0, 148.0, -731.0, -1882.0, 159.0, 0, 0, 0
L -731.0, -1882.0, 159.0, -769.0, -1889.0, 150.0, 0, 0, 0
L -769.0, -1889.0, 150.0, -803.0, -1894.0, 168.0, 0, 0, 0
L -803.0, -1894.0, 168.0, -838.0, -1893.0, 176.0, 0, 0, 0
L -838.0, -1893.0, 176.0, -872.0, -1891.0, 175.0, 0, 0, 0
L -872.0, -1891.0, 175.0, -906.0, -1888.0, 161.0, 0, 0, 0
L -906.0, -1888.0, 161.0, -940.0, -1885.0, 160.0, 0, 0, 0
L -940.0, -1885.0, 160.0, -1009.0, -1889.0, 174.0, 0, 0, 0
L -1009.0, -1889.0, 174.0, -1025.0, -1884.0, 181.0, 0, 0, 0
L -1025.0, -1884.0, 181.0, -1060.0, -1887.0, 200.0, 0, 0, 0
L -1060.0, -1887.0, 200.0, -1129.0, -1892.0, 125.0, 0, 0, 0
L -1129.0, -1892.0, 125.0, -1161.0, -1887.0, 108.0, 0, 0, 0
L -1161.0, -1887.0, 108.0, -1225.0, -1878.0, 106.0, 0, 0, 0
L -1225.0, -1878.0, 106.0, -1257.0, -1873.0, 110.0, 0, 0, 0
L -1257.0, -1873.0, 110.0, -1314.0, -1866.0, 127.0, 0, 0, 0
L 1865.0, -562.0, -1.0, 1828.0, -569.0, -12.0, 0, 0, 0
L 1828.0, -569.0, -12.0, 1821.0, -570.0, -16.0, 0, 0, 0
L 1832.0, -530.0, -164.0, 1834.0, -531.0, -16.0, 0, 0, 0
L 1834.0, -531.0, -16.0, 1844.0, -537.0, -5.0, 0, 0, 0
L 79.0, -32.0, -44.0, 82.0, -32.0, -44.0, 0, 0, 0
L 99.0, -32.0, -44.0, 101.0, -63.0, -44.0, 0, 0, 0
L 101.0, -63.0, -44.0, 116.0, -63.0, -44.0, 0, 0, 0
L 116.0, -63.0, -44.0, 120.0, -66.0, -44.0, 0, 0, 0
L 120.0, -66.0, -44.0, 122.0, -61.0, -44.0, 0, 0, 0
L 122.0, -61.0, -44.0, 122.0, -21.0, -17.0, 0, 0, 0
L 122.0, -21.0, -17.0, 154.0, -21.0, -17.0, 0, 0, 0
L 154.0, -21.0, -17.0, 154.0, -2.0, -16.0, 0, 0, 0
L 154.0, -2.0, -16.0, 123.0, -2.0, -16.0, 0, 0, 0
L 123.0, -2.0, -16.0, 120.0, 79.0, -16.0, 0, 0, 0
L 120.0, 79.0, -16.0, -194.0, 78.0, -16.0, 0, 0, 0
L -194.0, 78.0, -16.0, -192.0, -239.0, -16.0, 0, 0, 0
L -192.0, -239.0, -16.0, 123.0, -238.0, -16.0, 0, 0, 0
L 123.0, -238.0, -16.0, 123.0, -138.0, -16.0, 0, 0, 0
L 123.0, -138.0, -16.0, 154.0, -137.0, -16.0, 0, 0, 0
L 154.0, -137.0, -16.0, 154.0, -120.0, -16.0, 0, 0, 0
L 154.0, -120.0, -16.0, 123.0, -119.0, -17.0, 0, 0, 0
L 123.0, -119.0, -17.0, 122.0, -79.0, -44.0, 0, 0, 0
L 122.0, -79.0, -44.0, 123.0, -75.0, -44.0, 0, 0, 0
L 123.0, -75.0, -44.0, 116.0, -77.0, -44.0, 0, 0, 0
L 116.0, -77.0, -44.0, 85.0, -77.0, -44.0, 0, 0, 0
L 85.0, -77.0, -44.0, 85.0, -46.0, -44.0, 0, 0, 0
L 85.0, -46.0, -44.0, 82.0, -46.0, -44.0, 0, 0, 0
L 70.0, 195.0, -13.0, 89.0, 225.0, -13.0, 0, 0, 0
L 89.0, 225.0, -13.0, 108.0, 213.0, -13.0, 0, 0, 0
L 108.0, 213.0, -13.0, 113.0, 219.0, -13.0, 0, 0, 0
L 113.0, 219.0, -13.0, 94.0, 232.0, -13.0, 0, 0, 0
L 94.0, 232.0, -13.0, 123.0, 277.0, -12.0, 0, 0, 0
L 123.0, 277.0, -12.0, 147.0, 314.0, 3.0, 0, 0, 0
L 147.0, 314.0, 3.0, 194.0, 282.0, 0.0, 0, 0, 0
L 194.0, 282.0, 0.0, 171.0, 248.0, -12.0, 0, 0, 0
L 171.0, 248.0, -12.0, 141.0, 202.0, -13.0, 0, 0, 0
L 141.0, 202.0, -13.0, 124.0, 213.0, -13.0, 0, 0, 0
L 124.0, 213.0, -13.0, 119.0, 206.0, -13.0, 0, 0, 0
L 136.0, 225.0, -13.0, 118.0, 237.0, -13.0, 0, 0, 0
L 118.0, 237.0, -13.0, 129.0, 256.0, -13.0, 0, 0, 0
L 129.0, 256.0, -13.0, 149.0, 244.0, -13.0, 0, 0, 0
L 149.0, 244.0, -13.0, 136.0, 225.0, -13.0, 0, 0, 0
L 140.0, 274.0, -11.0, 151.0, 290.0, -4.0, 0, 0, 0
L 151.0, 290.0, -4.0, 171.0, 277.0, -3.0, 0, 0, 0
L 171.0, 277.0, -3.0, 158.0, 258.0, -13.0, 0, 0, 0
L 158.0, 258.0, -13.0, 149.0, 264.0, -13.0, 0, 0, 0
L 149.0, 264.0, -13.0, 140.0, 250.0, -13.0, 0, 0, 0
L 140.0, 250.0, -13.0, 125.0, 261.0, -13.0, 0, 0, 0
L 125.0, 261.0, -13.0, 136.0, 276.0, -11.0, 0, 0, 0
L 136.0, 276.0, -11.0, 140.0, 274.0, -11.0, 0, 0, 0
L 143.0, 323.0, 7.0, 145.0, 323.0, 7.0, 0, 0, 0
L 145.0, 323.0, 7.0, 205.0, 284.0, 2.0, 0, 0, 0
L 205.0, 284.0, 2.0, 149.0, 197.0, -16.0, 0, 0, 0
L 149.0, 197.0, -16.0, 177.0, 177.0, -15.0, 0, 0, 0
L 58.0, 193.0, -15.0, 143.0, 323.0, 7.0, 0, 0, 0
L -350.0, -141.0, -16.0, -368.0, -247.0, -16.0, 0, 0, 0
L -368.0, -247.0, -16.0, -451.0, -233.0, 2.0, 0, 0, 0
L -356.0, -103.0, -16.0, -391.0, -96.0, -16.0, 0, 0, 0
L -391.0, -96.0, -16.0, -393.0, -104.0, -16.0, 0, 0, 0
L -393.0, -104.0, -16.0, -357.0, -110.0, -16.0, 0, 0, 0
L -357.0, -110.0, -16.0, -356.0, -103.0, -16.0, 0, 0, 0
L -350.0, -141.0, -16.0, -357.0, -139.0, -16.0, 0, 0, 0
L -357.0, -139.0, -16.0, -375.0, -238.0, -15.0, 0, 0, 0
L -375.0, -238.0, -15.0, -410.0, -231.0, -15.0, 0, 0, 0
L -410.0, -231.0, -15.0, -407.0, -209.0, -15.0, 0, 0, 0
L -407.0, -209.0, -15.0, -414.0, -207.0, -15.0, 0, 0, 0
L -414.0, -207.0, -15.0, -419.0, -230.0, -15.0, 0, 0, 0
L -419.0, -230.0, -15.0, -449.0, -225.0, 2.0, 0, 0, 0
L -449.0, -225.0, 2.0, -451.0, -233.0, 2.0, 0, 0, 0
L -395.0, -133.0, -16.0, -405.0, -198.0, -15.0, 0, 0, 0
L -405.0, -198.0, -15.0, -409.0, -174.0, -14.0, 0, 0, 0
L -409.0, -174.0, -14.0, -440.0, -167.0, 4.0, 0, 0, 0
L -440.0, -167.0, 4.0, -408.0, -166.0, -12.0, 0, 0, 0
L -408.0, -166.0, -12.0, -404.0, -145.0, -12.0, 0, 0, 0
L -404.0, -145.0, -12.0, -395.0, -133.0, -16.0, 0, 0, 0
L -1450.0, -1418.0, -26.0, -1439.0, -1407.0, -26.0, 0, 0, 255
L -1439.0, -1407.0, -26.0, -1425.0, -1399.0, -26.0, 0, 0, 255
L -1425.0, -1399.0, -26.0, -1413.0, -1391.0, -26.0, 0, 0, 255
L -1413.0, -1391.0, -26.0, -1397.0, -1387.0, -26.0, 0, 0, 255
L -1397.0, -1387.0, -26.0, -1383.0, -1385.0, -25.0, 0, 0, 255
L -1383.0, -1385.0, -25.0, -1366.0, -1383.0, -26.0, 0, 0, 255
L -1366.0, -1383.0, -26.0, -1342.0, -1378.0, -26.0, 0, 0, 255
L -1342.0, -1378.0, -26.0, -1325.0, -1378.0, -26.0, 0, 0, 255
L -1325.0, -1378.0, -26.0, -1303.0, -1382.0, -26.0, 0, 0, 255
L -1303.0, -1382.0, -26.0, -1289.0, -1388.0, -27.0, 0, 0, 255
L -1289.0, -1388.0, -27.0, -1272.0, -1395.0, -26.0, 0, 0, 255
L -1272.0, -1395.0, -26.0, -1256.0, -1404.0, -27.0, 0, 0, 255
L -1256.0, -1404.0, -27.0, -1238.0, -1411.0, -26.0, 0, 0, 255
L -1238.0, -1411.0, -26.0, -1229.0, -1420.0, -27.0, 0, 0, 255
L -1229.0, -1420.0, -27.0, -1227.0, -1431.0, -27.0, 0, 0, 255
L -1227.0, -1431.0, -27.0, -1222.0, -1440.0, -26.0, 0, 0, 255
L -1222.0, -1440.0, -26.0, -1210.0, -1463.0, -26.0, 0, 0, 255
L -1210.0, -1463.0, -26.0, -1213.0, -1478.0, -27.0, 0, 0, 255
L -1213.0, -1478.0, -27.0, -1213.0, -1483.0, -27.0, 0, 0, 255
L -1213.0, -1483.0, -27.0, -1214.0, -1523.0, -26.0, 0, 0, 255
L -1214.0, -1523.0, -26.0, -1213.0, -1540.0, -27.0, 0, 0, 255
L -1213.0, -1540.0, -27.0, -1208.0, -1560.0, -27.0, 0, 0, 255
L -1208.0, -1560.0, -27.0, -1207.0, -1568.0, -27.0, 0, 0, 255
L -1207.0, -1568.0, -27.0, -1208.0, -1574.0, -27.0, 0, 0, 255
L -1208.0, -1574.0, -27.0, -1211.0, -1581.0, -27.0, 0, 0, 255
L -1211.0, -1581.0, -27.0, -1218.0, -1592.0, -27.0, 0, 0, 255
L -1218.0, -1592.0, -27.0, -1222.0, -1599.0, -26.0, 0, 0, 255
L -1222.0, -1599.0, -26.0, -1227.0, -1611.0, -27.0, 0, 0, 255
L -1227.0, -1611.0, -27.0, -1239.0, -1622.0, -27.0, 0, 0, 255
L -1239.0, -1622.0, -27.0, -1248.0, -1628.0, -27.0, 0, 0, 255
L -1248.0, -1628.0, -27.0, -1273.0, -1640.0, -26.0, 0, 0, 255
L -1273.0, -1640.0, -26.0, -1299.0, -1652.0, -26.0, 0, 0, 255
L -1299.0, -1652.0, -26.0, -1322.0, -1658.0, -26.0, 0, 0, 255
L -1322.0, -1658.0, -26.0, -1334.0, -1658.0, -26.0, 0, 0, 255
L -1334.0, -1658.0, -26.0, -1347.0, -1655.0, -27.0, 0, 0, 255
L -1347.0, -1655.0, -27.0, -1357.0, -1653.0, -27.0, 0, 0, 255
L -1357.0, -1653.0, -27.0, -1372.0, -1644.0, -26.0, 0, 0, 255
L -1372.0, -1644.0, -26.0, -1377.0, -1640.0, -26.0, 0, 0, 255
L -1377.0, -1640.0, -26.0, -1391.0, -1628.0, -27.0, 0, 0, 255
L -1391.0, -1628.0, -27.0, -1399.0, -1624.0, -26.0, 0, 0, 255
L -1399.0, -1624.0, -26.0, -1420.0, -1602.0, -27.0, 0, 0, 255
L -1420.0, -1602.0, -27.0, -1435.0, -1582.0, -27.0, 0, 0, 255
L -1435.0, -1582.0, -27.0, -1441.0, -1563.0, -27.0, 0, 0, 255
L -1441.0, -1563.0, -27.0, -1445.0, -1545.0, -27.0, 0, 0, 255
L -1445.0, -1545.0, -27.0, -1446.0, -1522.0, -27.0, 0, 0, 255
L -1446.0, -1522.0, -27.0, -1443.0, -1500.0, -27.0, 0, 0, 255
L -1443.0, -1500.0, -27.0, -1447.0, -1474.0, -27.0, 0, 0, 255
L -1447.0, -1474.0, -27.0, -1452.0, -1463.0, -27.0, 0, 0, 255
L -1452.0, -1463.0, -27.0, -1452.0, -1436.0, -27.0, 0, 0, 255
L -1452.0, -1436.0, -27.0, -1450.0, -1418.0, -25.0, 0, 0, 255
L 82.0, -32.0, -44.0, 99.0, -32.0, -44.0, 0, 0, 0
L 82.0, -46.0, -44.0, 82.0, -32.0, -44.0, 199, 21, 133
L -276.0, 2039.0, -38.0, -277.0, 2029.0, -36.0, 0, 0, 0
L -300.0, 2043.0, -38.0, -276.0, 2039.0, -38.0, 199, 21, 133
L -300.0, 2043.0, -38.0, -300.0, 2066.8, -38.0, 0, 0, 0
L 2036.9, -647.6, 13.8, 2032.9, -645.1, 13.8, 0, 0, 0
L 2032.9, -645.1, 13.8, 2031.2, -644.2, 13.8, 0, 0, 0
L 2031.2, -644.2, 13.8, 2010.6, -634.1, 13.8, 0, 0, 0
L 2010.6, -634.1, 13.8, 2009.2, -632.8, 13.8, 0, 0, 0
L 2009.2, -632.8, 13.8, 2001.9, -626.0, 13.8, 0, 0, 0
L 2001.9, -626.0, 13.8, 1998.4, -622.7, 13.8, 0, 0, 0
L 1998.4, -622.7, 13.8, 1997.5, -621.2, 13.8, 0, 0, 0
L 1997.5, -621.2, 13.8, 1993.7, -615.0, 13.8, 0, 0, 0
L 1993.7, -615.0, 13.8, 1993.0, -613.3, 13.9, 0, 0, 0
L 1993.0, -613.3, 13.9, 1988.3, -600.0, 13.9, 0, 0, 0
L 1988.3, -600.0, 13.9, 1988.1, -598.1, 13.9, 0, 0, 0
L 1988.1, -598.1, 13.9, 1987.6, -593.8, 13.9, 0, 0, 0
L 1987.6, -593.8, 13.9, 1987.4, -591.8, 13.9, 0, 0, 0
L 1987.4, -591.8, 13.9, 1986.9, -587.4, 13.9, 0, 0, 0
L 1986.9, -587.4, 13.9, 1986.7, -585.6, 13.9, 0, 0, 0
L 1986.7, -585.6, 13.9, 1986.2, -581.2, 13.9, 0, 0, 0
L 1986.2, -581.2, 13.9, 1986.0, -579.3, 13.9, 0, 0, 0
L 1986.0, -579.3, 13.9, 1985.2, -577.6, 13.9, 0, 0, 0
L 1985.2, -577.6, 13.9, 1983.9, -576.3, 13.9, 0, 0, 0
L 1983.9, -576.3, 13.9, 1977.9, -570.6, 13.9, 0, 0, 0
L 1977.9, -570.6, 13.9, 1975.9, -570.3, 13.9, 0, 0, 0
L 1975.9, -570.3, 13.9, 1971.5, -569.5, 17.0, 0, 0, 0
L 2007.8, -552.2, 16.8, 2021.5, -575.3, 16.8, 0, 0, 0
L 2021.5, -575.3, 16.8, 2021.9, -577.1, 16.8, 0, 0, 0
L 2021.9, -577.1, 16.8, 2022.3, -583.0, 16.8, 0, 0, 0
L 2022.3, -583.0, 16.8, 2022.5, -584.9, 16.8, 0, 0, 0
L 2022.5, -584.9, 16.8, 2023.0, -590.6, 16.8, 0, 0, 0
L 2023.0, -590.6, 16.8, 2023.6, -592.5, 16.8, 0, 0, 0
L 2023.6, -592.5, 16.8, 2026.6, -601.9, 16.8, 0, 0, 0
L 2026.6, -601.9, 16.8, 2027.3, -603.7, 16.8, 0, 0, 0
L 2027.3, -603.7, 16.8, 2028.9, -604.8, 16.8, 0, 0, 0
L 2028.9, -604.8, 16.8, 2037.2, -610.5, 16.8, 0, 0, 0
L 2037.2, -610.5, 16.8, 2039.0, -611.1, 16.8, 0, 0, 0
L 2039.0, -611.1, 16.8, 2048.1, -614.5, 16.8, 0, 0, 0
L 2005.7, -552.7, 16.8, 1992.9, -544.5, 24.9, 0, 0, 0
L 1992.9, -544.5, 24.9, 1991.0, -544.0, 25.0, 0, 0, 0
L 1991.0, -544.0, 25.0, 1989.3, -543.4, 24.9, 0, 0, 0
L 1989.3, -543.4, 24.9, 1980.1, -539.7, 23.8, 0, 0, 0
L 1980.1, -539.7, 23.8, 1976.0, -538.3, 23.6, 0, 0, 0
L 1976.0, -538.3, 23.6, 1966.6, -535.3, 23.5, 0, 0, 0
L 1966.6, -535.3, 23.5, 1961.6, -533.9, 23.4, 0, 0, 0
L 1961.6, -533.9, 23.4, 1959.7, -533.7, 23.4, 0, 0, 0
L 1959.7, -533.7, 23.4, 1950.0, -532.9, 23.3, 0, 0, 0
L 1950.0, -532.9, 23.3, 1892.5, -527.9, 18.8, 0, 0, 0
L 1892.5, -527.9, 18.8, 1890.7, -527.3, 18.8, 0, 0, 0
L 1890.7, -527.3, 18.8, 1886.7, -526.3, 18.8, 0, 0, 0
L 1886.7, -526.3, 18.8, 1884.8, -526.0, 18.8, 0, 0, 0
L 1884.8, -526.0, 18.8, 1875.9, -524.5, 18.8, 0, 0, 0
L 1875.9, -524.5, 18.8, 1874.2, -523.8, 18.8, 0, 0, 0
L 1874.2, -523.8, 18.8, 1872.3, -523.2, 18.8, 0, 0, 0
L 1872.3, -523.2, 18.8, 1851.9, -516.5, 22.7, 0, 0, 0
L 1851.9, -516.5, 22.7, 1850.7, -515.0, 21.9, 0, 0, 0
L 1850.7, -515.0, 21.9, 1849.0, -512.8, 22.3, 0, 0, 0
L 1849.0, -512.8, 22.3, 1848.0, -511.1, 21.5, 0, 0, 0
L 1848.0, -511.1, 21.5, 1847.0, -509.4, 21.7, 0, 0, 0
L 1847.0, -509.4, 21.7, 1846.3, -507.7, 21.0, 0, 0, 0
L 1846.3, -507.7, 21.0, 1845.5, -506.0, 20.3, 0, 0, 0
L 1845.5, -506.0, 20.3, 1844.6, -504.3, 20.3, 0, 0, 0
L 1844.6, -504.3, 20.3, 1843.7, -502.6, 19.5, 0, 0, 0
L 1843.7, -502.6, 19.5, 1843.0, -501.2, 19.6, 0, 0, 0
L 1862.0, -557.2, 18.2, 1867.5, -559.8, 18.1, 0, 0, 0
L 1867.5, -559.8, 18.1, 1876.2, -564.1, 17.9, 0, 0, 0
L 1876.2, -564.1, 17.9, 1885.1, -568.7, 17.8, 0, 0, 0
L 1885.1, -568.7, 17.8, 1891.3, -571.8, 17.8, 0, 0, 0
L 1891.3, -571.8, 17.8, 1893.3, -571.5, 17.8, 0, 0, 0
L 1893.3, -571.5, 17.8, 1903.4, -570.3, 17.8, 0, 0, 0
L 1903.4, -570.3, 17.8, 1913.2, -569.4, 17.8, 0, 0, 0
L 1913.2, -569.4, 17.8, 1925.6, -568.3, 17.8, 0, 0, 0
L 1925.6, -568.3, 17.8, 1927.0, -566.9, 18.1, 0, 0, 0
L 1927.0, -566.9, 18.1, 1928.5, -565.9, 18.2, 0, 0, 0
L 1928.5, -565.9, 18.2, 1936.7, -560.4, 18.7, 0, 0, 0
L 1936.7, -560.4, 18.7, 1938.7, -560.4, 18.7, 0, 0, 0
L 1938.7, -560.4, 18.7, 1940.6, -560.5, 18.6, 0, 0, 0
L 1940.6, -560.5, 18.6, 1952.6, -561.5, 18.2, 0, 0, 0
L 1952.6, -561.5, 18.2, 1954.4, -562.3, 18.1, 0, 0, 0
L 1954.4, -562.3, 18.1, 1963.8, -566.2, 18.9, 0, 0, 0
L 1963.8, -566.2, 18.9, 1965.5, -566.7, 20.7, 0, 0, 0
L 1965.5, -566.7, 20.7, 1969.0, -567.8, 20.8, 0, 0, 0
L 1969.0, -567.8, 20.8, 1970.4, -568.8, 20.4, 0, 0, 0
L 1970.4, -568.8, 20.4, 1972.0, -569.6, 20.1, 0, 0, 0
L 1972.0, -569.6, 20.1, 1973.9, -569.9, 19.7, 0, 0, 0
L 1973.9, -569.9, 19.7, 1975.5, -570.2, 19.3, 0, 0, 0
L 177.0, 177.0, -15.0, 172.7, 170.5, -15.0, 0, 0, 0
L 148.0, 133.0, -15.0, 58.0, 193.0, -15.0, 0, 0, 0
L 152.6, 140.0, -15.0, 70.0, 195.0, -13.0, 0, 0, 0
L 172.7, 170.5, -15.0, 152.6, 140.0, -15.0, 150, 150, 150
L 172.7, 170.5, -15.0, 119.0, 206.0, -13.0, 0, 0, 0
L 152.6, 140.0, -15.0, 148.0, 133.0, -15.0, 0, 0, 0
