P 178.0000, -255.0000, -85.0000, 255, 0, 0, 3, to_The_Broodlands_(click)
P 3754.9629, -451.2770, 85.9430, 255, 0, 0, 3, Zone_in
P 142.0000, 80.0000, -85.0000, 255, 0, 0, 2, Succor
P 2661.0000, 950.0000, -179.0000, 0, 0, 0, 2, Kerosek
P -2423.0000, 1178.0000, -272.0000, 0, 0, 0, 2, a_corrupted_protector
P -2348.0000, 1246.0000, -273.0000, 0, 0, 0, 2, a_corrupted_guardian
P -3626.0000, 1003.0000, -359.0000, 0, 0, 0, 2, Hatchery_Guard_Pip
P -2413.0000, 421.0000, -268.0000, 0, 0, 0, 2, Elureh
P -3060.0000, -1480.0000, -169.0000, 0, 0, 0, 2, Defender_Tyothil
P -3060, -1480, -169, 0, 0, 0, 2, Defender_Tyleth
P -213.0000, 2408.0000, -449.0000, 226, 26, 0, 2, Hatched
P -703.0000, 3634.0000, -358.0000, 255, 255, 255, 2, Statue
P -1373.0000, 1772.0000, -177.0000, 0, 0, 0, 2, Magmeran
P 2694.5155, -1224.5217, 6.6236, 0, 0, 0, 2, Feryda
P -1492.0000, -2416.0000, -359.0000, 255, 255, 255, 2, Glowing_Dragon_Statue
P -1045.0000, -2154.0000, -267.0000, 0, 0, 0, 2, Sentinel_Pafyr
P 86.0000, -1591.0000, -181.0000, 255, 255, 255, 2, Glowing_Dragon_Statue
P -70.0000, -1746.0000, -183.0000, 255, 255, 255, 2, Glowing_Dragon_Statue
P -639.0000, -1148.0000, -81.0000, 0, 0, 0, 2, Merdith
P -2401.289, 451.1132, -268.301, 0, 0, 0, 2, Elureh
P -2523.684, 2108.1559, -355.8104, 0, 0, 0, 2, Ainslin
P 2745.0000, 1043.0000, -177.0000, 255, 255, 255, 2, Corrupted_Drakes_and_Fallen_Nestlings
P 1484.0000, 668.0000, -179.0000, 0, 0, 0, 2, Aspect_of_Power
P 1711.0000, 429.0000, -178.0000, 0, 0, 0, 2, Aspect_of_Armor
P 1536.0000, 363.0000, -177.0000, 0, 0, 0, 2, Aspect_of_Magic
P 1593.0000, 499.0000, -178.0000, 0, 0, 0, 2, Aspect_of_Protection
P -836.103, -763.3874, -92.25, 0, 0, 0, 2, Sandwatcher_Kolein
P 951.0000, -4.0000, -3.0000, 255, 255, 0, 1, Door
P 3213.0000, -422.0000, -1.0000, 255, 255, 0, 1, Door
P 1761.0000, -895.0000, -193.0000, 255, 255, 0, 2, Pit
P 1835.0000, -618.0000, -193.0000, 0, 0, 0, 2, Succor_Stone
P -28.0000, -562.0000, -1900.0000, 0, 0, 0, 2, Succor_Stone
P 526.0000, -396.0000, -1577.0000, 255, 255, 255, 2, Big_Pit
P 2235.0000, 1365.0000, -421.0000, 0, 0, 0, 2, Succor_Stone
P 2788.0000, -1148.0000, -239.0000, 0, 0, 0, 2, Succor_Stone
P 2642.0000, -1376.0000, -236.0000, 255, 255, 0, 2, Pit
P -1017.0000, 1224.0000, -197.0000, 255, 255, 0, 2, Lava
P -1829.0000, -676.0000, -135.0000, 255, 255, 255, 2, Dry_River_Bed
P -31.0000, 2378.0000, -470.0000, 255, 255, 0, 2, Lava
P -658.0000, 3619.0000, -352.0000, 255, 255, 255, 2, Hatching_Room
P -570.0000, 2908.0000, -359.0000, 255, 255, 255, 2, Hatching_Room
P -1338.0000, 1776.0000, -180.0000, 0, 0, 0, 2, Hatching_Room_Noble
P -2233.0000, 299.0000, -270.0000, 255, 255, 255, 2, Hatching_Room
P -2309.0000, 1058.0000, -264.0000, 255, 255, 255, 2, Hatching_Room
P -2500.0000, 2063.0000, -352.0000, 255, 255, 255, 2, Hatching_Room
P -3548.0000, 1067.0000, -352.0000, 255, 255, 255, 2, Hatching_Room
P -2462.0000, -1161.0000, -167.0000, 255, 255, 255, 2, Hatching_Room
P -2991.0000, -1420.0000, -170.0000, 255, 255, 255, 2, Hatching_Room
P -4004.0000, -1216.0000, -161.0000, 255, 255, 255, 2, Hatching_Room
P -4274.0000, -659.0000, -250.0000, 255, 255, 255, 2, Hatching_Room
P -3765.0000, -384.0000, -246.0000, 0, 0, 0, 2, Hatching_Room_Noble
P -2426.0000, -365.0000, -167.0000, 0, 0, 0, 2, Hatched
P -978.0000, -764.0000, -86.0000, 255, 255, 255, 2, Hatching_Room
P -666.0000, -1184.0000, -89.0000, 255, 255, 255, 2, Hatching_Room
P 3.0000, -1686.0000, -180.0000, 255, 255, 255, 2, Hatching_Room
P -967.0000, -2063.0000, -274.0000, 255, 255, 255, 2, Hatching_Room
P -1435.0000, -2350.0000, -360.0000, 0, 0, 0, 2, Hatching_Room_Noble
P 1590.0000, 582.0000, -170.0000, 0, 0, 0, 2, T`Shara
P -2421.1687, -1222.5396, -170.3665, 0, 0, 0, 2, Adenox
P -675.2164, 3612.9456, -353.4592, 0, 0, 0, 2, Shaded_Shard
P 2661, 950, -179, 0, 0, 0, 2, Kerosek
P 2087.0000, 1440.0000, -178.0000, 255, 255, 255, 2, Cursebringer_Room
P 2773.0000, 919.0000, -177.0000, 255, 255, 255, 2, Whirls_&_Dervishes
P 2613.0000, -1272.0000, 8.0000, 255, 255, 255, 2, Venomfangs_&_Cursebingers
P 1769.0000, -732.0000, 7.0000, 255, 255, 255, 255, Whirl/Dervish__Room
P 2106.0000, 1616.0000, -420.0000, 255, 255, 0, 2, Pit
P -4669.0000, -1092.0000, -175.0000, 0, 0, 0, 2, Adel`ek_(Roam)
P 1802.4463, -744.3007, 2.3711, 0, 0, 0, 2, Seism
P 47.0000, 2737.0000, -363.0000, 0, 0, 0, 2, Temblor
P -2404.0000, -126.0000, -275.0000, 0, 0, 0, 2, Kami
P 135.3659, -1667.3434, -180.1117, 0, 0, 0, 2, Eggtender_Nim
P 4639.2168, -724.8630, 128.3780, 0, 0, 0, 2, egg
P -131.6731, 2396.133, -450.132, 0, 0, 0, 2, Lavawalker