P 1646.0000, 212.0000, 463.9393,  255, 0, 0,  3,  to_Korascian_Warrens
P 396.9305, -336.6207, 18.3250,  255, 0, 0,  3,  to_The_Void
P -1203.0000, 1354.0000, 288.2500,  127, 0, 0,  2,  Frudil
P -2087.0000, 708.0000, 68.0000,  127, 64, 0,  2,  Ulgren_Vith_(Hunter)
P 40.0000, 75.0000, 2.4000,  127, 128, 64,  2,  Sturk_the_Insane_Froglok
P 369.0000, -343.0000, 16.0000,  0, 127, 0,  2,  Mitius_Herald_of_change_(Supplier)
P -1849.0649, 772.5801, 64.1533,  0, 0, 0,  2,  Ganrik_4
P -1871.0731, 227.4397, 64.1679,  0, 0, 0,  2,  Kudor_Gakk
P -1326.0741, 1973.6580, 283.3072,  0, 0, 0,  2,  Spiritmind_Loknar
P -1333.5510, 1965.0209, 283.3072,  0, 0, 0,  2,  Namekeepr_Tregnok
P -114.0482, 1352.8887, 121.0029,  127, 64, 0,  2,  Tonk_the_Axestopper_(Hunter)
P 1474.1920, 123.8090, 429.3664,  0, 0, 0,  2,  Ganrik_3
P -59.4088, 1039.1693, 121.0029,  0, 128, 128,  2,  Blurik_the_runner_(Quest)
P -1817.8553, 760.8687, 273.4562,  0, 0, 0,  2,  Ganrik_2
P -2885.0256, -57.5851, 285.7567,  0, 0, 0,  2,  Ganrik_1
P -1198.0831, 612.1014, 273.4562,  127, 64, 0,  2,  Griddunk_(Hunter)
P -1320.0173, 533.1447, 273.4562,  127, 64, 0,  2,  Vruten_the_Intendant_(Hunter)
P -1401.6436, 152.4077, 64.1679,  0, 0, 0,  2,  General_Lobroan
P -2264.3047, 842.4105, 64.1679,  0, 128, 128,  2,  Keruk_Garrkol_Beetle_Herer_(Quest)
P -2040.6930, 582.5740, 64.1679,  0, 128, 128,  2,  Fregg_the_Tamer_(Quest)
P -1846.1012, 441.9908, 64.0126,  127, 64, 0,  2,  Vessa_the_Oracle_(Hunter)
P -396.5194, 267.0176, 36.7964,  0, 0, 0,  2,  Ganek_Dopp_(Roam)
P -1408.9646, 703.3691, 69.0010,  0, 0, 0,  2,  Muskorr_Agitarr
P -1336.4886, 914.7282, 65.7418,  0, 0, 0,  2,  Kuris_the_Garbage_Eater
P -2289.9333, 638.7611, 64.0237,  0, 0, 0,  2,  Drednig_Cleave
P -1269.9944, 45.2444, 64.0188,  0, 128, 128,  2,  Fekden_the_Cruel_(Quest)
P -1580.8265, 747.9470, 64.1680,  127, 64, 0,  2,  Captain_Tregenek_(Hunter)
P -1534.8008, 664.8562, 64.1680,  0, 0, 0,  2,  General_Grusix
P -1320.7461, 1228.6470, 64.1680,  0, 0, 0,  2,  Basta_Shivstalker
P -2355.2073, 801.4747, 64.1679,  0, 0, 127,  2,  Clue_1
P -1584.0157, 521.9567, 64.1679,  127, 64, 0,  2,  Brusk_of_Oggok_(Hunter)
P -2017.3091, 724.7883, 64.1679,  0, 0, 127,  2,  Clue_2
P -1885.0131, 663.9191, 298.9351,  0, 0, 0,  2,  Tardunk
P -1336.0660, 359.6980, 64.1679,  0, 0, 0,  2,  General_Bardak
P -1239.3152, 188.3793, 64.1680,  0, 0, 0,  2,  General_Arblok
P 375.4825, -346.7923, 16.1006,  0, 128, 0,  2,  Assistant_Josienisa_(Spells)
P -1600.2590, 518.3397, 273.4561,  255, 255, 255,  2,  Hall_of_Decrees
P 384.9023, -288.0646, 19.1971,  0, 127, 127,  2,  Galadvert_Nablisten_(Quest)
P 379.8398, -224.5095, 17.5497,  0, 127, 127,  2,  Jink_(Quest)
P 379.8398, -224.5095, 17.5497,  0, 127, 127,  2,  Wazlum_(Quest)
P 437.4568, -303.5746, 19.6560,  0, 127, 127,  2,  Trilyaris_(Mission)
P 424.7401, -320.0030, 17.2292,  0, 127, 127,  2,  Dwerina_Feystalker_(Quest)
P -2954.0000, 1774.0000, 377.1249,  240, 240, 0,  2,  Locked_Door_(Sphinx_Chamber_Key)
P -2998.9255, 1832.2976, 376.8116,  0, 0, 0,  2,  Zayenaekk
