L 1000.0, 0.0, 0.0, 1000.0, -50.0, 0.0, 255, 0, 0
L -20.0, 50.0, 0.0, -50.0, 20.0, 0.0, 255, 0, 0
L 50.0, 20.0, 0.0, 20.0, 50.0, 0.0, 255, 0, 0
L 20.0, -50.0, 0.0, 50.0, -20.0, 0.0, 255, 0, 0
L -50.0, -20.0, 0.0, -20.0, -50.0, 0.0, 255, 0, 0
L -50.0, 20.0, 0.0, -50.0, -20.0, 0.0, 255, 0, 0
L 20.0, 50.0, 0.0, -20.0, 50.0, 0.0, 255, 0, 0
L 50.0, -20.0, 0.0, 50.0, 20.0, 0.0, 255, 0, 0
L -20.0, -50.0, 0.0, 20.0, -50.0, 0.0, 255, 0, 0
L 580.0, -20.0, 0.0, 540.0, -20.0, 0.0, 255, 0, 0
L 580.0, -90.0, 0.0, 580.0, -20.0, 0.0, 255, 0, 0
L 540.0, -90.0, 0.0, 580.0, -90.0, 0.0, 255, 0, 0
L 540.0, -20.0, 0.0, 540.0, -90.0, 0.0, 255, 0, 0
L 520.0, -20.0, 0.0, 480.0, -20.0, 0.0, 255, 0, 0
L 520.0, -90.0, 0.0, 520.0, -20.0, 0.0, 255, 0, 0
L 480.0, -90.0, 0.0, 520.0, -90.0, 0.0, 255, 0, 0
L 480.0, -20.0, 0.0, 480.0, -90.0, 0.0, 255, 0, 0
L 460.0, -90.0, 0.0, 450.0, -80.0, 0.0, 255, 0, 0
L 460.0, -20.0, 0.0, 460.0, -90.0, 0.0, 255, 0, 0
L 0.0, -250.0, 0.0, 0.0, 250.0, 0.0, 255, 0, 0
L -250.0, 0.0, 0.0, 1000.0, 0.0, 0.0, 255, 0, 0
L -120.0, -80.0, 0.0, -120.0, -60.0, 0.0, 255, 0, 0
L -120.0, -60.0, 0.0, -120.0, -40.0, 0.0, 255, 0, 0
L -100.0, -60.0, 0.0, -120.0, -60.0, 0.0, 255, 0, 0
L -120.0, -60.0, 0.0, -140.0, -60.0, 0.0, 255, 0, 0
L -90.0, -50.0, 0.0, -100.0, -30.0, 0.0, 255, 0, 0
L -60.0, -80.0, 0.0, -60.0, -60.0, 0.0, 255, 0, 0
L -60.0, -60.0, 0.0, -60.0, -40.0, 0.0, 255, 0, 0
L -40.0, -60.0, 0.0, -60.0, -60.0, 0.0, 255, 0, 0
L -60.0, -60.0, 0.0, -80.0, -60.0, 0.0, 255, 0, 0
L 100.0, 60.0, 0.0, 120.0, 60.0, 0.0, 255, 0, 0
L 120.0, 60.0, 0.0, 140.0, 60.0, 0.0, 255, 0, 0
L 90.0, 70.0, 0.0, 80.0, 90.0, 0.0, 255, 0, 0
L 40.0, 60.0, 0.0, 60.0, 60.0, 0.0, 255, 0, 0
L 60.0, 60.0, 0.0, 80.0, 60.0, 0.0, 255, 0, 0
L -100.0, 60.0, 0.0, -120.0, 60.0, 0.0, 255, 0, 0
L -120.0, 60.0, 0.0, -140.0, 60.0, 0.0, 255, 0, 0
L -90.0, 70.0, 0.0, -100.0, 90.0, 0.0, 255, 0, 0
L -60.0, 80.0, 0.0, -60.0, 60.0, 0.0, 255, 0, 0
L -60.0, 60.0, 0.0, -60.0, 40.0, 0.0, 255, 0, 0
L -40.0, 60.0, 0.0, -60.0, 60.0, 0.0, 255, 0, 0
L -60.0, 60.0, 0.0, -80.0, 60.0, 0.0, 255, 0, 0
L 100.0, -60.0, 0.0, 120.0, -60.0, 0.0, 255, 0, 0
L 120.0, -60.0, 0.0, 140.0, -60.0, 0.0, 255, 0, 0
L 90.0, -50.0, 0.0, 80.0, -30.0, 0.0, 255, 0, 0
L 60.0, -80.0, 0.0, 60.0, -60.0, 0.0, 255, 0, 0
L 60.0, -60.0, 0.0, 60.0, -40.0, 0.0, 255, 0, 0
L 40.0, -60.0, 0.0, 60.0, -60.0, 0.0, 255, 0, 0
L 60.0, -60.0, 0.0, 80.0, -60.0, 0.0, 255, 0, 0
L 599.0, -90.0, 0.0, 637.3, -90.0, 0.0, 255, 0, 0
L 599.0, -20.0, 0.0, 637.3, -20.0, 0.0, 255, 0, 0
L 599.0, -90.0, 0.0, 599.0, -20.0, 0.0, 255, 0, 0
L 637.3, -90.0, 0.0, 637.3, -20.0, 0.0, 255, 0, 0
L 1600, 1200, 0, 1600, 1260, 0, 0, 0, 0
L 1640, 1260, 0, 1600, 1260, 0, 0, 0, 0
L 1660, 1230, 0, 1690, 1230, 0, 0, 0, 0
L 1660, 1260, 0, 1690, 1260, 0, 0, 0, 0
L 1660, 1200, 0, 1660, 1260, 0, 0, 0, 0
L 1690, 1200, 0, 1660, 1200, 0, 0, 0, 0
L 1740, 1260, 0, 1710, 1260, 0, 0, 0, 0
L 1710, 1200, 0, 1740, 1200, 0, 0, 0, 0
L 1710, 1260, 0, 1710, 1200, 0, 0, 0, 0
L 1740, 1260, 0, 1740, 1230, 0, 0, 0, 0
L 1740, 1230, 0, 1720, 1230, 0, 0, 0, 0
L 1760, 1230, 0, 1790, 1230, 0, 0, 0, 0
L 1760, 1260, 0, 1790, 1260, 0, 0, 0, 0
L 1760, 1200, 0, 1760, 1260, 0, 0, 0, 0
L 1790, 1200, 0, 1760, 1200, 0, 0, 0, 0
L 1840, 1260, 0, 1840, 1200, 0, 0, 0, 0
L 1810, 1200, 0, 1840, 1260, 0, 0, 0, 0
L 1810, 1260, 0, 1810, 1200, 0, 0, 0, 0
L 1870, 1260, 0, 1870, 1200, 0, 0, 0, 0
L 1880, 1260, 0, 1860, 1260, 0, 0, 0, 0
L 1890, 1230, 0, 1880, 1260, 0, 0, 0, 0
L 1880, 1200, 0, 1890, 1230, 0, 0, 0, 0
L 1860, 1200, 0, 1880, 1200, 0, 0, 0, 0
L 1600, 1370, 0, 1660, 1370, 0, 0, 0, 0
L 1600, 1290, 0, 1660, 1290, 0, 0, 0, 0
L 1630, 1343, 0, 1630, 1317, 0, 205, 133, 63
L 1660, 1370, 0, 1720, 1370, 0, 0, 0, 0
L 1660, 1370, 0, 1660, 1343, 0, 205, 133, 63
L 1630, 1343, 0, 1690, 1343, 0, 205, 133, 63
L 1630, 1317, 0, 1660, 1317, 0, 205, 133, 63
L 1660, 1317, 0, 1690, 1317, 0, 205, 133, 63
L 1660, 1290, 0, 1720, 1290, 0, 0, 0, 0
L 1660, 1317, 0, 1660, 1290, 0, 205, 133, 63
L 1690, 1343, 0, 1690, 1317, 0, 205, 133, 63
L 1770, 1360, 0, 1770, 1300, 0, 0, 0, 0
L 1780, 1360, 0, 1760, 1360, 0, 0, 0, 0
L 1790, 1330, 0, 1780, 1360, 0, 0, 0, 0
L 1780, 1300, 0, 1790, 1330, 0, 0, 0, 0
L 1760, 1300, 0, 1780, 1300, 0, 0, 0, 0
L 1810, 1300, 0, 1840, 1300, 0, 0, 0, 0
L 1810, 1360, 0, 1840, 1360, 0, 0, 0, 0
L 1810, 1300, 0, 1810, 1360, 0, 0, 0, 0
L 1840, 1300, 0, 1840, 1360, 0, 0, 0, 0
L 1860, 1300, 0, 1890, 1300, 0, 0, 0, 0
L 1860, 1360, 0, 1890, 1360, 0, 0, 0, 0
L 1860, 1300, 0, 1860, 1360, 0, 0, 0, 0
L 1890, 1300, 0, 1890, 1360, 0, 0, 0, 0
L 1910, 1300, 0, 1910, 1330, 0, 0, 0, 0
L 1910, 1330, 0, 1910, 1360, 0, 0, 0, 0
L 1910, 1330, 0, 1930, 1330, 0, 0, 0, 0
L 1950, 1330, 0, 1950, 1300, 0, 0, 0, 0
L 1910, 1300, 0, 1950, 1300, 0, 0, 0, 0
L 1930, 1330, 0, 1950, 1330, 0, 0, 0, 0
L 1950, 1360, 0, 1930, 1330, 0, 0, 0, 0
L 1600, 1410, 0, 1600, 1440, 0, 255, 210, 0
L 1600, 1410, 0, 1620, 1410, 0, 255, 210, 0
L 1620, 1470, 0, 1600, 1470, 0, 255, 210, 0
L 1600, 1440, 0, 1600, 1470, 0, 255, 210, 0
L 1620, 1440, 0, 1600, 1440, 0, 255, 210, 0
L 1620, 1440, 0, 1640, 1425, 0, 255, 210, 0
L 1620, 1410, 0, 1640, 1425, 0, 255, 210, 0
L 1620, 1440, 0, 1640, 1455, 0, 255, 210, 0
L 1640, 1455, 0, 1620, 1470, 0, 255, 210, 0
L 1670, 1440, 0, 1690, 1440, 0, 255, 210, 0
L 1680, 1410, 0, 1700, 1470, 0, 255, 210, 0
L 1660, 1470, 0, 1680, 1410, 0, 255, 210, 0
L 1750, 1470, 0, 1750, 1410, 0, 255, 210, 0
L 1720, 1410, 0, 1750, 1470, 0, 255, 210, 0
L 1720, 1470, 0, 1720, 1410, 0, 255, 210, 0
L 1770, 1410, 0, 1770, 1440, 0, 255, 210, 0
L 1770, 1440, 0, 1770, 1470, 0, 255, 210, 0
L 1770, 1440, 0, 1810, 1470, 0, 255, 210, 0
L 1770, 1440, 0, 1810, 1410, 0, 255, 210, 0
L 1830, 1440, 0, 1860, 1440, 0, 255, 210, 0
L 1830, 1470, 0, 1860, 1470, 0, 255, 210, 0
L 1830, 1410, 0, 1830, 1470, 0, 255, 210, 0
L 1860, 1410, 0, 1830, 1410, 0, 255, 210, 0
L 1880, 1410, 0, 1880, 1440, 0, 255, 210, 0
L 1880, 1440, 0, 1880, 1470, 0, 255, 210, 0
L 1880, 1440, 0, 1900, 1440, 0, 255, 210, 0
L 1920, 1440, 0, 1920, 1410, 0, 255, 210, 0
L 1880, 1410, 0, 1920, 1410, 0, 255, 210, 0
L 1900, 1440, 0, 1920, 1440, 0, 255, 210, 0
L 1920, 1470, 0, 1900, 1440, 0, 255, 210, 0
L 1630, 1560, 0, 1600, 1560, 0, 255, 255, 255
L 1600, 1500, 0, 1630, 1500, 0, 255, 255, 255
L 1600, 1560, 0, 1600, 1500, 0, 255, 255, 255
L 1650, 1500, 0, 1680, 1500, 0, 255, 255, 255
L 1650, 1560, 0, 1680, 1560, 0, 255, 255, 255
L 1650, 1500, 0, 1650, 1560, 0, 255, 255, 255
L 1680, 1500, 0, 1680, 1560, 0, 255, 255, 255
L 1740, 1500, 0, 1740, 1560, 0, 255, 255, 255
L 1720, 1530, 0, 1740, 1500, 0, 255, 255, 255
L 1700, 1500, 0, 1720, 1530, 0, 255, 255, 255
L 1700, 1560, 0, 1700, 1500, 0, 255, 255, 255
L 1800, 1500, 0, 1800, 1560, 0, 255, 255, 255
L 1780, 1530, 0, 1800, 1500, 0, 255, 255, 255
L 1760, 1500, 0, 1780, 1530, 0, 255, 255, 255
L 1760, 1560, 0, 1760, 1500, 0, 255, 255, 255
L 1820, 1530, 0, 1850, 1530, 0, 255, 255, 255
L 1820, 1560, 0, 1850, 1560, 0, 255, 255, 255
L 1820, 1500, 0, 1820, 1560, 0, 255, 255, 255
L 1850, 1500, 0, 1820, 1500, 0, 255, 255, 255
L 1900, 1560, 0, 1900, 1500, 0, 255, 255, 255
L 1870, 1500, 0, 1900, 1560, 0, 255, 255, 255
L 1870, 1560, 0, 1870, 1500, 0, 255, 255, 255
L 1940, 1500, 0, 1940, 1560, 0, 255, 255, 255
L 1920, 1500, 0, 1960, 1500, 0, 255, 255, 255
L 1630, 1650, 0, 1600, 1650, 0, 0, 0, 0
L 1600, 1590, 0, 1630, 1590, 0, 0, 0, 0
L 1600, 1650, 0, 1600, 1590, 0, 0, 0, 0
L 1630, 1650, 0, 1630, 1620, 0, 0, 0, 0
L 1630, 1620, 0, 1610, 1620, 0, 0, 0, 0
L 1650, 1620, 0, 1680, 1620, 0, 0, 0, 0
L 1650, 1650, 0, 1680, 1650, 0, 0, 0, 0
L 1650, 1590, 0, 1650, 1650, 0, 0, 0, 0
L 1680, 1590, 0, 1650, 1590, 0, 0, 0, 0
L 1730, 1650, 0, 1730, 1590, 0, 0, 0, 0
L 1700, 1590, 0, 1730, 1650, 0, 0, 0, 0
L 1700, 1650, 0, 1700, 1590, 0, 0, 0, 0
L 1750, 1620, 0, 1780, 1620, 0, 0, 0, 0
L 1750, 1650, 0, 1780, 1650, 0, 0, 0, 0
L 1750, 1590, 0, 1750, 1650, 0, 0, 0, 0
L 1780, 1590, 0, 1750, 1590, 0, 0, 0, 0
L 1800, 1590, 0, 1800, 1620, 0, 0, 0, 0
L 1800, 1620, 0, 1800, 1650, 0, 0, 0, 0
L 1800, 1620, 0, 1820, 1620, 0, 0, 0, 0
L 1840, 1620, 0, 1840, 1590, 0, 0, 0, 0
L 1800, 1590, 0, 1840, 1590, 0, 0, 0, 0
L 1820, 1620, 0, 1840, 1620, 0, 0, 0, 0
L 1840, 1650, 0, 1820, 1620, 0, 0, 0, 0
L 1870, 1620, 0, 1890, 1620, 0, 0, 0, 0
L 1880, 1590, 0, 1900, 1650, 0, 0, 0, 0
L 1860, 1650, 0, 1880, 1590, 0, 0, 0, 0
L 1920, 1590, 0, 1920, 1650, 0, 0, 0, 0
L 1960, 1650, 0, 1920, 1650, 0, 0, 0, 0
L 1630, 1740, 0, 1600, 1740, 0, 0, 0, 255
L 1600, 1680, 0, 1630, 1680, 0, 0, 0, 255
L 1600, 1740, 0, 1600, 1680, 0, 0, 0, 255
L 1630, 1740, 0, 1630, 1710, 0, 0, 0, 255
L 1630, 1710, 0, 1610, 1710, 0, 0, 0, 255
L 1650, 1680, 0, 1650, 1710, 0, 0, 0, 255
L 1650, 1710, 0, 1650, 1740, 0, 0, 0, 255
L 1650, 1710, 0, 1670, 1710, 0, 0, 0, 255
L 1690, 1710, 0, 1690, 1680, 0, 0, 0, 255
L 1650, 1680, 0, 1690, 1680, 0, 0, 0, 255
L 1670, 1710, 0, 1690, 1710, 0, 0, 0, 255
L 1690, 1740, 0, 1670, 1710, 0, 0, 0, 255
L 1710, 1680, 0, 1740, 1680, 0, 0, 0, 255
L 1710, 1740, 0, 1740, 1740, 0, 0, 0, 255
L 1710, 1680, 0, 1710, 1740, 0, 0, 0, 255
L 1740, 1680, 0, 1740, 1740, 0, 0, 0, 255
L 1800, 1680, 0, 1800, 1740, 0, 0, 0, 255
L 1760, 1680, 0, 1760, 1740, 0, 0, 0, 255
L 1760, 1740, 0, 1800, 1740, 0, 0, 0, 255
L 1850, 1740, 0, 1850, 1680, 0, 0, 0, 255
L 1820, 1680, 0, 1850, 1740, 0, 0, 0, 255
L 1820, 1740, 0, 1820, 1680, 0, 0, 0, 255
L 1880, 1740, 0, 1880, 1680, 0, 0, 0, 255
L 1890, 1740, 0, 1870, 1740, 0, 0, 0, 255
L 1900, 1710, 0, 1890, 1740, 0, 0, 0, 255
L 1890, 1680, 0, 1900, 1710, 0, 0, 0, 255
L 1870, 1680, 0, 1890, 1680, 0, 0, 0, 255
L 1980, 1680, 0, 1980, 1710, 0, 0, 0, 255
L 1980, 1740, 0, 2020, 1740, 0, 0, 0, 255
L 2020, 1710, 0, 1980, 1710, 0, 0, 0, 255
L 1980, 1680, 0, 2020, 1680, 0, 0, 0, 255
L 2020, 1710, 0, 2020, 1740, 0, 0, 0, 255
L 2070, 1710, 0, 2040, 1710, 0, 0, 0, 255
L 2070, 1680, 0, 2070, 1710, 0, 0, 0, 255
L 2040, 1680, 0, 2070, 1680, 0, 0, 0, 255
L 2040, 1740, 0, 2040, 1680, 0, 0, 0, 255
L 2100, 1710, 0, 2120, 1710, 0, 0, 0, 255
L 2110, 1680, 0, 2130, 1740, 0, 0, 0, 255
L 2090, 1740, 0, 2110, 1680, 0, 0, 0, 255
L 2180, 1740, 0, 2190, 1680, 0, 0, 0, 255
L 2170, 1710, 0, 2180, 1740, 0, 0, 0, 255
L 2160, 1740, 0, 2170, 1710, 0, 0, 0, 255
L 2150, 1680, 0, 2160, 1740, 0, 0, 0, 255
L 2240, 1740, 0, 2240, 1680, 0, 0, 0, 255
L 2210, 1680, 0, 2240, 1740, 0, 0, 0, 255
L 2210, 1740, 0, 2210, 1680, 0, 0, 0, 255
L 1630, 1830, 0, 1600, 1830, 0, 128, 128, 128
L 1600, 1770, 0, 1630, 1770, 0, 128, 128, 128
L 1600, 1830, 0, 1600, 1770, 0, 128, 128, 128
L 1630, 1830, 0, 1630, 1800, 0, 128, 128, 128
L 1630, 1800, 0, 1610, 1800, 0, 128, 128, 128
L 1690, 1770, 0, 1690, 1830, 0, 128, 128, 128
L 1650, 1770, 0, 1650, 1830, 0, 128, 128, 128
L 1650, 1830, 0, 1690, 1830, 0, 128, 128, 128
L 1710, 1770, 0, 1710, 1830, 0, 128, 128, 128
L 1730, 1770, 0, 1730, 1830, 0, 128, 128, 128
L 1770, 1830, 0, 1730, 1830, 0, 128, 128, 128
L 1800, 1830, 0, 1800, 1770, 0, 128, 128, 128
L 1810, 1830, 0, 1790, 1830, 0, 128, 128, 128
L 1820, 1800, 0, 1810, 1830, 0, 128, 128, 128
L 1810, 1770, 0, 1820, 1800, 0, 128, 128, 128
L 1790, 1770, 0, 1810, 1770, 0, 128, 128, 128
L 1940, 1770, 0, 1940, 1830, 0, 128, 128, 128
L 1920, 1800, 0, 1940, 1770, 0, 128, 128, 128
L 1900, 1770, 0, 1920, 1800, 0, 128, 128, 128
L 1900, 1830, 0, 1900, 1770, 0, 128, 128, 128
L 1970, 1800, 0, 1990, 1800, 0, 128, 128, 128
L 1980, 1770, 0, 2000, 1830, 0, 128, 128, 128
L 1960, 1830, 0, 1980, 1770, 0, 128, 128, 128
L 2020, 1770, 0, 2020, 1800, 0, 128, 128, 128
L 2020, 1830, 0, 2060, 1830, 0, 128, 128, 128
L 2060, 1800, 0, 2020, 1800, 0, 128, 128, 128
L 2020, 1770, 0, 2060, 1770, 0, 128, 128, 128
L 2060, 1800, 0, 2060, 1830, 0, 128, 128, 128
L 2100, 1770, 0, 2100, 1830, 0, 128, 128, 128
L 2080, 1770, 0, 2120, 1770, 0, 128, 128, 128
L 2140, 1800, 0, 2170, 1800, 0, 128, 128, 128
L 2140, 1830, 0, 2170, 1830, 0, 128, 128, 128
L 2140, 1770, 0, 2140, 1830, 0, 128, 128, 128
L 2170, 1770, 0, 2140, 1770, 0, 128, 128, 128
L 2190, 1770, 0, 2190, 1800, 0, 128, 128, 128
L 2190, 1800, 0, 2190, 1830, 0, 128, 128, 128
L 2190, 1800, 0, 2210, 1800, 0, 128, 128, 128
L 2230, 1800, 0, 2230, 1770, 0, 128, 128, 128
L 2190, 1770, 0, 2230, 1770, 0, 128, 128, 128
L 2210, 1800, 0, 2230, 1800, 0, 128, 128, 128
L 2230, 1830, 0, 2210, 1800, 0, 128, 128, 128
L 1600, 1860, 0, 1600, 1890, 0, 127, 64, 0
L 1640, 1920, 0, 1640, 1890, 0, 127, 64, 0
L 1600, 1890, 0, 1600, 1920, 0, 127, 64, 0
L 1640, 1890, 0, 1640, 1860, 0, 127, 64, 0
L 1600, 1890, 0, 1640, 1890, 0, 127, 64, 0
L 1700, 1860, 0, 1700, 1920, 0, 127, 64, 0
L 1660, 1860, 0, 1660, 1920, 0, 127, 64, 0
L 1660, 1920, 0, 1700, 1920, 0, 127, 64, 0
L 1750, 1920, 0, 1750, 1860, 0, 127, 64, 0
L 1720, 1860, 0, 1750, 1920, 0, 127, 64, 0
L 1720, 1920, 0, 1720, 1860, 0, 127, 64, 0
L 1790, 1860, 0, 1790, 1920, 0, 127, 64, 0
L 1770, 1860, 0, 1810, 1860, 0, 127, 64, 0
L 1830, 1890, 0, 1860, 1890, 0, 127, 64, 0
L 1830, 1920, 0, 1860, 1920, 0, 127, 64, 0
L 1830, 1860, 0, 1830, 1920, 0, 127, 64, 0
L 1860, 1860, 0, 1830, 1860, 0, 127, 64, 0
L 1880, 1860, 0, 1880, 1890, 0, 127, 64, 0
L 1880, 1890, 0, 1880, 1920, 0, 127, 64, 0
L 1880, 1890, 0, 1900, 1890, 0, 127, 64, 0
L 1920, 1890, 0, 1920, 1860, 0, 127, 64, 0
L 1880, 1860, 0, 1920, 1860, 0, 127, 64, 0
L 1900, 1890, 0, 1920, 1890, 0, 127, 64, 0
L 1920, 1920, 0, 1900, 1890, 0, 127, 64, 0
L 1640, 1950, 0, 1640, 2010, 0, 0, 127, 0
L 1620, 1980, 0, 1640, 1950, 0, 0, 127, 0
L 1600, 1950, 0, 1620, 1980, 0, 0, 127, 0
L 1600, 2010, 0, 1600, 1950, 0, 0, 127, 0
L 1660, 1980, 0, 1690, 1980, 0, 0, 127, 0
L 1660, 2010, 0, 1690, 2010, 0, 0, 127, 0
L 1660, 1950, 0, 1660, 2010, 0, 0, 127, 0
L 1690, 1950, 0, 1660, 1950, 0, 0, 127, 0
L 1710, 1950, 0, 1710, 1980, 0, 0, 127, 0
L 1710, 1980, 0, 1710, 2010, 0, 0, 127, 0
L 1710, 1980, 0, 1730, 1980, 0, 0, 127, 0
L 1750, 1980, 0, 1750, 1950, 0, 0, 127, 0
L 1710, 1950, 0, 1750, 1950, 0, 0, 127, 0
L 1730, 1980, 0, 1750, 1980, 0, 0, 127, 0
L 1750, 2010, 0, 1730, 1980, 0, 0, 127, 0
L 1800, 2010, 0, 1770, 2010, 0, 0, 127, 0
L 1770, 1950, 0, 1800, 1950, 0, 0, 127, 0
L 1770, 2010, 0, 1770, 1950, 0, 0, 127, 0
L 1820, 1950, 0, 1820, 1980, 0, 0, 127, 0
L 1860, 2010, 0, 1860, 1980, 0, 0, 127, 0
L 1820, 1980, 0, 1820, 2010, 0, 0, 127, 0
L 1860, 1980, 0, 1860, 1950, 0, 0, 127, 0
L 1820, 1980, 0, 1860, 1980, 0, 0, 127, 0
L 1890, 1980, 0, 1910, 1980, 0, 0, 127, 0
L 1900, 1950, 0, 1920, 2010, 0, 0, 127, 0
L 1880, 2010, 0, 1900, 1950, 0, 0, 127, 0
L 1970, 2010, 0, 1970, 1950, 0, 0, 127, 0
L 1940, 1950, 0, 1970, 2010, 0, 0, 127, 0
L 1940, 2010, 0, 1940, 1950, 0, 0, 127, 0
L 2010, 1950, 0, 2010, 2010, 0, 0, 127, 0
L 1990, 1950, 0, 2030, 1950, 0, 0, 127, 0
L 1640, 2040, 0, 1640, 2100, 0, 0, 127, 127
L 1620, 2070, 0, 1640, 2040, 0, 0, 127, 127
L 1600, 2040, 0, 1620, 2070, 0, 0, 127, 127
L 1600, 2100, 0, 1600, 2040, 0, 0, 127, 127
L 1660, 2040, 0, 1660, 2100, 0, 0, 127, 127
L 1680, 2040, 0, 1680, 2070, 0, 0, 127, 127
L 1680, 2100, 0, 1720, 2100, 0, 0, 127, 127
L 1720, 2070, 0, 1680, 2070, 0, 0, 127, 127
L 1680, 2040, 0, 1720, 2040, 0, 0, 127, 127
L 1720, 2070, 0, 1720, 2100, 0, 0, 127, 127
L 1740, 2040, 0, 1740, 2070, 0, 0, 127, 127
L 1740, 2100, 0, 1780, 2100, 0, 0, 127, 127
L 1780, 2070, 0, 1740, 2070, 0, 0, 127, 127
L 1740, 2040, 0, 1780, 2040, 0, 0, 127, 127
L 1780, 2070, 0, 1780, 2100, 0, 0, 127, 127
L 1800, 2040, 0, 1800, 2100, 0, 0, 127, 127
L 1820, 2040, 0, 1850, 2040, 0, 0, 127, 127
L 1820, 2100, 0, 1850, 2100, 0, 0, 127, 127
L 1820, 2040, 0, 1820, 2100, 0, 0, 127, 127
L 1850, 2040, 0, 1850, 2100, 0, 0, 127, 127
L 1900, 2100, 0, 1900, 2040, 0, 0, 127, 127
L 1870, 2040, 0, 1900, 2100, 0, 0, 127, 127
L 1870, 2100, 0, 1870, 2040, 0, 0, 127, 127
L 1630, 2190, 0, 1630, 2130, 0, 127, 64, 0
L 1600, 2130, 0, 1630, 2190, 0, 127, 64, 0
L 1600, 2190, 0, 1600, 2130, 0, 127, 64, 0
L 1660, 2160, 0, 1680, 2160, 0, 127, 64, 0
L 1670, 2130, 0, 1690, 2190, 0, 127, 64, 0
L 1650, 2190, 0, 1670, 2130, 0, 127, 64, 0
L 1750, 2130, 0, 1750, 2190, 0, 127, 64, 0
L 1730, 2160, 0, 1750, 2130, 0, 127, 64, 0
L 1710, 2130, 0, 1730, 2160, 0, 127, 64, 0
L 1710, 2190, 0, 1710, 2130, 0, 127, 64, 0
L 1770, 2160, 0, 1800, 2160, 0, 127, 64, 0
L 1770, 2190, 0, 1800, 2190, 0, 127, 64, 0
L 1770, 2130, 0, 1770, 2190, 0, 127, 64, 0
L 1800, 2130, 0, 1770, 2130, 0, 127, 64, 0
L 1830, 2190, 0, 1830, 2130, 0, 127, 64, 0
L 1840, 2190, 0, 1820, 2190, 0, 127, 64, 0
L 1850, 2160, 0, 1840, 2190, 0, 127, 64, 0
L 1840, 2130, 0, 1850, 2160, 0, 127, 64, 0
L 1820, 2130, 0, 1840, 2130, 0, 127, 64, 0
L 1630, 2250, 0, 1600, 2250, 0, 0, 255, 0
L 1630, 2220, 0, 1630, 2250, 0, 0, 255, 0
L 1600, 2220, 0, 1630, 2220, 0, 0, 255, 0
L 1600, 2280, 0, 1600, 2220, 0, 0, 255, 0
L 1660, 2250, 0, 1680, 2250, 0, 0, 255, 0
L 1670, 2220, 0, 1690, 2280, 0, 0, 255, 0
L 1650, 2280, 0, 1670, 2220, 0, 0, 255, 0
L 1710, 2220, 0, 1710, 2250, 0, 0, 255, 0
L 1710, 2250, 0, 1710, 2280, 0, 0, 255, 0
L 1710, 2250, 0, 1730, 2250, 0, 0, 255, 0
L 1750, 2250, 0, 1750, 2220, 0, 0, 255, 0
L 1710, 2220, 0, 1750, 2220, 0, 0, 255, 0
L 1730, 2250, 0, 1750, 2250, 0, 0, 255, 0
L 1750, 2280, 0, 1730, 2250, 0, 0, 255, 0
L 1800, 2280, 0, 1770, 2280, 0, 0, 255, 0
L 1770, 2220, 0, 1800, 2220, 0, 0, 255, 0
L 1770, 2280, 0, 1770, 2220, 0, 0, 255, 0
L 1820, 2250, 0, 1850, 2250, 0, 0, 255, 0
L 1820, 2280, 0, 1850, 2280, 0, 0, 255, 0
L 1820, 2220, 0, 1820, 2280, 0, 0, 255, 0
L 1850, 2220, 0, 1820, 2220, 0, 0, 255, 0
L 1870, 2220, 0, 1870, 2280, 0, 0, 255, 0
L 1910, 2280, 0, 1870, 2280, 0, 0, 255, 0
L 1930, 2220, 0, 1930, 2250, 0, 0, 255, 0
L 1930, 2280, 0, 1970, 2280, 0, 0, 255, 0
L 1970, 2250, 0, 1930, 2250, 0, 0, 255, 0
L 1930, 2220, 0, 1970, 2220, 0, 0, 255, 0
L 1970, 2250, 0, 1970, 2280, 0, 0, 255, 0
L 1600, 2310, 0, 1600, 2340, 0, 0, 240, 240
L 1600, 2340, 0, 1600, 2370, 0, 0, 240, 240
L 1600, 2340, 0, 1620, 2340, 0, 0, 240, 240
L 1640, 2340, 0, 1640, 2310, 0, 0, 240, 240
L 1600, 2310, 0, 1640, 2310, 0, 0, 240, 240
L 1620, 2340, 0, 1640, 2340, 0, 0, 240, 240
L 1640, 2370, 0, 1620, 2340, 0, 0, 240, 240
L 1670, 2340, 0, 1690, 2340, 0, 0, 240, 240
L 1680, 2310, 0, 1700, 2370, 0, 0, 240, 240
L 1660, 2370, 0, 1680, 2310, 0, 0, 240, 240
L 1720, 2310, 0, 1720, 2370, 0, 0, 240, 240
L 1750, 2370, 0, 1750, 2310, 0, 0, 240, 240
L 1760, 2370, 0, 1740, 2370, 0, 0, 240, 240
L 1770, 2340, 0, 1760, 2370, 0, 0, 240, 240
L 1760, 2310, 0, 1770, 2340, 0, 0, 240, 240
L 1740, 2310, 0, 1760, 2310, 0, 0, 240, 240
L 1600, 2400, 0, 1600, 2430, 0, 0, 255, 0
L 1600, 2460, 0, 1640, 2460, 0, 0, 255, 0
L 1640, 2430, 0, 1600, 2430, 0, 0, 255, 0
L 1600, 2400, 0, 1640, 2400, 0, 0, 255, 0
L 1640, 2430, 0, 1640, 2460, 0, 0, 255, 0
L 1690, 2430, 0, 1660, 2430, 0, 0, 255, 0
L 1690, 2400, 0, 1690, 2430, 0, 0, 255, 0
L 1660, 2400, 0, 1690, 2400, 0, 0, 255, 0
L 1660, 2460, 0, 1660, 2400, 0, 0, 255, 0
L 1710, 2430, 0, 1740, 2430, 0, 0, 255, 0
L 1710, 2460, 0, 1740, 2460, 0, 0, 255, 0
L 1710, 2400, 0, 1710, 2460, 0, 0, 255, 0
L 1740, 2400, 0, 1710, 2400, 0, 0, 255, 0
L 1790, 2460, 0, 1760, 2460, 0, 0, 255, 0
L 1760, 2400, 0, 1790, 2400, 0, 0, 255, 0
L 1760, 2460, 0, 1760, 2400, 0, 0, 255, 0
L 1810, 2400, 0, 1810, 2460, 0, 0, 255, 0
L 1840, 2430, 0, 1860, 2430, 0, 0, 255, 0
L 1850, 2400, 0, 1870, 2460, 0, 0, 255, 0
L 1830, 2460, 0, 1850, 2400, 0, 0, 255, 0
L 1890, 2400, 0, 1890, 2460, 0, 0, 255, 0
L 1930, 2460, 0, 1890, 2460, 0, 0, 255, 0
L 2040, 2460, 0, 2010, 2460, 0, 0, 255, 0
L 2010, 2400, 0, 2040, 2400, 0, 0, 255, 0
L 2010, 2460, 0, 2010, 2400, 0, 0, 255, 0
L 2100, 2400, 0, 2100, 2460, 0, 0, 255, 0
L 2060, 2400, 0, 2060, 2460, 0, 0, 255, 0
L 2060, 2460, 0, 2100, 2460, 0, 0, 255, 0
L 2120, 2400, 0, 2120, 2430, 0, 0, 255, 0
L 2120, 2430, 0, 2120, 2460, 0, 0, 255, 0
L 2120, 2430, 0, 2140, 2430, 0, 0, 255, 0
L 2160, 2430, 0, 2160, 2400, 0, 0, 255, 0
L 2120, 2400, 0, 2160, 2400, 0, 0, 255, 0
L 2140, 2430, 0, 2160, 2430, 0, 0, 255, 0
L 2160, 2460, 0, 2140, 2430, 0, 0, 255, 0
L 2180, 2400, 0, 2180, 2430, 0, 0, 255, 0
L 2180, 2430, 0, 2180, 2460, 0, 0, 255, 0
L 2180, 2430, 0, 2200, 2430, 0, 0, 255, 0
L 2220, 2430, 0, 2220, 2400, 0, 0, 255, 0
L 2180, 2400, 0, 2220, 2400, 0, 0, 255, 0
L 2200, 2430, 0, 2220, 2430, 0, 0, 255, 0
L 2220, 2460, 0, 2200, 2430, 0, 0, 255, 0
L 2240, 2430, 0, 2270, 2430, 0, 0, 255, 0
L 2240, 2460, 0, 2270, 2460, 0, 0, 255, 0
L 2240, 2400, 0, 2240, 2460, 0, 0, 255, 0
L 2270, 2400, 0, 2240, 2400, 0, 0, 255, 0
L 2320, 2460, 0, 2320, 2400, 0, 0, 255, 0
L 2290, 2400, 0, 2320, 2460, 0, 0, 255, 0
L 2290, 2460, 0, 2290, 2400, 0, 0, 255, 0
L 2370, 2460, 0, 2340, 2460, 0, 0, 255, 0
L 2340, 2400, 0, 2370, 2400, 0, 0, 255, 0
L 2340, 2460, 0, 2340, 2400, 0, 0, 255, 0
L 2410, 2430, 0, 2410, 2460, 0, 0, 255, 0
L 2410, 2430, 0, 2430, 2400, 0, 0, 255, 0
L 2390, 2400, 0, 2410, 2430, 0, 0, 255, 0
L 1600, 2490, 0, 1600, 2520, 0, 255, 0, 0
L 1600, 2550, 0, 1640, 2550, 0, 255, 0, 0
L 1640, 2520, 0, 1600, 2520, 0, 255, 0, 0
L 1600, 2490, 0, 1640, 2490, 0, 255, 0, 0
L 1640, 2520, 0, 1640, 2550, 0, 255, 0, 0
L 1700, 2490, 0, 1700, 2550, 0, 255, 0, 0
L 1660, 2490, 0, 1660, 2550, 0, 255, 0, 0
L 1660, 2550, 0, 1700, 2550, 0, 255, 0, 0
L 1750, 2550, 0, 1720, 2550, 0, 255, 0, 0
L 1720, 2490, 0, 1750, 2490, 0, 255, 0, 0
L 1720, 2550, 0, 1720, 2490, 0, 255, 0, 0
L 1800, 2550, 0, 1770, 2550, 0, 255, 0, 0
L 1770, 2490, 0, 1800, 2490, 0, 255, 0, 0
L 1770, 2550, 0, 1770, 2490, 0, 255, 0, 0
L 1820, 2490, 0, 1850, 2490, 0, 255, 0, 0
L 1820, 2550, 0, 1850, 2550, 0, 255, 0, 0
L 1820, 2490, 0, 1820, 2550, 0, 255, 0, 0
L 1850, 2490, 0, 1850, 2550, 0, 255, 0, 0
L 1870, 2490, 0, 1870, 2520, 0, 255, 0, 0
L 1870, 2520, 0, 1870, 2550, 0, 255, 0, 0
L 1870, 2520, 0, 1890, 2520, 0, 255, 0, 0
L 1910, 2520, 0, 1910, 2490, 0, 255, 0, 0
L 1870, 2490, 0, 1910, 2490, 0, 255, 0, 0
L 1890, 2520, 0, 1910, 2520, 0, 255, 0, 0
L 1910, 2550, 0, 1890, 2520, 0, 255, 0, 0
L 1620, 2580, 0, 1620, 2640, 0, 255, 255, 0
L 1600, 2580, 0, 1640, 2580, 0, 255, 255, 0
L 1660, 2610, 0, 1690, 2610, 0, 255, 255, 0
L 1660, 2640, 0, 1690, 2640, 0, 255, 255, 0
L 1660, 2580, 0, 1660, 2640, 0, 255, 255, 0
L 1690, 2580, 0, 1660, 2580, 0, 255, 255, 0
L 1710, 2580, 0, 1710, 2640, 0, 255, 255, 0
L 1750, 2640, 0, 1710, 2640, 0, 255, 255, 0
L 1770, 2610, 0, 1800, 2610, 0, 255, 255, 0
L 1770, 2640, 0, 1800, 2640, 0, 255, 255, 0
L 1770, 2580, 0, 1770, 2640, 0, 255, 255, 0
L 1800, 2580, 0, 1770, 2580, 0, 255, 255, 0
L 1850, 2610, 0, 1820, 2610, 0, 255, 255, 0
L 1850, 2580, 0, 1850, 2610, 0, 255, 255, 0
L 1820, 2580, 0, 1850, 2580, 0, 255, 255, 0
L 1820, 2640, 0, 1820, 2580, 0, 255, 255, 0
L 1870, 2580, 0, 1900, 2580, 0, 255, 255, 0
L 1870, 2640, 0, 1900, 2640, 0, 255, 255, 0
L 1870, 2580, 0, 1870, 2640, 0, 255, 255, 0
L 1900, 2580, 0, 1900, 2640, 0, 255, 255, 0
L 1920, 2580, 0, 1920, 2610, 0, 255, 255, 0
L 1920, 2610, 0, 1920, 2640, 0, 255, 255, 0
L 1920, 2610, 0, 1940, 2610, 0, 255, 255, 0
L 1960, 2610, 0, 1960, 2580, 0, 255, 255, 0
L 1920, 2580, 0, 1960, 2580, 0, 255, 255, 0
L 1940, 2610, 0, 1960, 2610, 0, 255, 255, 0
L 1960, 2640, 0, 1940, 2610, 0, 255, 255, 0
L 2000, 2580, 0, 2000, 2640, 0, 255, 255, 0
L 1980, 2580, 0, 2020, 2580, 0, 255, 255, 0
L 1620, 2670, 0, 1620, 2730, 0, 128, 0, 128
L 1600, 2670, 0, 1640, 2670, 0, 128, 0, 128
L 1660, 2670, 0, 1660, 2700, 0, 128, 0, 128
L 1660, 2700, 0, 1660, 2730, 0, 128, 0, 128
L 1660, 2700, 0, 1680, 2700, 0, 128, 0, 128
L 1700, 2700, 0, 1700, 2670, 0, 128, 0, 128
L 1660, 2670, 0, 1700, 2670, 0, 128, 0, 128
L 1680, 2700, 0, 1700, 2700, 0, 128, 0, 128
L 1700, 2730, 0, 1680, 2700, 0, 128, 0, 128
L 1730, 2700, 0, 1750, 2700, 0, 128, 0, 128
L 1740, 2670, 0, 1760, 2730, 0, 128, 0, 128
L 1720, 2730, 0, 1740, 2670, 0, 128, 0, 128
L 1790, 2730, 0, 1790, 2670, 0, 128, 0, 128
L 1800, 2730, 0, 1780, 2730, 0, 128, 0, 128
L 1810, 2700, 0, 1800, 2730, 0, 128, 0, 128
L 1800, 2670, 0, 1810, 2700, 0, 128, 0, 128
L 1780, 2670, 0, 1800, 2670, 0, 128, 0, 128
L 1830, 2700, 0, 1860, 2700, 0, 128, 0, 128
L 1830, 2730, 0, 1860, 2730, 0, 128, 0, 128
L 1830, 2670, 0, 1830, 2730, 0, 128, 0, 128
L 1860, 2670, 0, 1830, 2670, 0, 128, 0, 128
L 1880, 2670, 0, 1880, 2700, 0, 128, 0, 128
L 1880, 2730, 0, 1920, 2730, 0, 128, 0, 128
L 1920, 2700, 0, 1880, 2700, 0, 128, 0, 128
L 1880, 2670, 0, 1920, 2670, 0, 128, 0, 128
L 1920, 2700, 0, 1920, 2730, 0, 128, 0, 128
L 1940, 2670, 0, 1940, 2700, 0, 128, 0, 128
L 1940, 2700, 0, 1940, 2730, 0, 128, 0, 128
L 1940, 2700, 0, 1980, 2730, 0, 128, 0, 128
L 1940, 2700, 0, 1980, 2670, 0, 128, 0, 128
L 2000, 2670, 0, 2000, 2730, 0, 128, 0, 128
L 2020, 2670, 0, 2020, 2730, 0, 128, 0, 128
L 2060, 2730, 0, 2020, 2730, 0, 128, 0, 128
L 2080, 2670, 0, 2080, 2730, 0, 128, 0, 128
L 2120, 2730, 0, 2080, 2730, 0, 128, 0, 128
L 2230, 2730, 0, 2200, 2730, 0, 128, 0, 128
L 2200, 2670, 0, 2230, 2670, 0, 128, 0, 128
L 2200, 2730, 0, 2200, 2670, 0, 128, 0, 128
L 2250, 2670, 0, 2280, 2670, 0, 128, 0, 128
L 2250, 2730, 0, 2280, 2730, 0, 128, 0, 128
L 2250, 2670, 0, 2250, 2730, 0, 128, 0, 128
L 2280, 2670, 0, 2280, 2730, 0, 128, 0, 128
L 2330, 2730, 0, 2330, 2670, 0, 128, 0, 128
L 2300, 2670, 0, 2330, 2730, 0, 128, 0, 128
L 2300, 2730, 0, 2300, 2670, 0, 128, 0, 128
L 2370, 2670, 0, 2370, 2730, 0, 128, 0, 128
L 2350, 2670, 0, 2390, 2670, 0, 128, 0, 128
L 2420, 2700, 0, 2440, 2700, 0, 128, 0, 128
L 2430, 2670, 0, 2450, 2730, 0, 128, 0, 128
L 2410, 2730, 0, 2430, 2670, 0, 128, 0, 128
L 2470, 2670, 0, 2470, 2730, 0, 128, 0, 128
L 2520, 2730, 0, 2520, 2670, 0, 128, 0, 128
L 2490, 2670, 0, 2520, 2730, 0, 128, 0, 128
L 2490, 2730, 0, 2490, 2670, 0, 128, 0, 128
L 2540, 2700, 0, 2570, 2700, 0, 128, 0, 128
L 2540, 2730, 0, 2570, 2730, 0, 128, 0, 128
L 2540, 2670, 0, 2540, 2730, 0, 128, 0, 128
L 2570, 2670, 0, 2540, 2670, 0, 128, 0, 128
L 2590, 2670, 0, 2590, 2700, 0, 128, 0, 128
L 2590, 2700, 0, 2590, 2730, 0, 128, 0, 128
L 2590, 2700, 0, 2610, 2700, 0, 128, 0, 128
L 2630, 2700, 0, 2630, 2670, 0, 128, 0, 128
L 2590, 2670, 0, 2630, 2670, 0, 128, 0, 128
L 2610, 2700, 0, 2630, 2700, 0, 128, 0, 128
L 2630, 2730, 0, 2610, 2700, 0, 128, 0, 128
L 1620, 2760, 0, 1620, 2820, 0, 255, 255, 0
L 1600, 2760, 0, 1640, 2760, 0, 255, 255, 0
L 1660, 2760, 0, 1660, 2790, 0, 255, 255, 0
L 1660, 2790, 0, 1660, 2820, 0, 255, 255, 0
L 1660, 2790, 0, 1680, 2790, 0, 255, 255, 0
L 1700, 2790, 0, 1700, 2760, 0, 255, 255, 0
L 1660, 2760, 0, 1700, 2760, 0, 255, 255, 0
L 1680, 2790, 0, 1700, 2790, 0, 255, 255, 0
L 1700, 2820, 0, 1680, 2790, 0, 255, 255, 0
L 1730, 2790, 0, 1750, 2790, 0, 255, 255, 0
L 1740, 2760, 0, 1760, 2820, 0, 255, 255, 0
L 1720, 2820, 0, 1740, 2760, 0, 255, 255, 0
L 1810, 2790, 0, 1780, 2790, 0, 255, 255, 0
L 1810, 2760, 0, 1810, 2790, 0, 255, 255, 0
L 1780, 2760, 0, 1810, 2760, 0, 255, 255, 0
L 1780, 2820, 0, 1780, 2760, 0, 255, 255, 0
L 1630, 2850, 0, 1600, 2850, 0, 255, 0, 0
L 1600, 2910, 0, 1630, 2850, 0, 255, 0, 0
L 1600, 2910, 0, 1630, 2910, 0, 255, 0, 0
L 1650, 2850, 0, 1680, 2850, 0, 255, 0, 0
L 1650, 2910, 0, 1680, 2910, 0, 255, 0, 0
L 1650, 2850, 0, 1650, 2910, 0, 255, 0, 0
L 1680, 2850, 0, 1680, 2910, 0, 255, 0, 0
L 1730, 2910, 0, 1730, 2850, 0, 255, 0, 0
L 1700, 2850, 0, 1730, 2910, 0, 255, 0, 0
L 1700, 2910, 0, 1700, 2850, 0, 255, 0, 0
L 1750, 2880, 0, 1780, 2880, 0, 255, 0, 0
L 1750, 2910, 0, 1780, 2910, 0, 255, 0, 0
L 1750, 2850, 0, 1750, 2910, 0, 255, 0, 0
L 1780, 2850, 0, 1750, 2850, 0, 255, 0, 0
P 600, 1200, 0, 0, 0, 0, 2, Revised_Map:_Brewall_Rainsiger_(Cazic-Thule)
P 600, 1400, 0, 0, 0, 0, 2, http://www.eqmaps.info
P 600, 1600, 0, 0, 0, 0, 2, Return_of_the_Exiled_(www.roteguild.org)
