P -31.6450, -0.1620, -0.5030, 255, 0, 0, 3, to_Sunderock_Springs
P 1262.1250, -1281.6730, -447.5910, 255, 255, 0, 2, Portal
P 1050.0000, -339.0000, -384.0000, 255, 255, 0, 2, Teleport
P 1091.0000, 14.0000, -197.0000, 255, 255, 0, 2, Teleport
P 1589.5417, 449.3541, -348.6133, 128, 64, 0, 2, Bonecrusher_(Named)
P 1087.4784, 246.3545, -348.6118, 128, 64, 0, 2, Snapjaw_(Named)
P 2179.5659, -727.9580, -1057.1379, 0, 0, 0, 2, Vergalid
P 1727.0000, -884.0000, -446.0000, 0, 0, 240, 2, clickable_object
P 1729.0000, -350.0000, -414.0000, 0, 0, 240, 2, a_heavy_wooden_chest
P 738.7180, -221.1010, -296.8100, 0, 0, 0, 2, Inquirer_Galstat
P 1261.0909, -1183.2020, -444.4630, 0, 128, 128, 2, Rokiln_the_Hunter_(Quest)
P 671.7400, -224.4160, -316.8870, 0, 128, 128, 2, Rozoth_Orbu_(Quest)
P 745.0000, 341.0000, -340.0000, 255, 255, 255, 2, flooded_caves
P 1194.0000, -886.0000, -439.0000, 255, 255, 255, 2, burial_chamber
P 1480.0000, -897.0000, -439.0000, 255, 255, 255, 2, shrine_of_zek
P 1305.0000, -394.0000, -460.0000, 255, 255, 255, 2, Pit_Of_Doom
P 1875.3600, -439.4230, -553.9290, 255, 255, 255, 2, Safe_Spot_(on_pillar)
P 446.0000, 336.0000, -295.0000, 255, 255, 255, 2, Caiman_Cave