L 1000.0000, 0.0000, 0.0000,  1000.0000, -50.0000, 0.0000,  255, 0, 0
L -20.0000, 50.0000, 0.0000,  -50.0000, 20.0000, 0.0000,  255, 0, 0
L 50.0000, 20.0000, 0.0000,  20.0000, 50.0000, 0.0000,  255, 0, 0
L 20.0000, -50.0000, 0.0000,  50.0000, -20.0000, 0.0000,  255, 0, 0
L -50.0000, -20.0000, 0.0000,  -20.0000, -50.0000, 0.0000,  255, 0, 0
L -50.0000, 20.0000, 0.0000,  -50.0000, -20.0000, 0.0000,  255, 0, 0
L 20.0000, 50.0000, 0.0000,  -20.0000, 50.0000, 0.0000,  255, 0, 0
L 50.0000, -20.0000, 0.0000,  50.0000, 20.0000, 0.0000,  255, 0, 0
L -20.0000, -50.0000, 0.0000,  20.0000, -50.0000, 0.0000,  255, 0, 0
L 580.0000, -20.0000, 0.0000,  540.0000, -20.0000, 0.0000,  255, 0, 0
L 580.0000, -90.0000, 0.0000,  580.0000, -20.0000, 0.0000,  255, 0, 0
L 540.0000, -90.0000, 0.0000,  580.0000, -90.0000, 0.0000,  255, 0, 0
L 540.0000, -20.0000, 0.0000,  540.0000, -90.0000, 0.0000,  255, 0, 0
L 520.0000, -20.0000, 0.0000,  480.0000, -20.0000, 0.0000,  255, 0, 0
L 520.0000, -90.0000, 0.0000,  520.0000, -20.0000, 0.0000,  255, 0, 0
L 480.0000, -90.0000, 0.0000,  520.0000, -90.0000, 0.0000,  255, 0, 0
L 480.0000, -20.0000, 0.0000,  480.0000, -90.0000, 0.0000,  255, 0, 0
L 460.0000, -90.0000, 0.0000,  450.0000, -80.0000, 0.0000,  255, 0, 0
L 460.0000, -20.0000, 0.0000,  460.0000, -90.0000, 0.0000,  255, 0, 0
L 0.0000, -250.0000, 0.0000,  0.0000, 250.0000, 0.0000,  255, 0, 0
L -250.0000, 0.0000, 0.0000,  1000.0000, 0.0000, 0.0000,  255, 0, 0
L -120.0000, -80.0000, 0.0000,  -120.0000, -60.0000, 0.0000,  255, 0, 0
L -120.0000, -60.0000, 0.0000,  -120.0000, -40.0000, 0.0000,  255, 0, 0
L -100.0000, -60.0000, 0.0000,  -120.0000, -60.0000, 0.0000,  255, 0, 0
L -120.0000, -60.0000, 0.0000,  -140.0000, -60.0000, 0.0000,  255, 0, 0
L -90.0000, -50.0000, 0.0000,  -100.0000, -30.0000, 0.0000,  255, 0, 0
L -60.0000, -80.0000, 0.0000,  -60.0000, -60.0000, 0.0000,  255, 0, 0
L -60.0000, -60.0000, 0.0000,  -60.0000, -40.0000, 0.0000,  255, 0, 0
L -40.0000, -60.0000, 0.0000,  -60.0000, -60.0000, 0.0000,  255, 0, 0
L -60.0000, -60.0000, 0.0000,  -80.0000, -60.0000, 0.0000,  255, 0, 0
L 100.0000, 60.0000, 0.0000,  120.0000, 60.0000, 0.0000,  255, 0, 0
L 120.0000, 60.0000, 0.0000,  140.0000, 60.0000, 0.0000,  255, 0, 0
L 90.0000, 70.0000, 0.0000,  80.0000, 90.0000, 0.0000,  255, 0, 0
L 40.0000, 60.0000, 0.0000,  60.0000, 60.0000, 0.0000,  255, 0, 0
L 60.0000, 60.0000, 0.0000,  80.0000, 60.0000, 0.0000,  255, 0, 0
L -100.0000, 60.0000, 0.0000,  -120.0000, 60.0000, 0.0000,  255, 0, 0
L -120.0000, 60.0000, 0.0000,  -140.0000, 60.0000, 0.0000,  255, 0, 0
L -90.0000, 70.0000, 0.0000,  -100.0000, 90.0000, 0.0000,  255, 0, 0
L -60.0000, 80.0000, 0.0000,  -60.0000, 60.0000, 0.0000,  255, 0, 0
L -60.0000, 60.0000, 0.0000,  -60.0000, 40.0000, 0.0000,  255, 0, 0
L -40.0000, 60.0000, 0.0000,  -60.0000, 60.0000, 0.0000,  255, 0, 0
L -60.0000, 60.0000, 0.0000,  -80.0000, 60.0000, 0.0000,  255, 0, 0
L 100.0000, -60.0000, 0.0000,  120.0000, -60.0000, 0.0000,  255, 0, 0
L 120.0000, -60.0000, 0.0000,  140.0000, -60.0000, 0.0000,  255, 0, 0
L 90.0000, -50.0000, 0.0000,  80.0000, -30.0000, 0.0000,  255, 0, 0
L 60.0000, -80.0000, 0.0000,  60.0000, -60.0000, 0.0000,  255, 0, 0
L 60.0000, -60.0000, 0.0000,  60.0000, -40.0000, 0.0000,  255, 0, 0
L 40.0000, -60.0000, 0.0000,  60.0000, -60.0000, 0.0000,  255, 0, 0
L 60.0000, -60.0000, 0.0000,  80.0000, -60.0000, 0.0000,  255, 0, 0
L 599.0000, -90.0000, 0.0000,  637.3000, -90.0000, 0.0000,  255, 0, 0
L 599.0000, -20.0000, 0.0000,  637.3000, -20.0000, 0.0000,  255, 0, 0
L 599.0000, -90.0000, 0.0000,  599.0000, -20.0000, 0.0000,  255, 0, 0
L 637.3000, -90.0000, 0.0000,  637.3000, -20.0000, 0.0000,  255, 0, 0
L 900.0000, 1300.0000, 0.0000,  900.0000, 1360.0000, 0.0000,  0, 0, 0
L 940.0000, 1360.0000, 0.0000,  900.0000, 1360.0000, 0.0000,  0, 0, 0
L 960.0000, 1330.0000, 0.0000,  990.0000, 1330.0000, 0.0000,  0, 0, 0
L 960.0000, 1360.0000, 0.0000,  990.0000, 1360.0000, 0.0000,  0, 0, 0
L 960.0000, 1300.0000, 0.0000,  960.0000, 1360.0000, 0.0000,  0, 0, 0
L 990.0000, 1300.0000, 0.0000,  960.0000, 1300.0000, 0.0000,  0, 0, 0
L 1040.0000, 1360.0000, 0.0000,  1010.0000, 1360.0000, 0.0000,  0, 0, 0
L 1010.0000, 1300.0000, 0.0000,  1040.0000, 1300.0000, 0.0000,  0, 0, 0
L 1010.0000, 1360.0000, 0.0000,  1010.0000, 1300.0000, 0.0000,  0, 0, 0
L 1040.0000, 1360.0000, 0.0000,  1040.0000, 1330.0000, 0.0000,  0, 0, 0
L 1040.0000, 1330.0000, 0.0000,  1020.0000, 1330.0000, 0.0000,  0, 0, 0
L 1060.0000, 1330.0000, 0.0000,  1090.0000, 1330.0000, 0.0000,  0, 0, 0
L 1060.0000, 1360.0000, 0.0000,  1090.0000, 1360.0000, 0.0000,  0, 0, 0
L 1060.0000, 1300.0000, 0.0000,  1060.0000, 1360.0000, 0.0000,  0, 0, 0
L 1090.0000, 1300.0000, 0.0000,  1060.0000, 1300.0000, 0.0000,  0, 0, 0
L 1140.0000, 1360.0000, 0.0000,  1140.0000, 1300.0000, 0.0000,  0, 0, 0
L 1110.0000, 1300.0000, 0.0000,  1140.0000, 1360.0000, 0.0000,  0, 0, 0
L 1110.0000, 1360.0000, 0.0000,  1110.0000, 1300.0000, 0.0000,  0, 0, 0
L 1170.0000, 1360.0000, 0.0000,  1170.0000, 1300.0000, 0.0000,  0, 0, 0
L 1180.0000, 1360.0000, 0.0000,  1160.0000, 1360.0000, 0.0000,  0, 0, 0
L 1190.0000, 1330.0000, 0.0000,  1180.0000, 1360.0000, 0.0000,  0, 0, 0
L 1180.0000, 1300.0000, 0.0000,  1190.0000, 1330.0000, 0.0000,  0, 0, 0
L 1160.0000, 1300.0000, 0.0000,  1180.0000, 1300.0000, 0.0000,  0, 0, 0
L 900.0000, 1470.0000, 0.0000,  960.0000, 1470.0000, 0.0000,  0, 0, 0
L 900.0000, 1390.0000, 0.0000,  960.0000, 1390.0000, 0.0000,  0, 0, 0
L 930.0000, 1443.0000, 0.0000,  930.0000, 1417.0000, 0.0000,  205, 133, 63
L 960.0000, 1470.0000, 0.0000,  1020.0000, 1470.0000, 0.0000,  0, 0, 0
L 960.0000, 1470.0000, 0.0000,  960.0000, 1443.0000, 0.0000,  205, 133, 63
L 930.0000, 1443.0000, 0.0000,  990.0000, 1443.0000, 0.0000,  205, 133, 63
L 930.0000, 1417.0000, 0.0000,  960.0000, 1417.0000, 0.0000,  205, 133, 63
L 960.0000, 1417.0000, 0.0000,  990.0000, 1417.0000, 0.0000,  205, 133, 63
L 960.0000, 1390.0000, 0.0000,  1020.0000, 1390.0000, 0.0000,  0, 0, 0
L 960.0000, 1417.0000, 0.0000,  960.0000, 1390.0000, 0.0000,  205, 133, 63
L 990.0000, 1443.0000, 0.0000,  990.0000, 1417.0000, 0.0000,  205, 133, 63
L 1070.0000, 1460.0000, 0.0000,  1070.0000, 1400.0000, 0.0000,  0, 0, 0
L 1080.0000, 1460.0000, 0.0000,  1060.0000, 1460.0000, 0.0000,  0, 0, 0
L 1090.0000, 1430.0000, 0.0000,  1080.0000, 1460.0000, 0.0000,  0, 0, 0
L 1080.0000, 1400.0000, 0.0000,  1090.0000, 1430.0000, 0.0000,  0, 0, 0
L 1060.0000, 1400.0000, 0.0000,  1080.0000, 1400.0000, 0.0000,  0, 0, 0
L 1110.0000, 1400.0000, 0.0000,  1140.0000, 1400.0000, 0.0000,  0, 0, 0
L 1110.0000, 1460.0000, 0.0000,  1140.0000, 1460.0000, 0.0000,  0, 0, 0
L 1110.0000, 1400.0000, 0.0000,  1110.0000, 1460.0000, 0.0000,  0, 0, 0
L 1140.0000, 1400.0000, 0.0000,  1140.0000, 1460.0000, 0.0000,  0, 0, 0
L 1160.0000, 1400.0000, 0.0000,  1190.0000, 1400.0000, 0.0000,  0, 0, 0
L 1160.0000, 1460.0000, 0.0000,  1190.0000, 1460.0000, 0.0000,  0, 0, 0
L 1160.0000, 1400.0000, 0.0000,  1160.0000, 1460.0000, 0.0000,  0, 0, 0
L 1190.0000, 1400.0000, 0.0000,  1190.0000, 1460.0000, 0.0000,  0, 0, 0
L 1210.0000, 1400.0000, 0.0000,  1210.0000, 1430.0000, 0.0000,  0, 0, 0
L 1210.0000, 1430.0000, 0.0000,  1210.0000, 1460.0000, 0.0000,  0, 0, 0
L 1210.0000, 1430.0000, 0.0000,  1230.0000, 1430.0000, 0.0000,  0, 0, 0
L 1250.0000, 1430.0000, 0.0000,  1250.0000, 1400.0000, 0.0000,  0, 0, 0
L 1210.0000, 1400.0000, 0.0000,  1250.0000, 1400.0000, 0.0000,  0, 0, 0
L 1230.0000, 1430.0000, 0.0000,  1250.0000, 1430.0000, 0.0000,  0, 0, 0
L 1250.0000, 1460.0000, 0.0000,  1230.0000, 1430.0000, 0.0000,  0, 0, 0
L 900.0000, 1590.0000, 0.0000,  960.0000, 1590.0000, 0.0000,  0, 0, 0
L 900.0000, 1510.0000, 0.0000,  960.0000, 1510.0000, 0.0000,  0, 0, 0
L 930.0000, 1563.0000, 0.0000,  930.0000, 1537.0000, 0.0000,  255, 255, 0
L 960.0000, 1590.0000, 0.0000,  1020.0000, 1590.0000, 0.0000,  0, 0, 0
L 960.0000, 1590.0000, 0.0000,  960.0000, 1563.0000, 0.0000,  255, 255, 0
L 930.0000, 1563.0000, 0.0000,  990.0000, 1563.0000, 0.0000,  255, 255, 0
L 930.0000, 1537.0000, 0.0000,  960.0000, 1537.0000, 0.0000,  255, 255, 0
L 960.0000, 1537.0000, 0.0000,  990.0000, 1537.0000, 0.0000,  255, 255, 0
L 960.0000, 1510.0000, 0.0000,  1020.0000, 1510.0000, 0.0000,  0, 0, 0
L 960.0000, 1537.0000, 0.0000,  960.0000, 1510.0000, 0.0000,  255, 255, 0
L 990.0000, 1563.0000, 0.0000,  990.0000, 1537.0000, 0.0000,  255, 255, 0
L 1060.0000, 1520.0000, 0.0000,  1060.0000, 1580.0000, 0.0000,  0, 0, 0
L 1100.0000, 1580.0000, 0.0000,  1060.0000, 1580.0000, 0.0000,  0, 0, 0
L 1120.0000, 1520.0000, 0.0000,  1150.0000, 1520.0000, 0.0000,  0, 0, 0
L 1120.0000, 1580.0000, 0.0000,  1150.0000, 1580.0000, 0.0000,  0, 0, 0
L 1120.0000, 1520.0000, 0.0000,  1120.0000, 1580.0000, 0.0000,  0, 0, 0
L 1150.0000, 1520.0000, 0.0000,  1150.0000, 1580.0000, 0.0000,  0, 0, 0
L 1200.0000, 1580.0000, 0.0000,  1170.0000, 1580.0000, 0.0000,  0, 0, 0
L 1170.0000, 1520.0000, 0.0000,  1200.0000, 1520.0000, 0.0000,  0, 0, 0
L 1170.0000, 1580.0000, 0.0000,  1170.0000, 1520.0000, 0.0000,  0, 0, 0
L 1220.0000, 1520.0000, 0.0000,  1220.0000, 1550.0000, 0.0000,  0, 0, 0
L 1220.0000, 1550.0000, 0.0000,  1220.0000, 1580.0000, 0.0000,  0, 0, 0
L 1220.0000, 1550.0000, 0.0000,  1260.0000, 1580.0000, 0.0000,  0, 0, 0
L 1220.0000, 1550.0000, 0.0000,  1260.0000, 1520.0000, 0.0000,  0, 0, 0
L 1280.0000, 1550.0000, 0.0000,  1310.0000, 1550.0000, 0.0000,  0, 0, 0
L 1280.0000, 1580.0000, 0.0000,  1310.0000, 1580.0000, 0.0000,  0, 0, 0
L 1280.0000, 1520.0000, 0.0000,  1280.0000, 1580.0000, 0.0000,  0, 0, 0
L 1310.0000, 1520.0000, 0.0000,  1280.0000, 1520.0000, 0.0000,  0, 0, 0
L 1340.0000, 1580.0000, 0.0000,  1340.0000, 1520.0000, 0.0000,  0, 0, 0
L 1350.0000, 1580.0000, 0.0000,  1330.0000, 1580.0000, 0.0000,  0, 0, 0
L 1360.0000, 1550.0000, 0.0000,  1350.0000, 1580.0000, 0.0000,  0, 0, 0
L 1350.0000, 1520.0000, 0.0000,  1360.0000, 1550.0000, 0.0000,  0, 0, 0
L 1330.0000, 1520.0000, 0.0000,  1350.0000, 1520.0000, 0.0000,  0, 0, 0
L 1450.0000, 1580.0000, 0.0000,  1450.0000, 1520.0000, 0.0000,  0, 0, 0
L 1460.0000, 1580.0000, 0.0000,  1440.0000, 1580.0000, 0.0000,  0, 0, 0
L 1470.0000, 1550.0000, 0.0000,  1460.0000, 1580.0000, 0.0000,  0, 0, 0
L 1460.0000, 1520.0000, 0.0000,  1470.0000, 1550.0000, 0.0000,  0, 0, 0
L 1440.0000, 1520.0000, 0.0000,  1460.0000, 1520.0000, 0.0000,  0, 0, 0
L 1490.0000, 1520.0000, 0.0000,  1520.0000, 1520.0000, 0.0000,  0, 0, 0
L 1490.0000, 1580.0000, 0.0000,  1520.0000, 1580.0000, 0.0000,  0, 0, 0
L 1490.0000, 1520.0000, 0.0000,  1490.0000, 1580.0000, 0.0000,  0, 0, 0
L 1520.0000, 1520.0000, 0.0000,  1520.0000, 1580.0000, 0.0000,  0, 0, 0
L 1540.0000, 1520.0000, 0.0000,  1570.0000, 1520.0000, 0.0000,  0, 0, 0
L 1540.0000, 1580.0000, 0.0000,  1570.0000, 1580.0000, 0.0000,  0, 0, 0
L 1540.0000, 1520.0000, 0.0000,  1540.0000, 1580.0000, 0.0000,  0, 0, 0
L 1570.0000, 1520.0000, 0.0000,  1570.0000, 1580.0000, 0.0000,  0, 0, 0
L 1590.0000, 1520.0000, 0.0000,  1590.0000, 1550.0000, 0.0000,  0, 0, 0
L 1590.0000, 1550.0000, 0.0000,  1590.0000, 1580.0000, 0.0000,  0, 0, 0
L 1590.0000, 1550.0000, 0.0000,  1610.0000, 1550.0000, 0.0000,  0, 0, 0
L 1630.0000, 1550.0000, 0.0000,  1630.0000, 1520.0000, 0.0000,  0, 0, 0
L 1590.0000, 1520.0000, 0.0000,  1630.0000, 1520.0000, 0.0000,  0, 0, 0
L 1610.0000, 1550.0000, 0.0000,  1630.0000, 1550.0000, 0.0000,  0, 0, 0
L 1630.0000, 1580.0000, 0.0000,  1610.0000, 1550.0000, 0.0000,  0, 0, 0
L 900.0000, 1630.0000, 0.0000,  900.0000, 1660.0000, 0.0000,  255, 210, 0
L 900.0000, 1630.0000, 0.0000,  920.0000, 1630.0000, 0.0000,  255, 210, 0
L 920.0000, 1690.0000, 0.0000,  900.0000, 1690.0000, 0.0000,  255, 210, 0
L 900.0000, 1660.0000, 0.0000,  900.0000, 1690.0000, 0.0000,  255, 210, 0
L 920.0000, 1660.0000, 0.0000,  900.0000, 1660.0000, 0.0000,  255, 210, 0
L 920.0000, 1660.0000, 0.0000,  940.0000, 1645.0000, 0.0000,  255, 210, 0
L 920.0000, 1630.0000, 0.0000,  940.0000, 1645.0000, 0.0000,  255, 210, 0
L 920.0000, 1660.0000, 0.0000,  940.0000, 1675.0000, 0.0000,  255, 210, 0
L 940.0000, 1675.0000, 0.0000,  920.0000, 1690.0000, 0.0000,  255, 210, 0
L 970.0000, 1660.0000, 0.0000,  990.0000, 1660.0000, 0.0000,  255, 210, 0
L 980.0000, 1630.0000, 0.0000,  1000.0000, 1690.0000, 0.0000,  255, 210, 0
L 960.0000, 1690.0000, 0.0000,  980.0000, 1630.0000, 0.0000,  255, 210, 0
L 1050.0000, 1690.0000, 0.0000,  1050.0000, 1630.0000, 0.0000,  255, 210, 0
L 1020.0000, 1630.0000, 0.0000,  1050.0000, 1690.0000, 0.0000,  255, 210, 0
L 1020.0000, 1690.0000, 0.0000,  1020.0000, 1630.0000, 0.0000,  255, 210, 0
L 1070.0000, 1630.0000, 0.0000,  1070.0000, 1660.0000, 0.0000,  255, 210, 0
L 1070.0000, 1660.0000, 0.0000,  1070.0000, 1690.0000, 0.0000,  255, 210, 0
L 1070.0000, 1660.0000, 0.0000,  1110.0000, 1690.0000, 0.0000,  255, 210, 0
L 1070.0000, 1660.0000, 0.0000,  1110.0000, 1630.0000, 0.0000,  255, 210, 0
L 1130.0000, 1660.0000, 0.0000,  1160.0000, 1660.0000, 0.0000,  255, 210, 0
L 1130.0000, 1690.0000, 0.0000,  1160.0000, 1690.0000, 0.0000,  255, 210, 0
L 1130.0000, 1630.0000, 0.0000,  1130.0000, 1690.0000, 0.0000,  255, 210, 0
L 1160.0000, 1630.0000, 0.0000,  1130.0000, 1630.0000, 0.0000,  255, 210, 0
L 1180.0000, 1630.0000, 0.0000,  1180.0000, 1660.0000, 0.0000,  255, 210, 0
L 1180.0000, 1660.0000, 0.0000,  1180.0000, 1690.0000, 0.0000,  255, 210, 0
L 1180.0000, 1660.0000, 0.0000,  1200.0000, 1660.0000, 0.0000,  255, 210, 0
L 1220.0000, 1660.0000, 0.0000,  1220.0000, 1630.0000, 0.0000,  255, 210, 0
L 1180.0000, 1630.0000, 0.0000,  1220.0000, 1630.0000, 0.0000,  255, 210, 0
L 1200.0000, 1660.0000, 0.0000,  1220.0000, 1660.0000, 0.0000,  255, 210, 0
L 1220.0000, 1690.0000, 0.0000,  1200.0000, 1660.0000, 0.0000,  255, 210, 0
L 930.0000, 1780.0000, 0.0000,  900.0000, 1780.0000, 0.0000,  255, 255, 255
L 900.0000, 1720.0000, 0.0000,  930.0000, 1720.0000, 0.0000,  255, 255, 255
L 900.0000, 1780.0000, 0.0000,  900.0000, 1720.0000, 0.0000,  255, 255, 255
L 950.0000, 1720.0000, 0.0000,  980.0000, 1720.0000, 0.0000,  255, 255, 255
L 950.0000, 1780.0000, 0.0000,  980.0000, 1780.0000, 0.0000,  255, 255, 255
L 950.0000, 1720.0000, 0.0000,  950.0000, 1780.0000, 0.0000,  255, 255, 255
L 980.0000, 1720.0000, 0.0000,  980.0000, 1780.0000, 0.0000,  255, 255, 255
L 1040.0000, 1720.0000, 0.0000,  1040.0000, 1780.0000, 0.0000,  255, 255, 255
L 1020.0000, 1750.0000, 0.0000,  1040.0000, 1720.0000, 0.0000,  255, 255, 255
L 1000.0000, 1720.0000, 0.0000,  1020.0000, 1750.0000, 0.0000,  255, 255, 255
L 1000.0000, 1780.0000, 0.0000,  1000.0000, 1720.0000, 0.0000,  255, 255, 255
L 1100.0000, 1720.0000, 0.0000,  1100.0000, 1780.0000, 0.0000,  255, 255, 255
L 1080.0000, 1750.0000, 0.0000,  1100.0000, 1720.0000, 0.0000,  255, 255, 255
L 1060.0000, 1720.0000, 0.0000,  1080.0000, 1750.0000, 0.0000,  255, 255, 255
L 1060.0000, 1780.0000, 0.0000,  1060.0000, 1720.0000, 0.0000,  255, 255, 255
L 1120.0000, 1750.0000, 0.0000,  1150.0000, 1750.0000, 0.0000,  255, 255, 255
L 1120.0000, 1780.0000, 0.0000,  1150.0000, 1780.0000, 0.0000,  255, 255, 255
L 1120.0000, 1720.0000, 0.0000,  1120.0000, 1780.0000, 0.0000,  255, 255, 255
L 1150.0000, 1720.0000, 0.0000,  1120.0000, 1720.0000, 0.0000,  255, 255, 255
L 1200.0000, 1780.0000, 0.0000,  1200.0000, 1720.0000, 0.0000,  255, 255, 255
L 1170.0000, 1720.0000, 0.0000,  1200.0000, 1780.0000, 0.0000,  255, 255, 255
L 1170.0000, 1780.0000, 0.0000,  1170.0000, 1720.0000, 0.0000,  255, 255, 255
L 1240.0000, 1720.0000, 0.0000,  1240.0000, 1780.0000, 0.0000,  255, 255, 255
L 1220.0000, 1720.0000, 0.0000,  1260.0000, 1720.0000, 0.0000,  255, 255, 255
L 930.0000, 1870.0000, 0.0000,  900.0000, 1870.0000, 0.0000,  0, 0, 0
L 900.0000, 1810.0000, 0.0000,  930.0000, 1810.0000, 0.0000,  0, 0, 0
L 900.0000, 1870.0000, 0.0000,  900.0000, 1810.0000, 0.0000,  0, 0, 0
L 930.0000, 1870.0000, 0.0000,  930.0000, 1840.0000, 0.0000,  0, 0, 0
L 930.0000, 1840.0000, 0.0000,  910.0000, 1840.0000, 0.0000,  0, 0, 0
L 950.0000, 1840.0000, 0.0000,  980.0000, 1840.0000, 0.0000,  0, 0, 0
L 950.0000, 1870.0000, 0.0000,  980.0000, 1870.0000, 0.0000,  0, 0, 0
L 950.0000, 1810.0000, 0.0000,  950.0000, 1870.0000, 0.0000,  0, 0, 0
L 980.0000, 1810.0000, 0.0000,  950.0000, 1810.0000, 0.0000,  0, 0, 0
L 1030.0000, 1870.0000, 0.0000,  1030.0000, 1810.0000, 0.0000,  0, 0, 0
L 1000.0000, 1810.0000, 0.0000,  1030.0000, 1870.0000, 0.0000,  0, 0, 0
L 1000.0000, 1870.0000, 0.0000,  1000.0000, 1810.0000, 0.0000,  0, 0, 0
L 1050.0000, 1840.0000, 0.0000,  1080.0000, 1840.0000, 0.0000,  0, 0, 0
L 1050.0000, 1870.0000, 0.0000,  1080.0000, 1870.0000, 0.0000,  0, 0, 0
L 1050.0000, 1810.0000, 0.0000,  1050.0000, 1870.0000, 0.0000,  0, 0, 0
L 1080.0000, 1810.0000, 0.0000,  1050.0000, 1810.0000, 0.0000,  0, 0, 0
L 1100.0000, 1810.0000, 0.0000,  1100.0000, 1840.0000, 0.0000,  0, 0, 0
L 1100.0000, 1840.0000, 0.0000,  1100.0000, 1870.0000, 0.0000,  0, 0, 0
L 1100.0000, 1840.0000, 0.0000,  1120.0000, 1840.0000, 0.0000,  0, 0, 0
L 1140.0000, 1840.0000, 0.0000,  1140.0000, 1810.0000, 0.0000,  0, 0, 0
L 1100.0000, 1810.0000, 0.0000,  1140.0000, 1810.0000, 0.0000,  0, 0, 0
L 1120.0000, 1840.0000, 0.0000,  1140.0000, 1840.0000, 0.0000,  0, 0, 0
L 1140.0000, 1870.0000, 0.0000,  1120.0000, 1840.0000, 0.0000,  0, 0, 0
L 1170.0000, 1840.0000, 0.0000,  1190.0000, 1840.0000, 0.0000,  0, 0, 0
L 1180.0000, 1810.0000, 0.0000,  1200.0000, 1870.0000, 0.0000,  0, 0, 0
L 1160.0000, 1870.0000, 0.0000,  1180.0000, 1810.0000, 0.0000,  0, 0, 0
L 1220.0000, 1810.0000, 0.0000,  1220.0000, 1870.0000, 0.0000,  0, 0, 0
L 1260.0000, 1870.0000, 0.0000,  1220.0000, 1870.0000, 0.0000,  0, 0, 0
L 930.0000, 1960.0000, 0.0000,  900.0000, 1960.0000, 0.0000,  0, 0, 255
L 900.0000, 1900.0000, 0.0000,  930.0000, 1900.0000, 0.0000,  0, 0, 255
L 900.0000, 1960.0000, 0.0000,  900.0000, 1900.0000, 0.0000,  0, 0, 255
L 930.0000, 1960.0000, 0.0000,  930.0000, 1930.0000, 0.0000,  0, 0, 255
L 930.0000, 1930.0000, 0.0000,  910.0000, 1930.0000, 0.0000,  0, 0, 255
L 950.0000, 1900.0000, 0.0000,  950.0000, 1930.0000, 0.0000,  0, 0, 255
L 950.0000, 1930.0000, 0.0000,  950.0000, 1960.0000, 0.0000,  0, 0, 255
L 950.0000, 1930.0000, 0.0000,  970.0000, 1930.0000, 0.0000,  0, 0, 255
L 990.0000, 1930.0000, 0.0000,  990.0000, 1900.0000, 0.0000,  0, 0, 255
L 950.0000, 1900.0000, 0.0000,  990.0000, 1900.0000, 0.0000,  0, 0, 255
L 970.0000, 1930.0000, 0.0000,  990.0000, 1930.0000, 0.0000,  0, 0, 255
L 990.0000, 1960.0000, 0.0000,  970.0000, 1930.0000, 0.0000,  0, 0, 255
L 1010.0000, 1900.0000, 0.0000,  1040.0000, 1900.0000, 0.0000,  0, 0, 255
L 1010.0000, 1960.0000, 0.0000,  1040.0000, 1960.0000, 0.0000,  0, 0, 255
L 1010.0000, 1900.0000, 0.0000,  1010.0000, 1960.0000, 0.0000,  0, 0, 255
L 1040.0000, 1900.0000, 0.0000,  1040.0000, 1960.0000, 0.0000,  0, 0, 255
L 1100.0000, 1900.0000, 0.0000,  1100.0000, 1960.0000, 0.0000,  0, 0, 255
L 1060.0000, 1900.0000, 0.0000,  1060.0000, 1960.0000, 0.0000,  0, 0, 255
L 1060.0000, 1960.0000, 0.0000,  1100.0000, 1960.0000, 0.0000,  0, 0, 255
L 1150.0000, 1960.0000, 0.0000,  1150.0000, 1900.0000, 0.0000,  0, 0, 255
L 1120.0000, 1900.0000, 0.0000,  1150.0000, 1960.0000, 0.0000,  0, 0, 255
L 1120.0000, 1960.0000, 0.0000,  1120.0000, 1900.0000, 0.0000,  0, 0, 255
L 1180.0000, 1960.0000, 0.0000,  1180.0000, 1900.0000, 0.0000,  0, 0, 255
L 1190.0000, 1960.0000, 0.0000,  1170.0000, 1960.0000, 0.0000,  0, 0, 255
L 1200.0000, 1930.0000, 0.0000,  1190.0000, 1960.0000, 0.0000,  0, 0, 255
L 1190.0000, 1900.0000, 0.0000,  1200.0000, 1930.0000, 0.0000,  0, 0, 255
L 1170.0000, 1900.0000, 0.0000,  1190.0000, 1900.0000, 0.0000,  0, 0, 255
L 1280.0000, 1900.0000, 0.0000,  1280.0000, 1930.0000, 0.0000,  0, 0, 255
L 1280.0000, 1960.0000, 0.0000,  1320.0000, 1960.0000, 0.0000,  0, 0, 255
L 1320.0000, 1930.0000, 0.0000,  1280.0000, 1930.0000, 0.0000,  0, 0, 255
L 1280.0000, 1900.0000, 0.0000,  1320.0000, 1900.0000, 0.0000,  0, 0, 255
L 1320.0000, 1930.0000, 0.0000,  1320.0000, 1960.0000, 0.0000,  0, 0, 255
L 1370.0000, 1930.0000, 0.0000,  1340.0000, 1930.0000, 0.0000,  0, 0, 255
L 1370.0000, 1900.0000, 0.0000,  1370.0000, 1930.0000, 0.0000,  0, 0, 255
L 1340.0000, 1900.0000, 0.0000,  1370.0000, 1900.0000, 0.0000,  0, 0, 255
L 1340.0000, 1960.0000, 0.0000,  1340.0000, 1900.0000, 0.0000,  0, 0, 255
L 1400.0000, 1930.0000, 0.0000,  1420.0000, 1930.0000, 0.0000,  0, 0, 255
L 1410.0000, 1900.0000, 0.0000,  1430.0000, 1960.0000, 0.0000,  0, 0, 255
L 1390.0000, 1960.0000, 0.0000,  1410.0000, 1900.0000, 0.0000,  0, 0, 255
L 1480.0000, 1960.0000, 0.0000,  1490.0000, 1900.0000, 0.0000,  0, 0, 255
L 1470.0000, 1930.0000, 0.0000,  1480.0000, 1960.0000, 0.0000,  0, 0, 255
L 1460.0000, 1960.0000, 0.0000,  1470.0000, 1930.0000, 0.0000,  0, 0, 255
L 1450.0000, 1900.0000, 0.0000,  1460.0000, 1960.0000, 0.0000,  0, 0, 255
L 1540.0000, 1960.0000, 0.0000,  1540.0000, 1900.0000, 0.0000,  0, 0, 255
L 1510.0000, 1900.0000, 0.0000,  1540.0000, 1960.0000, 0.0000,  0, 0, 255
L 1510.0000, 1960.0000, 0.0000,  1510.0000, 1900.0000, 0.0000,  0, 0, 255
L 930.0000, 2050.0000, 0.0000,  900.0000, 2050.0000, 0.0000,  128, 128, 128
L 900.0000, 1990.0000, 0.0000,  930.0000, 1990.0000, 0.0000,  128, 128, 128
L 900.0000, 2050.0000, 0.0000,  900.0000, 1990.0000, 0.0000,  128, 128, 128
L 930.0000, 2050.0000, 0.0000,  930.0000, 2020.0000, 0.0000,  128, 128, 128
L 930.0000, 2020.0000, 0.0000,  910.0000, 2020.0000, 0.0000,  128, 128, 128
L 990.0000, 1990.0000, 0.0000,  990.0000, 2050.0000, 0.0000,  128, 128, 128
L 950.0000, 1990.0000, 0.0000,  950.0000, 2050.0000, 0.0000,  128, 128, 128
L 950.0000, 2050.0000, 0.0000,  990.0000, 2050.0000, 0.0000,  128, 128, 128
L 1010.0000, 1990.0000, 0.0000,  1010.0000, 2050.0000, 0.0000,  128, 128, 128
L 1030.0000, 1990.0000, 0.0000,  1030.0000, 2050.0000, 0.0000,  128, 128, 128
L 1070.0000, 2050.0000, 0.0000,  1030.0000, 2050.0000, 0.0000,  128, 128, 128
L 1100.0000, 2050.0000, 0.0000,  1100.0000, 1990.0000, 0.0000,  128, 128, 128
L 1110.0000, 2050.0000, 0.0000,  1090.0000, 2050.0000, 0.0000,  128, 128, 128
L 1120.0000, 2020.0000, 0.0000,  1110.0000, 2050.0000, 0.0000,  128, 128, 128
L 1110.0000, 1990.0000, 0.0000,  1120.0000, 2020.0000, 0.0000,  128, 128, 128
L 1090.0000, 1990.0000, 0.0000,  1110.0000, 1990.0000, 0.0000,  128, 128, 128
L 1240.0000, 1990.0000, 0.0000,  1240.0000, 2050.0000, 0.0000,  128, 128, 128
L 1220.0000, 2020.0000, 0.0000,  1240.0000, 1990.0000, 0.0000,  128, 128, 128
L 1200.0000, 1990.0000, 0.0000,  1220.0000, 2020.0000, 0.0000,  128, 128, 128
L 1200.0000, 2050.0000, 0.0000,  1200.0000, 1990.0000, 0.0000,  128, 128, 128
L 1270.0000, 2020.0000, 0.0000,  1290.0000, 2020.0000, 0.0000,  128, 128, 128
L 1280.0000, 1990.0000, 0.0000,  1300.0000, 2050.0000, 0.0000,  128, 128, 128
L 1260.0000, 2050.0000, 0.0000,  1280.0000, 1990.0000, 0.0000,  128, 128, 128
L 1320.0000, 1990.0000, 0.0000,  1320.0000, 2020.0000, 0.0000,  128, 128, 128
L 1320.0000, 2050.0000, 0.0000,  1360.0000, 2050.0000, 0.0000,  128, 128, 128
L 1360.0000, 2020.0000, 0.0000,  1320.0000, 2020.0000, 0.0000,  128, 128, 128
L 1320.0000, 1990.0000, 0.0000,  1360.0000, 1990.0000, 0.0000,  128, 128, 128
L 1360.0000, 2020.0000, 0.0000,  1360.0000, 2050.0000, 0.0000,  128, 128, 128
L 1400.0000, 1990.0000, 0.0000,  1400.0000, 2050.0000, 0.0000,  128, 128, 128
L 1380.0000, 1990.0000, 0.0000,  1420.0000, 1990.0000, 0.0000,  128, 128, 128
L 1440.0000, 2020.0000, 0.0000,  1470.0000, 2020.0000, 0.0000,  128, 128, 128
L 1440.0000, 2050.0000, 0.0000,  1470.0000, 2050.0000, 0.0000,  128, 128, 128
L 1440.0000, 1990.0000, 0.0000,  1440.0000, 2050.0000, 0.0000,  128, 128, 128
L 1470.0000, 1990.0000, 0.0000,  1440.0000, 1990.0000, 0.0000,  128, 128, 128
L 1490.0000, 1990.0000, 0.0000,  1490.0000, 2020.0000, 0.0000,  128, 128, 128
L 1490.0000, 2020.0000, 0.0000,  1490.0000, 2050.0000, 0.0000,  128, 128, 128
L 1490.0000, 2020.0000, 0.0000,  1510.0000, 2020.0000, 0.0000,  128, 128, 128
L 1530.0000, 2020.0000, 0.0000,  1530.0000, 1990.0000, 0.0000,  128, 128, 128
L 1490.0000, 1990.0000, 0.0000,  1530.0000, 1990.0000, 0.0000,  128, 128, 128
L 1510.0000, 2020.0000, 0.0000,  1530.0000, 2020.0000, 0.0000,  128, 128, 128
L 1530.0000, 2050.0000, 0.0000,  1510.0000, 2020.0000, 0.0000,  128, 128, 128
L 900.0000, 2080.0000, 0.0000,  900.0000, 2110.0000, 0.0000,  127, 64, 0
L 940.0000, 2140.0000, 0.0000,  940.0000, 2110.0000, 0.0000,  127, 64, 0
L 900.0000, 2110.0000, 0.0000,  900.0000, 2140.0000, 0.0000,  127, 64, 0
L 940.0000, 2110.0000, 0.0000,  940.0000, 2080.0000, 0.0000,  127, 64, 0
L 900.0000, 2110.0000, 0.0000,  940.0000, 2110.0000, 0.0000,  127, 64, 0
L 1000.0000, 2080.0000, 0.0000,  1000.0000, 2140.0000, 0.0000,  127, 64, 0
L 960.0000, 2080.0000, 0.0000,  960.0000, 2140.0000, 0.0000,  127, 64, 0
L 960.0000, 2140.0000, 0.0000,  1000.0000, 2140.0000, 0.0000,  127, 64, 0
L 1050.0000, 2140.0000, 0.0000,  1050.0000, 2080.0000, 0.0000,  127, 64, 0
L 1020.0000, 2080.0000, 0.0000,  1050.0000, 2140.0000, 0.0000,  127, 64, 0
L 1020.0000, 2140.0000, 0.0000,  1020.0000, 2080.0000, 0.0000,  127, 64, 0
L 1090.0000, 2080.0000, 0.0000,  1090.0000, 2140.0000, 0.0000,  127, 64, 0
L 1070.0000, 2080.0000, 0.0000,  1110.0000, 2080.0000, 0.0000,  127, 64, 0
L 1130.0000, 2110.0000, 0.0000,  1160.0000, 2110.0000, 0.0000,  127, 64, 0
L 1130.0000, 2140.0000, 0.0000,  1160.0000, 2140.0000, 0.0000,  127, 64, 0
L 1130.0000, 2080.0000, 0.0000,  1130.0000, 2140.0000, 0.0000,  127, 64, 0
L 1160.0000, 2080.0000, 0.0000,  1130.0000, 2080.0000, 0.0000,  127, 64, 0
L 1180.0000, 2080.0000, 0.0000,  1180.0000, 2110.0000, 0.0000,  127, 64, 0
L 1180.0000, 2110.0000, 0.0000,  1180.0000, 2140.0000, 0.0000,  127, 64, 0
L 1180.0000, 2110.0000, 0.0000,  1200.0000, 2110.0000, 0.0000,  127, 64, 0
L 1220.0000, 2110.0000, 0.0000,  1220.0000, 2080.0000, 0.0000,  127, 64, 0
L 1180.0000, 2080.0000, 0.0000,  1220.0000, 2080.0000, 0.0000,  127, 64, 0
L 1200.0000, 2110.0000, 0.0000,  1220.0000, 2110.0000, 0.0000,  127, 64, 0
L 1220.0000, 2140.0000, 0.0000,  1200.0000, 2110.0000, 0.0000,  127, 64, 0
L 940.0000, 2170.0000, 0.0000,  940.0000, 2230.0000, 0.0000,  0, 127, 0
L 920.0000, 2200.0000, 0.0000,  940.0000, 2170.0000, 0.0000,  0, 127, 0
L 900.0000, 2170.0000, 0.0000,  920.0000, 2200.0000, 0.0000,  0, 127, 0
L 900.0000, 2230.0000, 0.0000,  900.0000, 2170.0000, 0.0000,  0, 127, 0
L 960.0000, 2200.0000, 0.0000,  990.0000, 2200.0000, 0.0000,  0, 127, 0
L 960.0000, 2230.0000, 0.0000,  990.0000, 2230.0000, 0.0000,  0, 127, 0
L 960.0000, 2170.0000, 0.0000,  960.0000, 2230.0000, 0.0000,  0, 127, 0
L 990.0000, 2170.0000, 0.0000,  960.0000, 2170.0000, 0.0000,  0, 127, 0
L 1010.0000, 2170.0000, 0.0000,  1010.0000, 2200.0000, 0.0000,  0, 127, 0
L 1010.0000, 2200.0000, 0.0000,  1010.0000, 2230.0000, 0.0000,  0, 127, 0
L 1010.0000, 2200.0000, 0.0000,  1030.0000, 2200.0000, 0.0000,  0, 127, 0
L 1050.0000, 2200.0000, 0.0000,  1050.0000, 2170.0000, 0.0000,  0, 127, 0
L 1010.0000, 2170.0000, 0.0000,  1050.0000, 2170.0000, 0.0000,  0, 127, 0
L 1030.0000, 2200.0000, 0.0000,  1050.0000, 2200.0000, 0.0000,  0, 127, 0
L 1050.0000, 2230.0000, 0.0000,  1030.0000, 2200.0000, 0.0000,  0, 127, 0
L 1100.0000, 2230.0000, 0.0000,  1070.0000, 2230.0000, 0.0000,  0, 127, 0
L 1070.0000, 2170.0000, 0.0000,  1100.0000, 2170.0000, 0.0000,  0, 127, 0
L 1070.0000, 2230.0000, 0.0000,  1070.0000, 2170.0000, 0.0000,  0, 127, 0
L 1120.0000, 2170.0000, 0.0000,  1120.0000, 2200.0000, 0.0000,  0, 127, 0
L 1160.0000, 2230.0000, 0.0000,  1160.0000, 2200.0000, 0.0000,  0, 127, 0
L 1120.0000, 2200.0000, 0.0000,  1120.0000, 2230.0000, 0.0000,  0, 127, 0
L 1160.0000, 2200.0000, 0.0000,  1160.0000, 2170.0000, 0.0000,  0, 127, 0
L 1120.0000, 2200.0000, 0.0000,  1160.0000, 2200.0000, 0.0000,  0, 127, 0
L 1190.0000, 2200.0000, 0.0000,  1210.0000, 2200.0000, 0.0000,  0, 127, 0
L 1200.0000, 2170.0000, 0.0000,  1220.0000, 2230.0000, 0.0000,  0, 127, 0
L 1180.0000, 2230.0000, 0.0000,  1200.0000, 2170.0000, 0.0000,  0, 127, 0
L 1270.0000, 2230.0000, 0.0000,  1270.0000, 2170.0000, 0.0000,  0, 127, 0
L 1240.0000, 2170.0000, 0.0000,  1270.0000, 2230.0000, 0.0000,  0, 127, 0
L 1240.0000, 2230.0000, 0.0000,  1240.0000, 2170.0000, 0.0000,  0, 127, 0
L 1310.0000, 2170.0000, 0.0000,  1310.0000, 2230.0000, 0.0000,  0, 127, 0
L 1290.0000, 2170.0000, 0.0000,  1330.0000, 2170.0000, 0.0000,  0, 127, 0
L 940.0000, 2260.0000, 0.0000,  940.0000, 2320.0000, 0.0000,  0, 127, 127
L 920.0000, 2290.0000, 0.0000,  940.0000, 2260.0000, 0.0000,  0, 127, 127
L 900.0000, 2260.0000, 0.0000,  920.0000, 2290.0000, 0.0000,  0, 127, 127
L 900.0000, 2320.0000, 0.0000,  900.0000, 2260.0000, 0.0000,  0, 127, 127
L 960.0000, 2260.0000, 0.0000,  960.0000, 2320.0000, 0.0000,  0, 127, 127
L 980.0000, 2260.0000, 0.0000,  980.0000, 2290.0000, 0.0000,  0, 127, 127
L 980.0000, 2320.0000, 0.0000,  1020.0000, 2320.0000, 0.0000,  0, 127, 127
L 1020.0000, 2290.0000, 0.0000,  980.0000, 2290.0000, 0.0000,  0, 127, 127
L 980.0000, 2260.0000, 0.0000,  1020.0000, 2260.0000, 0.0000,  0, 127, 127
L 1020.0000, 2290.0000, 0.0000,  1020.0000, 2320.0000, 0.0000,  0, 127, 127
L 1040.0000, 2260.0000, 0.0000,  1040.0000, 2290.0000, 0.0000,  0, 127, 127
L 1040.0000, 2320.0000, 0.0000,  1080.0000, 2320.0000, 0.0000,  0, 127, 127
L 1080.0000, 2290.0000, 0.0000,  1040.0000, 2290.0000, 0.0000,  0, 127, 127
L 1040.0000, 2260.0000, 0.0000,  1080.0000, 2260.0000, 0.0000,  0, 127, 127
L 1080.0000, 2290.0000, 0.0000,  1080.0000, 2320.0000, 0.0000,  0, 127, 127
L 1100.0000, 2260.0000, 0.0000,  1100.0000, 2320.0000, 0.0000,  0, 127, 127
L 1120.0000, 2260.0000, 0.0000,  1150.0000, 2260.0000, 0.0000,  0, 127, 127
L 1120.0000, 2320.0000, 0.0000,  1150.0000, 2320.0000, 0.0000,  0, 127, 127
L 1120.0000, 2260.0000, 0.0000,  1120.0000, 2320.0000, 0.0000,  0, 127, 127
L 1150.0000, 2260.0000, 0.0000,  1150.0000, 2320.0000, 0.0000,  0, 127, 127
L 1200.0000, 2320.0000, 0.0000,  1200.0000, 2260.0000, 0.0000,  0, 127, 127
L 1170.0000, 2260.0000, 0.0000,  1200.0000, 2320.0000, 0.0000,  0, 127, 127
L 1170.0000, 2320.0000, 0.0000,  1170.0000, 2260.0000, 0.0000,  0, 127, 127
L 930.0000, 2410.0000, 0.0000,  930.0000, 2350.0000, 0.0000,  127, 64, 0
L 900.0000, 2350.0000, 0.0000,  930.0000, 2410.0000, 0.0000,  127, 64, 0
L 900.0000, 2410.0000, 0.0000,  900.0000, 2350.0000, 0.0000,  127, 64, 0
L 960.0000, 2380.0000, 0.0000,  980.0000, 2380.0000, 0.0000,  127, 64, 0
L 970.0000, 2350.0000, 0.0000,  990.0000, 2410.0000, 0.0000,  127, 64, 0
L 950.0000, 2410.0000, 0.0000,  970.0000, 2350.0000, 0.0000,  127, 64, 0
L 1050.0000, 2350.0000, 0.0000,  1050.0000, 2410.0000, 0.0000,  127, 64, 0
L 1030.0000, 2380.0000, 0.0000,  1050.0000, 2350.0000, 0.0000,  127, 64, 0
L 1010.0000, 2350.0000, 0.0000,  1030.0000, 2380.0000, 0.0000,  127, 64, 0
L 1010.0000, 2410.0000, 0.0000,  1010.0000, 2350.0000, 0.0000,  127, 64, 0
L 1070.0000, 2380.0000, 0.0000,  1100.0000, 2380.0000, 0.0000,  127, 64, 0
L 1070.0000, 2410.0000, 0.0000,  1100.0000, 2410.0000, 0.0000,  127, 64, 0
L 1070.0000, 2350.0000, 0.0000,  1070.0000, 2410.0000, 0.0000,  127, 64, 0
L 1100.0000, 2350.0000, 0.0000,  1070.0000, 2350.0000, 0.0000,  127, 64, 0
L 1130.0000, 2410.0000, 0.0000,  1130.0000, 2350.0000, 0.0000,  127, 64, 0
L 1140.0000, 2410.0000, 0.0000,  1120.0000, 2410.0000, 0.0000,  127, 64, 0
L 1150.0000, 2380.0000, 0.0000,  1140.0000, 2410.0000, 0.0000,  127, 64, 0
L 1140.0000, 2350.0000, 0.0000,  1150.0000, 2380.0000, 0.0000,  127, 64, 0
L 1120.0000, 2350.0000, 0.0000,  1140.0000, 2350.0000, 0.0000,  127, 64, 0
L 930.0000, 2470.0000, 0.0000,  900.0000, 2470.0000, 0.0000,  0, 255, 0
L 930.0000, 2440.0000, 0.0000,  930.0000, 2470.0000, 0.0000,  0, 255, 0
L 900.0000, 2440.0000, 0.0000,  930.0000, 2440.0000, 0.0000,  0, 255, 0
L 900.0000, 2500.0000, 0.0000,  900.0000, 2440.0000, 0.0000,  0, 255, 0
L 960.0000, 2470.0000, 0.0000,  980.0000, 2470.0000, 0.0000,  0, 255, 0
L 970.0000, 2440.0000, 0.0000,  990.0000, 2500.0000, 0.0000,  0, 255, 0
L 950.0000, 2500.0000, 0.0000,  970.0000, 2440.0000, 0.0000,  0, 255, 0
L 1010.0000, 2440.0000, 0.0000,  1010.0000, 2470.0000, 0.0000,  0, 255, 0
L 1010.0000, 2470.0000, 0.0000,  1010.0000, 2500.0000, 0.0000,  0, 255, 0
L 1010.0000, 2470.0000, 0.0000,  1030.0000, 2470.0000, 0.0000,  0, 255, 0
L 1050.0000, 2470.0000, 0.0000,  1050.0000, 2440.0000, 0.0000,  0, 255, 0
L 1010.0000, 2440.0000, 0.0000,  1050.0000, 2440.0000, 0.0000,  0, 255, 0
L 1030.0000, 2470.0000, 0.0000,  1050.0000, 2470.0000, 0.0000,  0, 255, 0
L 1050.0000, 2500.0000, 0.0000,  1030.0000, 2470.0000, 0.0000,  0, 255, 0
L 1100.0000, 2500.0000, 0.0000,  1070.0000, 2500.0000, 0.0000,  0, 255, 0
L 1070.0000, 2440.0000, 0.0000,  1100.0000, 2440.0000, 0.0000,  0, 255, 0
L 1070.0000, 2500.0000, 0.0000,  1070.0000, 2440.0000, 0.0000,  0, 255, 0
L 1120.0000, 2470.0000, 0.0000,  1150.0000, 2470.0000, 0.0000,  0, 255, 0
L 1120.0000, 2500.0000, 0.0000,  1150.0000, 2500.0000, 0.0000,  0, 255, 0
L 1120.0000, 2440.0000, 0.0000,  1120.0000, 2500.0000, 0.0000,  0, 255, 0
L 1150.0000, 2440.0000, 0.0000,  1120.0000, 2440.0000, 0.0000,  0, 255, 0
L 1170.0000, 2440.0000, 0.0000,  1170.0000, 2500.0000, 0.0000,  0, 255, 0
L 1210.0000, 2500.0000, 0.0000,  1170.0000, 2500.0000, 0.0000,  0, 255, 0
L 1230.0000, 2440.0000, 0.0000,  1230.0000, 2470.0000, 0.0000,  0, 255, 0
L 1230.0000, 2500.0000, 0.0000,  1270.0000, 2500.0000, 0.0000,  0, 255, 0
L 1270.0000, 2470.0000, 0.0000,  1230.0000, 2470.0000, 0.0000,  0, 255, 0
L 1230.0000, 2440.0000, 0.0000,  1270.0000, 2440.0000, 0.0000,  0, 255, 0
L 1270.0000, 2470.0000, 0.0000,  1270.0000, 2500.0000, 0.0000,  0, 255, 0
L 900.0000, 2530.0000, 0.0000,  900.0000, 2560.0000, 0.0000,  0, 240, 240
L 900.0000, 2560.0000, 0.0000,  900.0000, 2590.0000, 0.0000,  0, 240, 240
L 900.0000, 2560.0000, 0.0000,  920.0000, 2560.0000, 0.0000,  0, 240, 240
L 940.0000, 2560.0000, 0.0000,  940.0000, 2530.0000, 0.0000,  0, 240, 240
L 900.0000, 2530.0000, 0.0000,  940.0000, 2530.0000, 0.0000,  0, 240, 240
L 920.0000, 2560.0000, 0.0000,  940.0000, 2560.0000, 0.0000,  0, 240, 240
L 940.0000, 2590.0000, 0.0000,  920.0000, 2560.0000, 0.0000,  0, 240, 240
L 970.0000, 2560.0000, 0.0000,  990.0000, 2560.0000, 0.0000,  0, 240, 240
L 980.0000, 2530.0000, 0.0000,  1000.0000, 2590.0000, 0.0000,  0, 240, 240
L 960.0000, 2590.0000, 0.0000,  980.0000, 2530.0000, 0.0000,  0, 240, 240
L 1020.0000, 2530.0000, 0.0000,  1020.0000, 2590.0000, 0.0000,  0, 240, 240
L 1050.0000, 2590.0000, 0.0000,  1050.0000, 2530.0000, 0.0000,  0, 240, 240
L 1060.0000, 2590.0000, 0.0000,  1040.0000, 2590.0000, 0.0000,  0, 240, 240
L 1070.0000, 2560.0000, 0.0000,  1060.0000, 2590.0000, 0.0000,  0, 240, 240
L 1060.0000, 2530.0000, 0.0000,  1070.0000, 2560.0000, 0.0000,  0, 240, 240
L 1040.0000, 2530.0000, 0.0000,  1060.0000, 2530.0000, 0.0000,  0, 240, 240
L 900.0000, 2620.0000, 0.0000,  900.0000, 2650.0000, 0.0000,  0, 255, 0
L 900.0000, 2680.0000, 0.0000,  940.0000, 2680.0000, 0.0000,  0, 255, 0
L 940.0000, 2650.0000, 0.0000,  900.0000, 2650.0000, 0.0000,  0, 255, 0
L 900.0000, 2620.0000, 0.0000,  940.0000, 2620.0000, 0.0000,  0, 255, 0
L 940.0000, 2650.0000, 0.0000,  940.0000, 2680.0000, 0.0000,  0, 255, 0
L 990.0000, 2650.0000, 0.0000,  960.0000, 2650.0000, 0.0000,  0, 255, 0
L 990.0000, 2620.0000, 0.0000,  990.0000, 2650.0000, 0.0000,  0, 255, 0
L 960.0000, 2620.0000, 0.0000,  990.0000, 2620.0000, 0.0000,  0, 255, 0
L 960.0000, 2680.0000, 0.0000,  960.0000, 2620.0000, 0.0000,  0, 255, 0
L 1010.0000, 2650.0000, 0.0000,  1040.0000, 2650.0000, 0.0000,  0, 255, 0
L 1010.0000, 2680.0000, 0.0000,  1040.0000, 2680.0000, 0.0000,  0, 255, 0
L 1010.0000, 2620.0000, 0.0000,  1010.0000, 2680.0000, 0.0000,  0, 255, 0
L 1040.0000, 2620.0000, 0.0000,  1010.0000, 2620.0000, 0.0000,  0, 255, 0
L 1090.0000, 2680.0000, 0.0000,  1060.0000, 2680.0000, 0.0000,  0, 255, 0
L 1060.0000, 2620.0000, 0.0000,  1090.0000, 2620.0000, 0.0000,  0, 255, 0
L 1060.0000, 2680.0000, 0.0000,  1060.0000, 2620.0000, 0.0000,  0, 255, 0
L 1110.0000, 2620.0000, 0.0000,  1110.0000, 2680.0000, 0.0000,  0, 255, 0
L 1140.0000, 2650.0000, 0.0000,  1160.0000, 2650.0000, 0.0000,  0, 255, 0
L 1150.0000, 2620.0000, 0.0000,  1170.0000, 2680.0000, 0.0000,  0, 255, 0
L 1130.0000, 2680.0000, 0.0000,  1150.0000, 2620.0000, 0.0000,  0, 255, 0
L 1190.0000, 2620.0000, 0.0000,  1190.0000, 2680.0000, 0.0000,  0, 255, 0
L 1230.0000, 2680.0000, 0.0000,  1190.0000, 2680.0000, 0.0000,  0, 255, 0
L 1340.0000, 2680.0000, 0.0000,  1310.0000, 2680.0000, 0.0000,  0, 255, 0
L 1310.0000, 2620.0000, 0.0000,  1340.0000, 2620.0000, 0.0000,  0, 255, 0
L 1310.0000, 2680.0000, 0.0000,  1310.0000, 2620.0000, 0.0000,  0, 255, 0
L 1400.0000, 2620.0000, 0.0000,  1400.0000, 2680.0000, 0.0000,  0, 255, 0
L 1360.0000, 2620.0000, 0.0000,  1360.0000, 2680.0000, 0.0000,  0, 255, 0
L 1360.0000, 2680.0000, 0.0000,  1400.0000, 2680.0000, 0.0000,  0, 255, 0
L 1420.0000, 2620.0000, 0.0000,  1420.0000, 2650.0000, 0.0000,  0, 255, 0
L 1420.0000, 2650.0000, 0.0000,  1420.0000, 2680.0000, 0.0000,  0, 255, 0
L 1420.0000, 2650.0000, 0.0000,  1440.0000, 2650.0000, 0.0000,  0, 255, 0
L 1460.0000, 2650.0000, 0.0000,  1460.0000, 2620.0000, 0.0000,  0, 255, 0
L 1420.0000, 2620.0000, 0.0000,  1460.0000, 2620.0000, 0.0000,  0, 255, 0
L 1440.0000, 2650.0000, 0.0000,  1460.0000, 2650.0000, 0.0000,  0, 255, 0
L 1460.0000, 2680.0000, 0.0000,  1440.0000, 2650.0000, 0.0000,  0, 255, 0
L 1480.0000, 2620.0000, 0.0000,  1480.0000, 2650.0000, 0.0000,  0, 255, 0
L 1480.0000, 2650.0000, 0.0000,  1480.0000, 2680.0000, 0.0000,  0, 255, 0
L 1480.0000, 2650.0000, 0.0000,  1500.0000, 2650.0000, 0.0000,  0, 255, 0
L 1520.0000, 2650.0000, 0.0000,  1520.0000, 2620.0000, 0.0000,  0, 255, 0
L 1480.0000, 2620.0000, 0.0000,  1520.0000, 2620.0000, 0.0000,  0, 255, 0
L 1500.0000, 2650.0000, 0.0000,  1520.0000, 2650.0000, 0.0000,  0, 255, 0
L 1520.0000, 2680.0000, 0.0000,  1500.0000, 2650.0000, 0.0000,  0, 255, 0
L 1540.0000, 2650.0000, 0.0000,  1570.0000, 2650.0000, 0.0000,  0, 255, 0
L 1540.0000, 2680.0000, 0.0000,  1570.0000, 2680.0000, 0.0000,  0, 255, 0
L 1540.0000, 2620.0000, 0.0000,  1540.0000, 2680.0000, 0.0000,  0, 255, 0
L 1570.0000, 2620.0000, 0.0000,  1540.0000, 2620.0000, 0.0000,  0, 255, 0
L 1620.0000, 2680.0000, 0.0000,  1620.0000, 2620.0000, 0.0000,  0, 255, 0
L 1590.0000, 2620.0000, 0.0000,  1620.0000, 2680.0000, 0.0000,  0, 255, 0
L 1590.0000, 2680.0000, 0.0000,  1590.0000, 2620.0000, 0.0000,  0, 255, 0
L 1670.0000, 2680.0000, 0.0000,  1640.0000, 2680.0000, 0.0000,  0, 255, 0
L 1640.0000, 2620.0000, 0.0000,  1670.0000, 2620.0000, 0.0000,  0, 255, 0
L 1640.0000, 2680.0000, 0.0000,  1640.0000, 2620.0000, 0.0000,  0, 255, 0
L 1710.0000, 2650.0000, 0.0000,  1710.0000, 2680.0000, 0.0000,  0, 255, 0
L 1710.0000, 2650.0000, 0.0000,  1730.0000, 2620.0000, 0.0000,  0, 255, 0
L 1690.0000, 2620.0000, 0.0000,  1710.0000, 2650.0000, 0.0000,  0, 255, 0
L 900.0000, 2710.0000, 0.0000,  900.0000, 2740.0000, 0.0000,  255, 0, 0
L 900.0000, 2770.0000, 0.0000,  940.0000, 2770.0000, 0.0000,  255, 0, 0
L 940.0000, 2740.0000, 0.0000,  900.0000, 2740.0000, 0.0000,  255, 0, 0
L 900.0000, 2710.0000, 0.0000,  940.0000, 2710.0000, 0.0000,  255, 0, 0
L 940.0000, 2740.0000, 0.0000,  940.0000, 2770.0000, 0.0000,  255, 0, 0
L 1000.0000, 2710.0000, 0.0000,  1000.0000, 2770.0000, 0.0000,  255, 0, 0
L 960.0000, 2710.0000, 0.0000,  960.0000, 2770.0000, 0.0000,  255, 0, 0
L 960.0000, 2770.0000, 0.0000,  1000.0000, 2770.0000, 0.0000,  255, 0, 0
L 1050.0000, 2770.0000, 0.0000,  1020.0000, 2770.0000, 0.0000,  255, 0, 0
L 1020.0000, 2710.0000, 0.0000,  1050.0000, 2710.0000, 0.0000,  255, 0, 0
L 1020.0000, 2770.0000, 0.0000,  1020.0000, 2710.0000, 0.0000,  255, 0, 0
L 1100.0000, 2770.0000, 0.0000,  1070.0000, 2770.0000, 0.0000,  255, 0, 0
L 1070.0000, 2710.0000, 0.0000,  1100.0000, 2710.0000, 0.0000,  255, 0, 0
L 1070.0000, 2770.0000, 0.0000,  1070.0000, 2710.0000, 0.0000,  255, 0, 0
L 1120.0000, 2710.0000, 0.0000,  1150.0000, 2710.0000, 0.0000,  255, 0, 0
L 1120.0000, 2770.0000, 0.0000,  1150.0000, 2770.0000, 0.0000,  255, 0, 0
L 1120.0000, 2710.0000, 0.0000,  1120.0000, 2770.0000, 0.0000,  255, 0, 0
L 1150.0000, 2710.0000, 0.0000,  1150.0000, 2770.0000, 0.0000,  255, 0, 0
L 1170.0000, 2710.0000, 0.0000,  1170.0000, 2740.0000, 0.0000,  255, 0, 0
L 1170.0000, 2740.0000, 0.0000,  1170.0000, 2770.0000, 0.0000,  255, 0, 0
L 1170.0000, 2740.0000, 0.0000,  1190.0000, 2740.0000, 0.0000,  255, 0, 0
L 1210.0000, 2740.0000, 0.0000,  1210.0000, 2710.0000, 0.0000,  255, 0, 0
L 1170.0000, 2710.0000, 0.0000,  1210.0000, 2710.0000, 0.0000,  255, 0, 0
L 1190.0000, 2740.0000, 0.0000,  1210.0000, 2740.0000, 0.0000,  255, 0, 0
L 1210.0000, 2770.0000, 0.0000,  1190.0000, 2740.0000, 0.0000,  255, 0, 0
L 920.0000, 2800.0000, 0.0000,  920.0000, 2860.0000, 0.0000,  255, 255, 0
L 900.0000, 2800.0000, 0.0000,  940.0000, 2800.0000, 0.0000,  255, 255, 0
L 960.0000, 2830.0000, 0.0000,  990.0000, 2830.0000, 0.0000,  255, 255, 0
L 960.0000, 2860.0000, 0.0000,  990.0000, 2860.0000, 0.0000,  255, 255, 0
L 960.0000, 2800.0000, 0.0000,  960.0000, 2860.0000, 0.0000,  255, 255, 0
L 990.0000, 2800.0000, 0.0000,  960.0000, 2800.0000, 0.0000,  255, 255, 0
L 1010.0000, 2800.0000, 0.0000,  1010.0000, 2860.0000, 0.0000,  255, 255, 0
L 1050.0000, 2860.0000, 0.0000,  1010.0000, 2860.0000, 0.0000,  255, 255, 0
L 1070.0000, 2830.0000, 0.0000,  1100.0000, 2830.0000, 0.0000,  255, 255, 0
L 1070.0000, 2860.0000, 0.0000,  1100.0000, 2860.0000, 0.0000,  255, 255, 0
L 1070.0000, 2800.0000, 0.0000,  1070.0000, 2860.0000, 0.0000,  255, 255, 0
L 1100.0000, 2800.0000, 0.0000,  1070.0000, 2800.0000, 0.0000,  255, 255, 0
L 1150.0000, 2830.0000, 0.0000,  1120.0000, 2830.0000, 0.0000,  255, 255, 0
L 1150.0000, 2800.0000, 0.0000,  1150.0000, 2830.0000, 0.0000,  255, 255, 0
L 1120.0000, 2800.0000, 0.0000,  1150.0000, 2800.0000, 0.0000,  255, 255, 0
L 1120.0000, 2860.0000, 0.0000,  1120.0000, 2800.0000, 0.0000,  255, 255, 0
L 1170.0000, 2800.0000, 0.0000,  1200.0000, 2800.0000, 0.0000,  255, 255, 0
L 1170.0000, 2860.0000, 0.0000,  1200.0000, 2860.0000, 0.0000,  255, 255, 0
L 1170.0000, 2800.0000, 0.0000,  1170.0000, 2860.0000, 0.0000,  255, 255, 0
L 1200.0000, 2800.0000, 0.0000,  1200.0000, 2860.0000, 0.0000,  255, 255, 0
L 1220.0000, 2800.0000, 0.0000,  1220.0000, 2830.0000, 0.0000,  255, 255, 0
L 1220.0000, 2830.0000, 0.0000,  1220.0000, 2860.0000, 0.0000,  255, 255, 0
L 1220.0000, 2830.0000, 0.0000,  1240.0000, 2830.0000, 0.0000,  255, 255, 0
L 1260.0000, 2830.0000, 0.0000,  1260.0000, 2800.0000, 0.0000,  255, 255, 0
L 1220.0000, 2800.0000, 0.0000,  1260.0000, 2800.0000, 0.0000,  255, 255, 0
L 1240.0000, 2830.0000, 0.0000,  1260.0000, 2830.0000, 0.0000,  255, 255, 0
L 1260.0000, 2860.0000, 0.0000,  1240.0000, 2830.0000, 0.0000,  255, 255, 0
L 1300.0000, 2800.0000, 0.0000,  1300.0000, 2860.0000, 0.0000,  255, 255, 0
L 1280.0000, 2800.0000, 0.0000,  1320.0000, 2800.0000, 0.0000,  255, 255, 0
L 920.0000, 2890.0000, 0.0000,  920.0000, 2950.0000, 0.0000,  128, 0, 128
L 900.0000, 2890.0000, 0.0000,  940.0000, 2890.0000, 0.0000,  128, 0, 128
L 960.0000, 2890.0000, 0.0000,  960.0000, 2920.0000, 0.0000,  128, 0, 128
L 960.0000, 2920.0000, 0.0000,  960.0000, 2950.0000, 0.0000,  128, 0, 128
L 960.0000, 2920.0000, 0.0000,  980.0000, 2920.0000, 0.0000,  128, 0, 128
L 1000.0000, 2920.0000, 0.0000,  1000.0000, 2890.0000, 0.0000,  128, 0, 128
L 960.0000, 2890.0000, 0.0000,  1000.0000, 2890.0000, 0.0000,  128, 0, 128
L 980.0000, 2920.0000, 0.0000,  1000.0000, 2920.0000, 0.0000,  128, 0, 128
L 1000.0000, 2950.0000, 0.0000,  980.0000, 2920.0000, 0.0000,  128, 0, 128
L 1030.0000, 2920.0000, 0.0000,  1050.0000, 2920.0000, 0.0000,  128, 0, 128
L 1040.0000, 2890.0000, 0.0000,  1060.0000, 2950.0000, 0.0000,  128, 0, 128
L 1020.0000, 2950.0000, 0.0000,  1040.0000, 2890.0000, 0.0000,  128, 0, 128
L 1090.0000, 2950.0000, 0.0000,  1090.0000, 2890.0000, 0.0000,  128, 0, 128
L 1100.0000, 2950.0000, 0.0000,  1080.0000, 2950.0000, 0.0000,  128, 0, 128
L 1110.0000, 2920.0000, 0.0000,  1100.0000, 2950.0000, 0.0000,  128, 0, 128
L 1100.0000, 2890.0000, 0.0000,  1110.0000, 2920.0000, 0.0000,  128, 0, 128
L 1080.0000, 2890.0000, 0.0000,  1100.0000, 2890.0000, 0.0000,  128, 0, 128
L 1130.0000, 2920.0000, 0.0000,  1160.0000, 2920.0000, 0.0000,  128, 0, 128
L 1130.0000, 2950.0000, 0.0000,  1160.0000, 2950.0000, 0.0000,  128, 0, 128
L 1130.0000, 2890.0000, 0.0000,  1130.0000, 2950.0000, 0.0000,  128, 0, 128
L 1160.0000, 2890.0000, 0.0000,  1130.0000, 2890.0000, 0.0000,  128, 0, 128
L 1180.0000, 2890.0000, 0.0000,  1180.0000, 2920.0000, 0.0000,  128, 0, 128
L 1180.0000, 2950.0000, 0.0000,  1220.0000, 2950.0000, 0.0000,  128, 0, 128
L 1220.0000, 2920.0000, 0.0000,  1180.0000, 2920.0000, 0.0000,  128, 0, 128
L 1180.0000, 2890.0000, 0.0000,  1220.0000, 2890.0000, 0.0000,  128, 0, 128
L 1220.0000, 2920.0000, 0.0000,  1220.0000, 2950.0000, 0.0000,  128, 0, 128
L 1240.0000, 2890.0000, 0.0000,  1240.0000, 2920.0000, 0.0000,  128, 0, 128
L 1240.0000, 2920.0000, 0.0000,  1240.0000, 2950.0000, 0.0000,  128, 0, 128
L 1240.0000, 2920.0000, 0.0000,  1280.0000, 2950.0000, 0.0000,  128, 0, 128
L 1240.0000, 2920.0000, 0.0000,  1280.0000, 2890.0000, 0.0000,  128, 0, 128
L 1300.0000, 2890.0000, 0.0000,  1300.0000, 2950.0000, 0.0000,  128, 0, 128
L 1320.0000, 2890.0000, 0.0000,  1320.0000, 2950.0000, 0.0000,  128, 0, 128
L 1360.0000, 2950.0000, 0.0000,  1320.0000, 2950.0000, 0.0000,  128, 0, 128
L 1380.0000, 2890.0000, 0.0000,  1380.0000, 2950.0000, 0.0000,  128, 0, 128
L 1420.0000, 2950.0000, 0.0000,  1380.0000, 2950.0000, 0.0000,  128, 0, 128
L 1530.0000, 2950.0000, 0.0000,  1500.0000, 2950.0000, 0.0000,  128, 0, 128
L 1500.0000, 2890.0000, 0.0000,  1530.0000, 2890.0000, 0.0000,  128, 0, 128
L 1500.0000, 2950.0000, 0.0000,  1500.0000, 2890.0000, 0.0000,  128, 0, 128
L 1550.0000, 2890.0000, 0.0000,  1580.0000, 2890.0000, 0.0000,  128, 0, 128
L 1550.0000, 2950.0000, 0.0000,  1580.0000, 2950.0000, 0.0000,  128, 0, 128
L 1550.0000, 2890.0000, 0.0000,  1550.0000, 2950.0000, 0.0000,  128, 0, 128
L 1580.0000, 2890.0000, 0.0000,  1580.0000, 2950.0000, 0.0000,  128, 0, 128
L 1630.0000, 2950.0000, 0.0000,  1630.0000, 2890.0000, 0.0000,  128, 0, 128
L 1600.0000, 2890.0000, 0.0000,  1630.0000, 2950.0000, 0.0000,  128, 0, 128
L 1600.0000, 2950.0000, 0.0000,  1600.0000, 2890.0000, 0.0000,  128, 0, 128
L 1670.0000, 2890.0000, 0.0000,  1670.0000, 2950.0000, 0.0000,  128, 0, 128
L 1650.0000, 2890.0000, 0.0000,  1690.0000, 2890.0000, 0.0000,  128, 0, 128
L 1720.0000, 2920.0000, 0.0000,  1740.0000, 2920.0000, 0.0000,  128, 0, 128
L 1730.0000, 2890.0000, 0.0000,  1750.0000, 2950.0000, 0.0000,  128, 0, 128
L 1710.0000, 2950.0000, 0.0000,  1730.0000, 2890.0000, 0.0000,  128, 0, 128
L 1770.0000, 2890.0000, 0.0000,  1770.0000, 2950.0000, 0.0000,  128, 0, 128
L 1820.0000, 2950.0000, 0.0000,  1820.0000, 2890.0000, 0.0000,  128, 0, 128
L 1790.0000, 2890.0000, 0.0000,  1820.0000, 2950.0000, 0.0000,  128, 0, 128
L 1790.0000, 2950.0000, 0.0000,  1790.0000, 2890.0000, 0.0000,  128, 0, 128
L 1840.0000, 2920.0000, 0.0000,  1870.0000, 2920.0000, 0.0000,  128, 0, 128
L 1840.0000, 2950.0000, 0.0000,  1870.0000, 2950.0000, 0.0000,  128, 0, 128
L 1840.0000, 2890.0000, 0.0000,  1840.0000, 2950.0000, 0.0000,  128, 0, 128
L 1870.0000, 2890.0000, 0.0000,  1840.0000, 2890.0000, 0.0000,  128, 0, 128
L 1890.0000, 2890.0000, 0.0000,  1890.0000, 2920.0000, 0.0000,  128, 0, 128
L 1890.0000, 2920.0000, 0.0000,  1890.0000, 2950.0000, 0.0000,  128, 0, 128
L 1890.0000, 2920.0000, 0.0000,  1910.0000, 2920.0000, 0.0000,  128, 0, 128
L 1930.0000, 2920.0000, 0.0000,  1930.0000, 2890.0000, 0.0000,  128, 0, 128
L 1890.0000, 2890.0000, 0.0000,  1930.0000, 2890.0000, 0.0000,  128, 0, 128
L 1910.0000, 2920.0000, 0.0000,  1930.0000, 2920.0000, 0.0000,  128, 0, 128
L 1930.0000, 2950.0000, 0.0000,  1910.0000, 2920.0000, 0.0000,  128, 0, 128
L 920.0000, 2980.0000, 0.0000,  920.0000, 3040.0000, 0.0000,  255, 255, 0
L 900.0000, 2980.0000, 0.0000,  940.0000, 2980.0000, 0.0000,  255, 255, 0
L 960.0000, 2980.0000, 0.0000,  960.0000, 3010.0000, 0.0000,  255, 255, 0
L 960.0000, 3010.0000, 0.0000,  960.0000, 3040.0000, 0.0000,  255, 255, 0
L 960.0000, 3010.0000, 0.0000,  980.0000, 3010.0000, 0.0000,  255, 255, 0
L 1000.0000, 3010.0000, 0.0000,  1000.0000, 2980.0000, 0.0000,  255, 255, 0
L 960.0000, 2980.0000, 0.0000,  1000.0000, 2980.0000, 0.0000,  255, 255, 0
L 980.0000, 3010.0000, 0.0000,  1000.0000, 3010.0000, 0.0000,  255, 255, 0
L 1000.0000, 3040.0000, 0.0000,  980.0000, 3010.0000, 0.0000,  255, 255, 0
L 1030.0000, 3010.0000, 0.0000,  1050.0000, 3010.0000, 0.0000,  255, 255, 0
L 1040.0000, 2980.0000, 0.0000,  1060.0000, 3040.0000, 0.0000,  255, 255, 0
L 1020.0000, 3040.0000, 0.0000,  1040.0000, 2980.0000, 0.0000,  255, 255, 0
L 1110.0000, 3010.0000, 0.0000,  1080.0000, 3010.0000, 0.0000,  255, 255, 0
L 1110.0000, 2980.0000, 0.0000,  1110.0000, 3010.0000, 0.0000,  255, 255, 0
L 1080.0000, 2980.0000, 0.0000,  1110.0000, 2980.0000, 0.0000,  255, 255, 0
L 1080.0000, 3040.0000, 0.0000,  1080.0000, 2980.0000, 0.0000,  255, 255, 0
L 930.0000, 3070.0000, 0.0000,  900.0000, 3070.0000, 0.0000,  255, 0, 0
L 900.0000, 3130.0000, 0.0000,  930.0000, 3070.0000, 0.0000,  255, 0, 0
L 900.0000, 3130.0000, 0.0000,  930.0000, 3130.0000, 0.0000,  255, 0, 0
L 950.0000, 3070.0000, 0.0000,  980.0000, 3070.0000, 0.0000,  255, 0, 0
L 950.0000, 3130.0000, 0.0000,  980.0000, 3130.0000, 0.0000,  255, 0, 0
L 950.0000, 3070.0000, 0.0000,  950.0000, 3130.0000, 0.0000,  255, 0, 0
L 980.0000, 3070.0000, 0.0000,  980.0000, 3130.0000, 0.0000,  255, 0, 0
L 1030.0000, 3130.0000, 0.0000,  1030.0000, 3070.0000, 0.0000,  255, 0, 0
L 1000.0000, 3070.0000, 0.0000,  1030.0000, 3130.0000, 0.0000,  255, 0, 0
L 1000.0000, 3130.0000, 0.0000,  1000.0000, 3070.0000, 0.0000,  255, 0, 0
L 1050.0000, 3100.0000, 0.0000,  1080.0000, 3100.0000, 0.0000,  255, 0, 0
L 1050.0000, 3130.0000, 0.0000,  1080.0000, 3130.0000, 0.0000,  255, 0, 0
L 1050.0000, 3070.0000, 0.0000,  1050.0000, 3130.0000, 0.0000,  255, 0, 0
L 1080.0000, 3070.0000, 0.0000,  1050.0000, 3070.0000, 0.0000,  255, 0, 0
P -100.0000, 1300.0000, 0.0000,  0, 0, 0,  2,  Revised_Map:_Brewall_Rainsiger_(Cazic-Thule)
P -100.0000, 1500.0000, 0.0000,  0, 0, 0,  2,  http://www.eqmaps.info
P -100.0000, 1700.0000, 0.0000,  0, 0, 0,  2,  Return_of_the_Exiled_(www.roteguild.org)
P -100.0000, 1900.0000, 0.0000,  240, 127, 0,  2,  Aten_Ha_Ra
P -100.0000, 2100.0000, 0.0000,  240, 127, 0,  2,  Diabo_Xi_Va
P -100.0000, 2300.0000, 0.0000,  240, 127, 0,  2,  Diabo_Xi_Va_Temariel
P -100.0000, 2500.0000, 0.0000,  240, 127, 0,  2,  Diabo_Xi_Xin
P -100.0000, 2700.0000, 0.0000,  240, 127, 0,  2,  Diabo_Xi_Xin_Thall
P -100.0000, 2900.0000, 0.0000,  240, 127, 0,  2,  Kaas_Thox_Xi_Ans_Dyek
P -100.0000, 3100.0000, 0.0000,  240, 127, 0,  2,  Kaas_Thox_Xi_Aten_Ha_Ra
P -100.0000, 3300.0000, 0.0000,  240, 127, 0,  2,  Thall_Va_Kelun
P -100.0000, 3500.0000, 0.0000,  240, 127, 0,  2,  Thall_Va_Xakra_Dat
P -100.0000, 3700.0000, 0.0000,  240, 127, 0,  2,  Thall_Va_Xakra_Set
P -100.0000, 3900.0000, 0.0000,  240, 127, 0,  2,  Thall_Xundraux_Diabo
P -100.0000, 4100.0000, 0.0000,  240, 127, 0,  2,  Va_Dyn_Khar
P -100.0000, 4300.0000, 0.0000,  240, 127, 0,  2,  Va_Xi_Aten_Ha_Ra
P -100.0000, 4500.0000, 0.0000,  127, 64, 0,  2,  Eom_Centien_Xakra_Dat
P -100.0000, 4700.0000, 0.0000,  127, 64, 0,  2,  Eom_Centien_Xakra_Kel
P -100.0000, 4900.0000, 0.0000,  127, 64, 0,  2,  Eom_Centien_Xakra_Set
P -100.0000, 5100.0000, 0.0000,  127, 64, 0,  2,  Eom_Liako_Xakra_Dat
P -100.0000, 5300.0000, 0.0000,  127, 64, 0,  2,  Eom_Liako_Xakra_Kel
P -100.0000, 5500.0000, 0.0000,  127, 64, 0,  2,  Eom_Liako_Xakra_Set
P -100.0000, 5700.0000, 0.0000,  127, 64, 0,  2,  Eom_Senshali_Xakra_Dat
P -100.0000, 5900.0000, 0.0000,  127, 64, 0,  2,  Eom_Senshali_Xakra_Kel
P -100.0000, 6100.0000, 0.0000,  127, 64, 0,  2,  Eom_Senshali_Xakra_Set
P -100.0000, 6300.0000, 0.0000,  127, 64, 0,  2,  Eom_Thall_Xakra_Dat
P -100.0000, 6500.0000, 0.0000,  127, 64, 0,  2,  Eom_Thall_Xakra_Kel
P -100.0000, 6700.0000, 0.0000,  127, 64, 0,  2,  Eom_Thall_Xakra_Set
P -100.0000, 6900.0000, 0.0000,  127, 64, 0,  2,  Eom_Va_Liako_Xakra_Dat
P -100.0000, 7100.0000, 0.0000,  127, 64, 0,  2,  Eom_Va_Liako_Xakra_Kel
P -100.0000, 7300.0000, 0.0000,  127, 64, 0,  2,  Eom_Va_Liako_Xakra_Set
P -100.0000, 7500.0000, 0.0000,  127, 64, 0,  2,  Eom_Zethon_Xakra_Dat
P -100.0000, 7700.0000, 0.0000,  127, 64, 0,  2,  Eom_Zethon_Xakra_Kel
P -100.0000, 7900.0000, 0.0000,  127, 64, 0,  2,  Eom_Zethon_Xakra_Set
