L 1000.0, 0.0, 0.0, 1000.0, -50.0, 0.0, 255, 0, 0
L -20.0, 50.0, 0.0, -50.0, 20.0, 0.0, 255, 0, 0
L 50.0, 20.0, 0.0, 20.0, 50.0, 0.0, 255, 0, 0
L 20.0, -50.0, 0.0, 50.0, -20.0, 0.0, 255, 0, 0
L -50.0, -20.0, 0.0, -20.0, -50.0, 0.0, 255, 0, 0
L -50.0, 20.0, 0.0, -50.0, -20.0, 0.0, 255, 0, 0
L 20.0, 50.0, 0.0, -20.0, 50.0, 0.0, 255, 0, 0
L 50.0, -20.0, 0.0, 50.0, 20.0, 0.0, 255, 0, 0
L -20.0, -50.0, 0.0, 20.0, -50.0, 0.0, 255, 0, 0
L 580.0, -20.0, 0.0, 540.0, -20.0, 0.0, 255, 0, 0
L 580.0, -90.0, 0.0, 580.0, -20.0, 0.0, 255, 0, 0
L 540.0, -90.0, 0.0, 580.0, -90.0, 0.0, 255, 0, 0
L 540.0, -20.0, 0.0, 540.0, -90.0, 0.0, 255, 0, 0
L 520.0, -20.0, 0.0, 480.0, -20.0, 0.0, 255, 0, 0
L 520.0, -90.0, 0.0, 520.0, -20.0, 0.0, 255, 0, 0
L 480.0, -90.0, 0.0, 520.0, -90.0, 0.0, 255, 0, 0
L 480.0, -20.0, 0.0, 480.0, -90.0, 0.0, 255, 0, 0
L 460.0, -90.0, 0.0, 450.0, -80.0, 0.0, 255, 0, 0
L 460.0, -20.0, 0.0, 460.0, -90.0, 0.0, 255, 0, 0
L 0.0, -250.0, 0.0, 0.0, 250.0, 0.0, 255, 0, 0
L -250.0, 0.0, 0.0, 1000.0, 0.0, 0.0, 255, 0, 0
L -120.0, -80.0, 0.0, -120.0, -60.0, 0.0, 255, 0, 0
L -120.0, -60.0, 0.0, -120.0, -40.0, 0.0, 255, 0, 0
L -100.0, -60.0, 0.0, -120.0, -60.0, 0.0, 255, 0, 0
L -120.0, -60.0, 0.0, -140.0, -60.0, 0.0, 255, 0, 0
L -90.0, -50.0, 0.0, -100.0, -30.0, 0.0, 255, 0, 0
L -60.0, -80.0, 0.0, -60.0, -60.0, 0.0, 255, 0, 0
L -60.0, -60.0, 0.0, -60.0, -40.0, 0.0, 255, 0, 0
L -40.0, -60.0, 0.0, -60.0, -60.0, 0.0, 255, 0, 0
L -60.0, -60.0, 0.0, -80.0, -60.0, 0.0, 255, 0, 0
L 100.0, 60.0, 0.0, 120.0, 60.0, 0.0, 255, 0, 0
L 120.0, 60.0, 0.0, 140.0, 60.0, 0.0, 255, 0, 0
L 90.0, 70.0, 0.0, 80.0, 90.0, 0.0, 255, 0, 0
L 40.0, 60.0, 0.0, 60.0, 60.0, 0.0, 255, 0, 0
L 60.0, 60.0, 0.0, 80.0, 60.0, 0.0, 255, 0, 0
L -100.0, 60.0, 0.0, -120.0, 60.0, 0.0, 255, 0, 0
L -120.0, 60.0, 0.0, -140.0, 60.0, 0.0, 255, 0, 0
L -90.0, 70.0, 0.0, -100.0, 90.0, 0.0, 255, 0, 0
L -60.0, 80.0, 0.0, -60.0, 60.0, 0.0, 255, 0, 0
L -60.0, 60.0, 0.0, -60.0, 40.0, 0.0, 255, 0, 0
L -40.0, 60.0, 0.0, -60.0, 60.0, 0.0, 255, 0, 0
L -60.0, 60.0, 0.0, -80.0, 60.0, 0.0, 255, 0, 0
L 100.0, -60.0, 0.0, 120.0, -60.0, 0.0, 255, 0, 0
L 120.0, -60.0, 0.0, 140.0, -60.0, 0.0, 255, 0, 0
L 90.0, -50.0, 0.0, 80.0, -30.0, 0.0, 255, 0, 0
L 60.0, -80.0, 0.0, 60.0, -60.0, 0.0, 255, 0, 0
L 60.0, -60.0, 0.0, 60.0, -40.0, 0.0, 255, 0, 0
L 40.0, -60.0, 0.0, 60.0, -60.0, 0.0, 255, 0, 0
L 60.0, -60.0, 0.0, 80.0, -60.0, 0.0, 255, 0, 0
L 599.0, -90.0, 0.0, 637.3, -90.0, 0.0, 255, 0, 0
L 599.0, -20.0, 0.0, 637.3, -20.0, 0.0, 255, 0, 0
L 599.0, -90.0, 0.0, 599.0, -20.0, 0.0, 255, 0, 0
L 637.3, -90.0, 0.0, 637.3, -20.0, 0.0, 255, 0, 0
L 1200, 3900, 0, 1200, 3960, 0, 0, 0, 0
L 1240, 3960, 0, 1200, 3960, 0, 0, 0, 0
L 1260, 3930, 0, 1290, 3930, 0, 0, 0, 0
L 1260, 3960, 0, 1290, 3960, 0, 0, 0, 0
L 1260, 3900, 0, 1260, 3960, 0, 0, 0, 0
L 1290, 3900, 0, 1260, 3900, 0, 0, 0, 0
L 1340, 3960, 0, 1310, 3960, 0, 0, 0, 0
L 1310, 3900, 0, 1340, 3900, 0, 0, 0, 0
L 1310, 3960, 0, 1310, 3900, 0, 0, 0, 0
L 1340, 3960, 0, 1340, 3930, 0, 0, 0, 0
L 1340, 3930, 0, 1320, 3930, 0, 0, 0, 0
L 1360, 3930, 0, 1390, 3930, 0, 0, 0, 0
L 1360, 3960, 0, 1390, 3960, 0, 0, 0, 0
L 1360, 3900, 0, 1360, 3960, 0, 0, 0, 0
L 1390, 3900, 0, 1360, 3900, 0, 0, 0, 0
L 1440, 3960, 0, 1440, 3900, 0, 0, 0, 0
L 1410, 3900, 0, 1440, 3960, 0, 0, 0, 0
L 1410, 3960, 0, 1410, 3900, 0, 0, 0, 0
L 1470, 3960, 0, 1470, 3900, 0, 0, 0, 0
L 1480, 3960, 0, 1460, 3960, 0, 0, 0, 0
L 1490, 3930, 0, 1480, 3960, 0, 0, 0, 0
L 1480, 3900, 0, 1490, 3930, 0, 0, 0, 0
L 1460, 3900, 0, 1480, 3900, 0, 0, 0, 0
L 1200, 4070, 0, 1260, 4070, 0, 0, 0, 0
L 1200, 3990, 0, 1260, 3990, 0, 0, 0, 0
L 1230, 4043, 0, 1230, 4017, 0, 205, 133, 63
L 1260, 4070, 0, 1320, 4070, 0, 0, 0, 0
L 1260, 4070, 0, 1260, 4043, 0, 205, 133, 63
L 1230, 4043, 0, 1290, 4043, 0, 205, 133, 63
L 1230, 4017, 0, 1260, 4017, 0, 205, 133, 63
L 1260, 4017, 0, 1290, 4017, 0, 205, 133, 63
L 1260, 3990, 0, 1320, 3990, 0, 0, 0, 0
L 1260, 4017, 0, 1260, 3990, 0, 205, 133, 63
L 1290, 4043, 0, 1290, 4017, 0, 205, 133, 63
L 1370, 4060, 0, 1370, 4000, 0, 0, 0, 0
L 1380, 4060, 0, 1360, 4060, 0, 0, 0, 0
L 1390, 4030, 0, 1380, 4060, 0, 0, 0, 0
L 1380, 4000, 0, 1390, 4030, 0, 0, 0, 0
L 1360, 4000, 0, 1380, 4000, 0, 0, 0, 0
L 1410, 4000, 0, 1440, 4000, 0, 0, 0, 0
L 1410, 4060, 0, 1440, 4060, 0, 0, 0, 0
L 1410, 4000, 0, 1410, 4060, 0, 0, 0, 0
L 1440, 4000, 0, 1440, 4060, 0, 0, 0, 0
L 1460, 4000, 0, 1490, 4000, 0, 0, 0, 0
L 1460, 4060, 0, 1490, 4060, 0, 0, 0, 0
L 1460, 4000, 0, 1460, 4060, 0, 0, 0, 0
L 1490, 4000, 0, 1490, 4060, 0, 0, 0, 0
L 1510, 4000, 0, 1510, 4030, 0, 0, 0, 0
L 1510, 4030, 0, 1510, 4060, 0, 0, 0, 0
L 1510, 4030, 0, 1530, 4030, 0, 0, 0, 0
L 1550, 4030, 0, 1550, 4000, 0, 0, 0, 0
L 1510, 4000, 0, 1550, 4000, 0, 0, 0, 0
L 1530, 4030, 0, 1550, 4030, 0, 0, 0, 0
L 1550, 4060, 0, 1530, 4030, 0, 0, 0, 0
L 1200, 4110, 0, 1200, 4140, 0, 255, 210, 0
L 1200, 4110, 0, 1220, 4110, 0, 255, 210, 0
L 1220, 4170, 0, 1200, 4170, 0, 255, 210, 0
L 1200, 4140, 0, 1200, 4170, 0, 255, 210, 0
L 1220, 4140, 0, 1200, 4140, 0, 255, 210, 0
L 1220, 4140, 0, 1240, 4125, 0, 255, 210, 0
L 1220, 4110, 0, 1240, 4125, 0, 255, 210, 0
L 1220, 4140, 0, 1240, 4155, 0, 255, 210, 0
L 1240, 4155, 0, 1220, 4170, 0, 255, 210, 0
L 1270, 4140, 0, 1290, 4140, 0, 255, 210, 0
L 1280, 4110, 0, 1300, 4170, 0, 255, 210, 0
L 1260, 4170, 0, 1280, 4110, 0, 255, 210, 0
L 1350, 4170, 0, 1350, 4110, 0, 255, 210, 0
L 1320, 4110, 0, 1350, 4170, 0, 255, 210, 0
L 1320, 4170, 0, 1320, 4110, 0, 255, 210, 0
L 1370, 4110, 0, 1370, 4140, 0, 255, 210, 0
L 1370, 4140, 0, 1370, 4170, 0, 255, 210, 0
L 1370, 4140, 0, 1410, 4170, 0, 255, 210, 0
L 1370, 4140, 0, 1410, 4110, 0, 255, 210, 0
L 1430, 4140, 0, 1460, 4140, 0, 255, 210, 0
L 1430, 4170, 0, 1460, 4170, 0, 255, 210, 0
L 1430, 4110, 0, 1430, 4170, 0, 255, 210, 0
L 1460, 4110, 0, 1430, 4110, 0, 255, 210, 0
L 1480, 4110, 0, 1480, 4140, 0, 255, 210, 0
L 1480, 4140, 0, 1480, 4170, 0, 255, 210, 0
L 1480, 4140, 0, 1500, 4140, 0, 255, 210, 0
L 1520, 4140, 0, 1520, 4110, 0, 255, 210, 0
L 1480, 4110, 0, 1520, 4110, 0, 255, 210, 0
L 1500, 4140, 0, 1520, 4140, 0, 255, 210, 0
L 1520, 4170, 0, 1500, 4140, 0, 255, 210, 0
L 1230, 4260, 0, 1200, 4260, 0, 255, 255, 255
L 1200, 4200, 0, 1230, 4200, 0, 255, 255, 255
L 1200, 4260, 0, 1200, 4200, 0, 255, 255, 255
L 1250, 4200, 0, 1280, 4200, 0, 255, 255, 255
L 1250, 4260, 0, 1280, 4260, 0, 255, 255, 255
L 1250, 4200, 0, 1250, 4260, 0, 255, 255, 255
L 1280, 4200, 0, 1280, 4260, 0, 255, 255, 255
L 1340, 4200, 0, 1340, 4260, 0, 255, 255, 255
L 1320, 4230, 0, 1340, 4200, 0, 255, 255, 255
L 1300, 4200, 0, 1320, 4230, 0, 255, 255, 255
L 1300, 4260, 0, 1300, 4200, 0, 255, 255, 255
L 1400, 4200, 0, 1400, 4260, 0, 255, 255, 255
L 1380, 4230, 0, 1400, 4200, 0, 255, 255, 255
L 1360, 4200, 0, 1380, 4230, 0, 255, 255, 255
L 1360, 4260, 0, 1360, 4200, 0, 255, 255, 255
L 1420, 4230, 0, 1450, 4230, 0, 255, 255, 255
L 1420, 4260, 0, 1450, 4260, 0, 255, 255, 255
L 1420, 4200, 0, 1420, 4260, 0, 255, 255, 255
L 1450, 4200, 0, 1420, 4200, 0, 255, 255, 255
L 1500, 4260, 0, 1500, 4200, 0, 255, 255, 255
L 1470, 4200, 0, 1500, 4260, 0, 255, 255, 255
L 1470, 4260, 0, 1470, 4200, 0, 255, 255, 255
L 1540, 4200, 0, 1540, 4260, 0, 255, 255, 255
L 1520, 4200, 0, 1560, 4200, 0, 255, 255, 255
L 1230, 4350, 0, 1200, 4350, 0, 0, 0, 0
L 1200, 4290, 0, 1230, 4290, 0, 0, 0, 0
L 1200, 4350, 0, 1200, 4290, 0, 0, 0, 0
L 1230, 4350, 0, 1230, 4320, 0, 0, 0, 0
L 1230, 4320, 0, 1210, 4320, 0, 0, 0, 0
L 1250, 4320, 0, 1280, 4320, 0, 0, 0, 0
L 1250, 4350, 0, 1280, 4350, 0, 0, 0, 0
L 1250, 4290, 0, 1250, 4350, 0, 0, 0, 0
L 1280, 4290, 0, 1250, 4290, 0, 0, 0, 0
L 1330, 4350, 0, 1330, 4290, 0, 0, 0, 0
L 1300, 4290, 0, 1330, 4350, 0, 0, 0, 0
L 1300, 4350, 0, 1300, 4290, 0, 0, 0, 0
L 1350, 4320, 0, 1380, 4320, 0, 0, 0, 0
L 1350, 4350, 0, 1380, 4350, 0, 0, 0, 0
L 1350, 4290, 0, 1350, 4350, 0, 0, 0, 0
L 1380, 4290, 0, 1350, 4290, 0, 0, 0, 0
L 1400, 4290, 0, 1400, 4320, 0, 0, 0, 0
L 1400, 4320, 0, 1400, 4350, 0, 0, 0, 0
L 1400, 4320, 0, 1420, 4320, 0, 0, 0, 0
L 1440, 4320, 0, 1440, 4290, 0, 0, 0, 0
L 1400, 4290, 0, 1440, 4290, 0, 0, 0, 0
L 1420, 4320, 0, 1440, 4320, 0, 0, 0, 0
L 1440, 4350, 0, 1420, 4320, 0, 0, 0, 0
L 1470, 4320, 0, 1490, 4320, 0, 0, 0, 0
L 1480, 4290, 0, 1500, 4350, 0, 0, 0, 0
L 1460, 4350, 0, 1480, 4290, 0, 0, 0, 0
L 1520, 4290, 0, 1520, 4350, 0, 0, 0, 0
L 1560, 4350, 0, 1520, 4350, 0, 0, 0, 0
L 1230, 4440, 0, 1200, 4440, 0, 0, 0, 255
L 1200, 4380, 0, 1230, 4380, 0, 0, 0, 255
L 1200, 4440, 0, 1200, 4380, 0, 0, 0, 255
L 1230, 4440, 0, 1230, 4410, 0, 0, 0, 255
L 1230, 4410, 0, 1210, 4410, 0, 0, 0, 255
L 1250, 4380, 0, 1250, 4410, 0, 0, 0, 255
L 1250, 4410, 0, 1250, 4440, 0, 0, 0, 255
L 1250, 4410, 0, 1270, 4410, 0, 0, 0, 255
L 1290, 4410, 0, 1290, 4380, 0, 0, 0, 255
L 1250, 4380, 0, 1290, 4380, 0, 0, 0, 255
L 1270, 4410, 0, 1290, 4410, 0, 0, 0, 255
L 1290, 4440, 0, 1270, 4410, 0, 0, 0, 255
L 1310, 4380, 0, 1340, 4380, 0, 0, 0, 255
L 1310, 4440, 0, 1340, 4440, 0, 0, 0, 255
L 1310, 4380, 0, 1310, 4440, 0, 0, 0, 255
L 1340, 4380, 0, 1340, 4440, 0, 0, 0, 255
L 1400, 4380, 0, 1400, 4440, 0, 0, 0, 255
L 1360, 4380, 0, 1360, 4440, 0, 0, 0, 255
L 1360, 4440, 0, 1400, 4440, 0, 0, 0, 255
L 1450, 4440, 0, 1450, 4380, 0, 0, 0, 255
L 1420, 4380, 0, 1450, 4440, 0, 0, 0, 255
L 1420, 4440, 0, 1420, 4380, 0, 0, 0, 255
L 1480, 4440, 0, 1480, 4380, 0, 0, 0, 255
L 1490, 4440, 0, 1470, 4440, 0, 0, 0, 255
L 1500, 4410, 0, 1490, 4440, 0, 0, 0, 255
L 1490, 4380, 0, 1500, 4410, 0, 0, 0, 255
L 1470, 4380, 0, 1490, 4380, 0, 0, 0, 255
L 1580, 4380, 0, 1580, 4410, 0, 0, 0, 255
L 1580, 4440, 0, 1620, 4440, 0, 0, 0, 255
L 1620, 4410, 0, 1580, 4410, 0, 0, 0, 255
L 1580, 4380, 0, 1620, 4380, 0, 0, 0, 255
L 1620, 4410, 0, 1620, 4440, 0, 0, 0, 255
L 1670, 4410, 0, 1640, 4410, 0, 0, 0, 255
L 1670, 4380, 0, 1670, 4410, 0, 0, 0, 255
L 1640, 4380, 0, 1670, 4380, 0, 0, 0, 255
L 1640, 4440, 0, 1640, 4380, 0, 0, 0, 255
L 1700, 4410, 0, 1720, 4410, 0, 0, 0, 255
L 1710, 4380, 0, 1730, 4440, 0, 0, 0, 255
L 1690, 4440, 0, 1710, 4380, 0, 0, 0, 255
L 1780, 4440, 0, 1790, 4380, 0, 0, 0, 255
L 1770, 4410, 0, 1780, 4440, 0, 0, 0, 255
L 1760, 4440, 0, 1770, 4410, 0, 0, 0, 255
L 1750, 4380, 0, 1760, 4440, 0, 0, 0, 255
L 1840, 4440, 0, 1840, 4380, 0, 0, 0, 255
L 1810, 4380, 0, 1840, 4440, 0, 0, 0, 255
L 1810, 4440, 0, 1810, 4380, 0, 0, 0, 255
L 1230, 4530, 0, 1200, 4530, 0, 128, 128, 128
L 1200, 4470, 0, 1230, 4470, 0, 128, 128, 128
L 1200, 4530, 0, 1200, 4470, 0, 128, 128, 128
L 1230, 4530, 0, 1230, 4500, 0, 128, 128, 128
L 1230, 4500, 0, 1210, 4500, 0, 128, 128, 128
L 1290, 4470, 0, 1290, 4530, 0, 128, 128, 128
L 1250, 4470, 0, 1250, 4530, 0, 128, 128, 128
L 1250, 4530, 0, 1290, 4530, 0, 128, 128, 128
L 1310, 4470, 0, 1310, 4530, 0, 128, 128, 128
L 1330, 4470, 0, 1330, 4530, 0, 128, 128, 128
L 1370, 4530, 0, 1330, 4530, 0, 128, 128, 128
L 1400, 4530, 0, 1400, 4470, 0, 128, 128, 128
L 1410, 4530, 0, 1390, 4530, 0, 128, 128, 128
L 1420, 4500, 0, 1410, 4530, 0, 128, 128, 128
L 1410, 4470, 0, 1420, 4500, 0, 128, 128, 128
L 1390, 4470, 0, 1410, 4470, 0, 128, 128, 128
L 1540, 4470, 0, 1540, 4530, 0, 128, 128, 128
L 1520, 4500, 0, 1540, 4470, 0, 128, 128, 128
L 1500, 4470, 0, 1520, 4500, 0, 128, 128, 128
L 1500, 4530, 0, 1500, 4470, 0, 128, 128, 128
L 1570, 4500, 0, 1590, 4500, 0, 128, 128, 128
L 1580, 4470, 0, 1600, 4530, 0, 128, 128, 128
L 1560, 4530, 0, 1580, 4470, 0, 128, 128, 128
L 1620, 4470, 0, 1620, 4500, 0, 128, 128, 128
L 1620, 4530, 0, 1660, 4530, 0, 128, 128, 128
L 1660, 4500, 0, 1620, 4500, 0, 128, 128, 128
L 1620, 4470, 0, 1660, 4470, 0, 128, 128, 128
L 1660, 4500, 0, 1660, 4530, 0, 128, 128, 128
L 1700, 4470, 0, 1700, 4530, 0, 128, 128, 128
L 1680, 4470, 0, 1720, 4470, 0, 128, 128, 128
L 1740, 4500, 0, 1770, 4500, 0, 128, 128, 128
L 1740, 4530, 0, 1770, 4530, 0, 128, 128, 128
L 1740, 4470, 0, 1740, 4530, 0, 128, 128, 128
L 1770, 4470, 0, 1740, 4470, 0, 128, 128, 128
L 1790, 4470, 0, 1790, 4500, 0, 128, 128, 128
L 1790, 4500, 0, 1790, 4530, 0, 128, 128, 128
L 1790, 4500, 0, 1810, 4500, 0, 128, 128, 128
L 1830, 4500, 0, 1830, 4470, 0, 128, 128, 128
L 1790, 4470, 0, 1830, 4470, 0, 128, 128, 128
L 1810, 4500, 0, 1830, 4500, 0, 128, 128, 128
L 1830, 4530, 0, 1810, 4500, 0, 128, 128, 128
L 1200, 4560, 0, 1200, 4590, 0, 127, 64, 0
L 1240, 4620, 0, 1240, 4590, 0, 127, 64, 0
L 1200, 4590, 0, 1200, 4620, 0, 127, 64, 0
L 1240, 4590, 0, 1240, 4560, 0, 127, 64, 0
L 1200, 4590, 0, 1240, 4590, 0, 127, 64, 0
L 1300, 4560, 0, 1300, 4620, 0, 127, 64, 0
L 1260, 4560, 0, 1260, 4620, 0, 127, 64, 0
L 1260, 4620, 0, 1300, 4620, 0, 127, 64, 0
L 1350, 4620, 0, 1350, 4560, 0, 127, 64, 0
L 1320, 4560, 0, 1350, 4620, 0, 127, 64, 0
L 1320, 4620, 0, 1320, 4560, 0, 127, 64, 0
L 1390, 4560, 0, 1390, 4620, 0, 127, 64, 0
L 1370, 4560, 0, 1410, 4560, 0, 127, 64, 0
L 1430, 4590, 0, 1460, 4590, 0, 127, 64, 0
L 1430, 4620, 0, 1460, 4620, 0, 127, 64, 0
L 1430, 4560, 0, 1430, 4620, 0, 127, 64, 0
L 1460, 4560, 0, 1430, 4560, 0, 127, 64, 0
L 1480, 4560, 0, 1480, 4590, 0, 127, 64, 0
L 1480, 4590, 0, 1480, 4620, 0, 127, 64, 0
L 1480, 4590, 0, 1500, 4590, 0, 127, 64, 0
L 1520, 4590, 0, 1520, 4560, 0, 127, 64, 0
L 1480, 4560, 0, 1520, 4560, 0, 127, 64, 0
L 1500, 4590, 0, 1520, 4590, 0, 127, 64, 0
L 1520, 4620, 0, 1500, 4590, 0, 127, 64, 0
L 1240, 4650, 0, 1240, 4710, 0, 0, 127, 0
L 1220, 4680, 0, 1240, 4650, 0, 0, 127, 0
L 1200, 4650, 0, 1220, 4680, 0, 0, 127, 0
L 1200, 4710, 0, 1200, 4650, 0, 0, 127, 0
L 1260, 4680, 0, 1290, 4680, 0, 0, 127, 0
L 1260, 4710, 0, 1290, 4710, 0, 0, 127, 0
L 1260, 4650, 0, 1260, 4710, 0, 0, 127, 0
L 1290, 4650, 0, 1260, 4650, 0, 0, 127, 0
L 1310, 4650, 0, 1310, 4680, 0, 0, 127, 0
L 1310, 4680, 0, 1310, 4710, 0, 0, 127, 0
L 1310, 4680, 0, 1330, 4680, 0, 0, 127, 0
L 1350, 4680, 0, 1350, 4650, 0, 0, 127, 0
L 1310, 4650, 0, 1350, 4650, 0, 0, 127, 0
L 1330, 4680, 0, 1350, 4680, 0, 0, 127, 0
L 1350, 4710, 0, 1330, 4680, 0, 0, 127, 0
L 1400, 4710, 0, 1370, 4710, 0, 0, 127, 0
L 1370, 4650, 0, 1400, 4650, 0, 0, 127, 0
L 1370, 4710, 0, 1370, 4650, 0, 0, 127, 0
L 1420, 4650, 0, 1420, 4680, 0, 0, 127, 0
L 1460, 4710, 0, 1460, 4680, 0, 0, 127, 0
L 1420, 4680, 0, 1420, 4710, 0, 0, 127, 0
L 1460, 4680, 0, 1460, 4650, 0, 0, 127, 0
L 1420, 4680, 0, 1460, 4680, 0, 0, 127, 0
L 1490, 4680, 0, 1510, 4680, 0, 0, 127, 0
L 1500, 4650, 0, 1520, 4710, 0, 0, 127, 0
L 1480, 4710, 0, 1500, 4650, 0, 0, 127, 0
L 1570, 4710, 0, 1570, 4650, 0, 0, 127, 0
L 1540, 4650, 0, 1570, 4710, 0, 0, 127, 0
L 1540, 4710, 0, 1540, 4650, 0, 0, 127, 0
L 1610, 4650, 0, 1610, 4710, 0, 0, 127, 0
L 1590, 4650, 0, 1630, 4650, 0, 0, 127, 0
L 1240, 4740, 0, 1240, 4800, 0, 0, 127, 127
L 1220, 4770, 0, 1240, 4740, 0, 0, 127, 127
L 1200, 4740, 0, 1220, 4770, 0, 0, 127, 127
L 1200, 4800, 0, 1200, 4740, 0, 0, 127, 127
L 1260, 4740, 0, 1260, 4800, 0, 0, 127, 127
L 1280, 4740, 0, 1280, 4770, 0, 0, 127, 127
L 1280, 4800, 0, 1320, 4800, 0, 0, 127, 127
L 1320, 4770, 0, 1280, 4770, 0, 0, 127, 127
L 1280, 4740, 0, 1320, 4740, 0, 0, 127, 127
L 1320, 4770, 0, 1320, 4800, 0, 0, 127, 127
L 1340, 4740, 0, 1340, 4770, 0, 0, 127, 127
L 1340, 4800, 0, 1380, 4800, 0, 0, 127, 127
L 1380, 4770, 0, 1340, 4770, 0, 0, 127, 127
L 1340, 4740, 0, 1380, 4740, 0, 0, 127, 127
L 1380, 4770, 0, 1380, 4800, 0, 0, 127, 127
L 1400, 4740, 0, 1400, 4800, 0, 0, 127, 127
L 1420, 4740, 0, 1450, 4740, 0, 0, 127, 127
L 1420, 4800, 0, 1450, 4800, 0, 0, 127, 127
L 1420, 4740, 0, 1420, 4800, 0, 0, 127, 127
L 1450, 4740, 0, 1450, 4800, 0, 0, 127, 127
L 1500, 4800, 0, 1500, 4740, 0, 0, 127, 127
L 1470, 4740, 0, 1500, 4800, 0, 0, 127, 127
L 1470, 4800, 0, 1470, 4740, 0, 0, 127, 127
L 1230, 4890, 0, 1230, 4830, 0, 127, 64, 0
L 1200, 4830, 0, 1230, 4890, 0, 127, 64, 0
L 1200, 4890, 0, 1200, 4830, 0, 127, 64, 0
L 1260, 4860, 0, 1280, 4860, 0, 127, 64, 0
L 1270, 4830, 0, 1290, 4890, 0, 127, 64, 0
L 1250, 4890, 0, 1270, 4830, 0, 127, 64, 0
L 1350, 4830, 0, 1350, 4890, 0, 127, 64, 0
L 1330, 4860, 0, 1350, 4830, 0, 127, 64, 0
L 1310, 4830, 0, 1330, 4860, 0, 127, 64, 0
L 1310, 4890, 0, 1310, 4830, 0, 127, 64, 0
L 1370, 4860, 0, 1400, 4860, 0, 127, 64, 0
L 1370, 4890, 0, 1400, 4890, 0, 127, 64, 0
L 1370, 4830, 0, 1370, 4890, 0, 127, 64, 0
L 1400, 4830, 0, 1370, 4830, 0, 127, 64, 0
L 1430, 4890, 0, 1430, 4830, 0, 127, 64, 0
L 1440, 4890, 0, 1420, 4890, 0, 127, 64, 0
L 1450, 4860, 0, 1440, 4890, 0, 127, 64, 0
L 1440, 4830, 0, 1450, 4860, 0, 127, 64, 0
L 1420, 4830, 0, 1440, 4830, 0, 127, 64, 0
L 1230, 4950, 0, 1200, 4950, 0, 0, 255, 0
L 1230, 4920, 0, 1230, 4950, 0, 0, 255, 0
L 1200, 4920, 0, 1230, 4920, 0, 0, 255, 0
L 1200, 4980, 0, 1200, 4920, 0, 0, 255, 0
L 1260, 4950, 0, 1280, 4950, 0, 0, 255, 0
L 1270, 4920, 0, 1290, 4980, 0, 0, 255, 0
L 1250, 4980, 0, 1270, 4920, 0, 0, 255, 0
L 1310, 4920, 0, 1310, 4950, 0, 0, 255, 0
L 1310, 4950, 0, 1310, 4980, 0, 0, 255, 0
L 1310, 4950, 0, 1330, 4950, 0, 0, 255, 0
L 1350, 4950, 0, 1350, 4920, 0, 0, 255, 0
L 1310, 4920, 0, 1350, 4920, 0, 0, 255, 0
L 1330, 4950, 0, 1350, 4950, 0, 0, 255, 0
L 1350, 4980, 0, 1330, 4950, 0, 0, 255, 0
L 1400, 4980, 0, 1370, 4980, 0, 0, 255, 0
L 1370, 4920, 0, 1400, 4920, 0, 0, 255, 0
L 1370, 4980, 0, 1370, 4920, 0, 0, 255, 0
L 1420, 4950, 0, 1450, 4950, 0, 0, 255, 0
L 1420, 4980, 0, 1450, 4980, 0, 0, 255, 0
L 1420, 4920, 0, 1420, 4980, 0, 0, 255, 0
L 1450, 4920, 0, 1420, 4920, 0, 0, 255, 0
L 1470, 4920, 0, 1470, 4980, 0, 0, 255, 0
L 1510, 4980, 0, 1470, 4980, 0, 0, 255, 0
L 1530, 4920, 0, 1530, 4950, 0, 0, 255, 0
L 1530, 4980, 0, 1570, 4980, 0, 0, 255, 0
L 1570, 4950, 0, 1530, 4950, 0, 0, 255, 0
L 1530, 4920, 0, 1570, 4920, 0, 0, 255, 0
L 1570, 4950, 0, 1570, 4980, 0, 0, 255, 0
L 1200, 5010, 0, 1200, 5040, 0, 0, 240, 240
L 1200, 5040, 0, 1200, 5070, 0, 0, 240, 240
L 1200, 5040, 0, 1220, 5040, 0, 0, 240, 240
L 1240, 5040, 0, 1240, 5010, 0, 0, 240, 240
L 1200, 5010, 0, 1240, 5010, 0, 0, 240, 240
L 1220, 5040, 0, 1240, 5040, 0, 0, 240, 240
L 1240, 5070, 0, 1220, 5040, 0, 0, 240, 240
L 1270, 5040, 0, 1290, 5040, 0, 0, 240, 240
L 1280, 5010, 0, 1300, 5070, 0, 0, 240, 240
L 1260, 5070, 0, 1280, 5010, 0, 0, 240, 240
L 1320, 5010, 0, 1320, 5070, 0, 0, 240, 240
L 1350, 5070, 0, 1350, 5010, 0, 0, 240, 240
L 1360, 5070, 0, 1340, 5070, 0, 0, 240, 240
L 1370, 5040, 0, 1360, 5070, 0, 0, 240, 240
L 1360, 5010, 0, 1370, 5040, 0, 0, 240, 240
L 1340, 5010, 0, 1360, 5010, 0, 0, 240, 240
L 1200, 5100, 0, 1200, 5130, 0, 0, 255, 0
L 1200, 5160, 0, 1240, 5160, 0, 0, 255, 0
L 1240, 5130, 0, 1200, 5130, 0, 0, 255, 0
L 1200, 5100, 0, 1240, 5100, 0, 0, 255, 0
L 1240, 5130, 0, 1240, 5160, 0, 0, 255, 0
L 1290, 5130, 0, 1260, 5130, 0, 0, 255, 0
L 1290, 5100, 0, 1290, 5130, 0, 0, 255, 0
L 1260, 5100, 0, 1290, 5100, 0, 0, 255, 0
L 1260, 5160, 0, 1260, 5100, 0, 0, 255, 0
L 1310, 5130, 0, 1340, 5130, 0, 0, 255, 0
L 1310, 5160, 0, 1340, 5160, 0, 0, 255, 0
L 1310, 5100, 0, 1310, 5160, 0, 0, 255, 0
L 1340, 5100, 0, 1310, 5100, 0, 0, 255, 0
L 1390, 5160, 0, 1360, 5160, 0, 0, 255, 0
L 1360, 5100, 0, 1390, 5100, 0, 0, 255, 0
L 1360, 5160, 0, 1360, 5100, 0, 0, 255, 0
L 1410, 5100, 0, 1410, 5160, 0, 0, 255, 0
L 1440, 5130, 0, 1460, 5130, 0, 0, 255, 0
L 1450, 5100, 0, 1470, 5160, 0, 0, 255, 0
L 1430, 5160, 0, 1450, 5100, 0, 0, 255, 0
L 1490, 5100, 0, 1490, 5160, 0, 0, 255, 0
L 1530, 5160, 0, 1490, 5160, 0, 0, 255, 0
L 1640, 5160, 0, 1610, 5160, 0, 0, 255, 0
L 1610, 5100, 0, 1640, 5100, 0, 0, 255, 0
L 1610, 5160, 0, 1610, 5100, 0, 0, 255, 0
L 1700, 5100, 0, 1700, 5160, 0, 0, 255, 0
L 1660, 5100, 0, 1660, 5160, 0, 0, 255, 0
L 1660, 5160, 0, 1700, 5160, 0, 0, 255, 0
L 1720, 5100, 0, 1720, 5130, 0, 0, 255, 0
L 1720, 5130, 0, 1720, 5160, 0, 0, 255, 0
L 1720, 5130, 0, 1740, 5130, 0, 0, 255, 0
L 1760, 5130, 0, 1760, 5100, 0, 0, 255, 0
L 1720, 5100, 0, 1760, 5100, 0, 0, 255, 0
L 1740, 5130, 0, 1760, 5130, 0, 0, 255, 0
L 1760, 5160, 0, 1740, 5130, 0, 0, 255, 0
L 1780, 5100, 0, 1780, 5130, 0, 0, 255, 0
L 1780, 5130, 0, 1780, 5160, 0, 0, 255, 0
L 1780, 5130, 0, 1800, 5130, 0, 0, 255, 0
L 1820, 5130, 0, 1820, 5100, 0, 0, 255, 0
L 1780, 5100, 0, 1820, 5100, 0, 0, 255, 0
L 1800, 5130, 0, 1820, 5130, 0, 0, 255, 0
L 1820, 5160, 0, 1800, 5130, 0, 0, 255, 0
L 1840, 5130, 0, 1870, 5130, 0, 0, 255, 0
L 1840, 5160, 0, 1870, 5160, 0, 0, 255, 0
L 1840, 5100, 0, 1840, 5160, 0, 0, 255, 0
L 1870, 5100, 0, 1840, 5100, 0, 0, 255, 0
L 1920, 5160, 0, 1920, 5100, 0, 0, 255, 0
L 1890, 5100, 0, 1920, 5160, 0, 0, 255, 0
L 1890, 5160, 0, 1890, 5100, 0, 0, 255, 0
L 1970, 5160, 0, 1940, 5160, 0, 0, 255, 0
L 1940, 5100, 0, 1970, 5100, 0, 0, 255, 0
L 1940, 5160, 0, 1940, 5100, 0, 0, 255, 0
L 2010, 5130, 0, 2010, 5160, 0, 0, 255, 0
L 2010, 5130, 0, 2030, 5100, 0, 0, 255, 0
L 1990, 5100, 0, 2010, 5130, 0, 0, 255, 0
L 1200, 5190, 0, 1200, 5220, 0, 255, 0, 0
L 1200, 5250, 0, 1240, 5250, 0, 255, 0, 0
L 1240, 5220, 0, 1200, 5220, 0, 255, 0, 0
L 1200, 5190, 0, 1240, 5190, 0, 255, 0, 0
L 1240, 5220, 0, 1240, 5250, 0, 255, 0, 0
L 1300, 5190, 0, 1300, 5250, 0, 255, 0, 0
L 1260, 5190, 0, 1260, 5250, 0, 255, 0, 0
L 1260, 5250, 0, 1300, 5250, 0, 255, 0, 0
L 1350, 5250, 0, 1320, 5250, 0, 255, 0, 0
L 1320, 5190, 0, 1350, 5190, 0, 255, 0, 0
L 1320, 5250, 0, 1320, 5190, 0, 255, 0, 0
L 1400, 5250, 0, 1370, 5250, 0, 255, 0, 0
L 1370, 5190, 0, 1400, 5190, 0, 255, 0, 0
L 1370, 5250, 0, 1370, 5190, 0, 255, 0, 0
L 1420, 5190, 0, 1450, 5190, 0, 255, 0, 0
L 1420, 5250, 0, 1450, 5250, 0, 255, 0, 0
L 1420, 5190, 0, 1420, 5250, 0, 255, 0, 0
L 1450, 5190, 0, 1450, 5250, 0, 255, 0, 0
L 1470, 5190, 0, 1470, 5220, 0, 255, 0, 0
L 1470, 5220, 0, 1470, 5250, 0, 255, 0, 0
L 1470, 5220, 0, 1490, 5220, 0, 255, 0, 0
L 1510, 5220, 0, 1510, 5190, 0, 255, 0, 0
L 1470, 5190, 0, 1510, 5190, 0, 255, 0, 0
L 1490, 5220, 0, 1510, 5220, 0, 255, 0, 0
L 1510, 5250, 0, 1490, 5220, 0, 255, 0, 0
L 1220, 5280, 0, 1220, 5340, 0, 255, 255, 0
L 1200, 5280, 0, 1240, 5280, 0, 255, 255, 0
L 1260, 5310, 0, 1290, 5310, 0, 255, 255, 0
L 1260, 5340, 0, 1290, 5340, 0, 255, 255, 0
L 1260, 5280, 0, 1260, 5340, 0, 255, 255, 0
L 1290, 5280, 0, 1260, 5280, 0, 255, 255, 0
L 1310, 5280, 0, 1310, 5340, 0, 255, 255, 0
L 1350, 5340, 0, 1310, 5340, 0, 255, 255, 0
L 1370, 5310, 0, 1400, 5310, 0, 255, 255, 0
L 1370, 5340, 0, 1400, 5340, 0, 255, 255, 0
L 1370, 5280, 0, 1370, 5340, 0, 255, 255, 0
L 1400, 5280, 0, 1370, 5280, 0, 255, 255, 0
L 1450, 5310, 0, 1420, 5310, 0, 255, 255, 0
L 1450, 5280, 0, 1450, 5310, 0, 255, 255, 0
L 1420, 5280, 0, 1450, 5280, 0, 255, 255, 0
L 1420, 5340, 0, 1420, 5280, 0, 255, 255, 0
L 1470, 5280, 0, 1500, 5280, 0, 255, 255, 0
L 1470, 5340, 0, 1500, 5340, 0, 255, 255, 0
L 1470, 5280, 0, 1470, 5340, 0, 255, 255, 0
L 1500, 5280, 0, 1500, 5340, 0, 255, 255, 0
L 1520, 5280, 0, 1520, 5310, 0, 255, 255, 0
L 1520, 5310, 0, 1520, 5340, 0, 255, 255, 0
L 1520, 5310, 0, 1540, 5310, 0, 255, 255, 0
L 1560, 5310, 0, 1560, 5280, 0, 255, 255, 0
L 1520, 5280, 0, 1560, 5280, 0, 255, 255, 0
L 1540, 5310, 0, 1560, 5310, 0, 255, 255, 0
L 1560, 5340, 0, 1540, 5310, 0, 255, 255, 0
L 1600, 5280, 0, 1600, 5340, 0, 255, 255, 0
L 1580, 5280, 0, 1620, 5280, 0, 255, 255, 0
L 1220, 5370, 0, 1220, 5430, 0, 128, 0, 128
L 1200, 5370, 0, 1240, 5370, 0, 128, 0, 128
L 1260, 5370, 0, 1260, 5400, 0, 128, 0, 128
L 1260, 5400, 0, 1260, 5430, 0, 128, 0, 128
L 1260, 5400, 0, 1280, 5400, 0, 128, 0, 128
L 1300, 5400, 0, 1300, 5370, 0, 128, 0, 128
L 1260, 5370, 0, 1300, 5370, 0, 128, 0, 128
L 1280, 5400, 0, 1300, 5400, 0, 128, 0, 128
L 1300, 5430, 0, 1280, 5400, 0, 128, 0, 128
L 1330, 5400, 0, 1350, 5400, 0, 128, 0, 128
L 1340, 5370, 0, 1360, 5430, 0, 128, 0, 128
L 1320, 5430, 0, 1340, 5370, 0, 128, 0, 128
L 1390, 5430, 0, 1390, 5370, 0, 128, 0, 128
L 1400, 5430, 0, 1380, 5430, 0, 128, 0, 128
L 1410, 5400, 0, 1400, 5430, 0, 128, 0, 128
L 1400, 5370, 0, 1410, 5400, 0, 128, 0, 128
L 1380, 5370, 0, 1400, 5370, 0, 128, 0, 128
L 1430, 5400, 0, 1460, 5400, 0, 128, 0, 128
L 1430, 5430, 0, 1460, 5430, 0, 128, 0, 128
L 1430, 5370, 0, 1430, 5430, 0, 128, 0, 128
L 1460, 5370, 0, 1430, 5370, 0, 128, 0, 128
L 1480, 5370, 0, 1480, 5400, 0, 128, 0, 128
L 1480, 5430, 0, 1520, 5430, 0, 128, 0, 128
L 1520, 5400, 0, 1480, 5400, 0, 128, 0, 128
L 1480, 5370, 0, 1520, 5370, 0, 128, 0, 128
L 1520, 5400, 0, 1520, 5430, 0, 128, 0, 128
L 1540, 5370, 0, 1540, 5400, 0, 128, 0, 128
L 1540, 5400, 0, 1540, 5430, 0, 128, 0, 128
L 1540, 5400, 0, 1580, 5430, 0, 128, 0, 128
L 1540, 5400, 0, 1580, 5370, 0, 128, 0, 128
L 1600, 5370, 0, 1600, 5430, 0, 128, 0, 128
L 1620, 5370, 0, 1620, 5430, 0, 128, 0, 128
L 1660, 5430, 0, 1620, 5430, 0, 128, 0, 128
L 1680, 5370, 0, 1680, 5430, 0, 128, 0, 128
L 1720, 5430, 0, 1680, 5430, 0, 128, 0, 128
L 1830, 5430, 0, 1800, 5430, 0, 128, 0, 128
L 1800, 5370, 0, 1830, 5370, 0, 128, 0, 128
L 1800, 5430, 0, 1800, 5370, 0, 128, 0, 128
L 1850, 5370, 0, 1880, 5370, 0, 128, 0, 128
L 1850, 5430, 0, 1880, 5430, 0, 128, 0, 128
L 1850, 5370, 0, 1850, 5430, 0, 128, 0, 128
L 1880, 5370, 0, 1880, 5430, 0, 128, 0, 128
L 1930, 5430, 0, 1930, 5370, 0, 128, 0, 128
L 1900, 5370, 0, 1930, 5430, 0, 128, 0, 128
L 1900, 5430, 0, 1900, 5370, 0, 128, 0, 128
L 1970, 5370, 0, 1970, 5430, 0, 128, 0, 128
L 1950, 5370, 0, 1990, 5370, 0, 128, 0, 128
L 2020, 5400, 0, 2040, 5400, 0, 128, 0, 128
L 2030, 5370, 0, 2050, 5430, 0, 128, 0, 128
L 2010, 5430, 0, 2030, 5370, 0, 128, 0, 128
L 2070, 5370, 0, 2070, 5430, 0, 128, 0, 128
L 2120, 5430, 0, 2120, 5370, 0, 128, 0, 128
L 2090, 5370, 0, 2120, 5430, 0, 128, 0, 128
L 2090, 5430, 0, 2090, 5370, 0, 128, 0, 128
L 2140, 5400, 0, 2170, 5400, 0, 128, 0, 128
L 2140, 5430, 0, 2170, 5430, 0, 128, 0, 128
L 2140, 5370, 0, 2140, 5430, 0, 128, 0, 128
L 2170, 5370, 0, 2140, 5370, 0, 128, 0, 128
L 2190, 5370, 0, 2190, 5400, 0, 128, 0, 128
L 2190, 5400, 0, 2190, 5430, 0, 128, 0, 128
L 2190, 5400, 0, 2210, 5400, 0, 128, 0, 128
L 2230, 5400, 0, 2230, 5370, 0, 128, 0, 128
L 2190, 5370, 0, 2230, 5370, 0, 128, 0, 128
L 2210, 5400, 0, 2230, 5400, 0, 128, 0, 128
L 2230, 5430, 0, 2210, 5400, 0, 128, 0, 128
L 1220, 5460, 0, 1220, 5520, 0, 255, 255, 0
L 1200, 5460, 0, 1240, 5460, 0, 255, 255, 0
L 1260, 5460, 0, 1260, 5490, 0, 255, 255, 0
L 1260, 5490, 0, 1260, 5520, 0, 255, 255, 0
L 1260, 5490, 0, 1280, 5490, 0, 255, 255, 0
L 1300, 5490, 0, 1300, 5460, 0, 255, 255, 0
L 1260, 5460, 0, 1300, 5460, 0, 255, 255, 0
L 1280, 5490, 0, 1300, 5490, 0, 255, 255, 0
L 1300, 5520, 0, 1280, 5490, 0, 255, 255, 0
L 1330, 5490, 0, 1350, 5490, 0, 255, 255, 0
L 1340, 5460, 0, 1360, 5520, 0, 255, 255, 0
L 1320, 5520, 0, 1340, 5460, 0, 255, 255, 0
L 1410, 5490, 0, 1380, 5490, 0, 255, 255, 0
L 1410, 5460, 0, 1410, 5490, 0, 255, 255, 0
L 1380, 5460, 0, 1410, 5460, 0, 255, 255, 0
L 1380, 5520, 0, 1380, 5460, 0, 255, 255, 0
L 1230, 5550, 0, 1200, 5550, 0, 255, 0, 0
L 1200, 5610, 0, 1230, 5550, 0, 255, 0, 0
L 1200, 5610, 0, 1230, 5610, 0, 255, 0, 0
L 1250, 5550, 0, 1280, 5550, 0, 255, 0, 0
L 1250, 5610, 0, 1280, 5610, 0, 255, 0, 0
L 1250, 5550, 0, 1250, 5610, 0, 255, 0, 0
L 1280, 5550, 0, 1280, 5610, 0, 255, 0, 0
L 1330, 5610, 0, 1330, 5550, 0, 255, 0, 0
L 1300, 5550, 0, 1330, 5610, 0, 255, 0, 0
L 1300, 5610, 0, 1300, 5550, 0, 255, 0, 0
L 1350, 5580, 0, 1380, 5580, 0, 255, 0, 0
L 1350, 5610, 0, 1380, 5610, 0, 255, 0, 0
L 1350, 5550, 0, 1350, 5610, 0, 255, 0, 0
L 1380, 5550, 0, 1350, 5550, 0, 255, 0, 0
P 200, 3900, 0, 0, 0, 0, 2, Revised_Map:_Brewall_Rainsiger_(Cazic-Thule)
P 200, 4100, 0, 0, 0, 0, 2, http://www.eqmaps.info
P 200, 4300, 0, 0, 0, 0, 2, Return_of_the_Exiled_(www.roteguild.org)
