P 1460.0000, 2286.0000, 0.0000,  255, 0, 0,  3,  to_Nobles'_Causeway
P -1350.0000, -1712.0000, 119.0000,  255, 0, 0,  3,  to_Anguish,_the_Fallen_Palace
P 1696.0000, -1980.0000, 105.0000,  255, 0, 0,  3,  to_Muramite_Proving_Grounds
P -162.0000, -310.0000, -15.0000,  255, 255, 255,  2,  Camp_Spot
P 619.0000, 1721.0000, 20.0000,  255, 255, 255,  2,  Camp_Spot
P -2333.0000, -330.0000, 40.0000,  255, 255, 255,  2,  Camp_Spot
P 870.0000, 1078.0000, -22.0000,  128, 64, 0,  2,  Feran_Savageclaw
P 706.0000, 1144.0000, -11.0000,  128, 64, 0,  2,  Feran_Bloodkeeper
P 575.0000, 1213.0000, -11.0000,  128, 64, 0,  2,  Chimera_Seether
P 277.0000, 1329.0000, 3.0000,  128, 64, 0,  2,  Chimera_Deathbringer
P 300.0000, 1169.0000, 0.0000,  128, 64, 0,  2,  Bazu_Bonesmasher
P 436.0000, 1514.0000, -9.0000,  128, 64, 0,  2,  Bazu_Destroyer
P 308.0000, 1544.0000, -9.0000,  128, 64, 0,  2,  Shadowhunter
P 414.0000, -684.0000, -5.0000,  128, 64, 0,  2,  Discordling_Warfiend
P 785.0000, -237.0000, 21.0000,  128, 64, 0,  2,  Dragorn_Champion
P 658.0000, 281.0000, -9.0000,  128, 64, 0,  2,  Cipheron
P -934.0000, -639.0000, 122.0000,  128, 64, 0,  2,  Girplan_Mastercrafter
P -500.0000, 234.0000, 58.0000,  128, 64, 0,  2,  Dragorn_Strategist
P 883.0000, -790.0000, -10.0000,  128, 64, 0,  2,  Discordling_Bloodfiend
P -2503.0000, -132.0000, 41.0000,  128, 64, 0,  2,  Dragorn_Blightkeeper
P -2281.0000, -566.0000, 43.0000,  128, 64, 0,  2,  Dragorn_Nightwalker
P 36.0000, -645.0000, -11.0000,  128, 64, 0,  2,  Ukun_Tendonslicer
P 124.0000, -692.0000, -18.0000,  128, 64, 0,  2,  Kyv_Assassin
P -178.0000, -725.0000, 93.0000,  128, 64, 0,  2,  Kyv_Trueshot
P -240.0000, -803.0000, 93.0000,  128, 64, 0,  2,  Noc_Bonecleaver
P -816.0000, -1276.0000, 88.0000,  128, 64, 0,  2,  Girplan_Taskmaster
P -227.0000, -551.0000, -4.0000,  128, 64, 0,  2,  Girplan_Mastercrafter
P 112.0000, 48.0000, -5.0000,  128, 64, 0,  2,  Velitorkin
P 1306.0000, -1580.0000, 45.0000,  128, 64, 0,  2,  Hulcror
P -1156.0000, 1515.0000, -38.0000,  127, 64, 0,  2,  The_Murkglider_Hivequeen
P 1295.0000, 646.0000, -5.0000,  0, 0, 0,  2,  Sandak
P 1817.0000, -174.0000, -98.0000,  240, 240, 240,  2,  Murkglider_Caves
P 232.0000, -1357.0000, -17.0000,  0, 0, 0,  2,  Verow
P -193.0000, 1261.0000, -8.0000,  0, 0, 0,  2,  Jarekiv
