L 259, 38, -3, 251, 37, -4, 0, 0, 0
L 270, 39, -5, 259, 38, -3, 0, 0, 0
L 286, 44, -3, 270, 39, -5, 0, 0, 0
L 285, 48, -5, 281, 42, -3, 127, 127, 127
L 291, 68, -5, 285, 48, -5, 127, 127, 127
L 290, 72, -8, 291, 68, -5, 127, 127, 127
L 279, 69, -8, 290, 72, -8, 0, 0, 0
L 266, 67, -8, 279, 69, -8, 0, 0, 0
L 257, 66, -7, 266, 67, -8, 0, 0, 0
L 248, 65, -8, 257, 66, -7, 0, 0, 0
L 239, 64, -7, 248, 65, -8, 0, 0, 0
L 232, 64, -6, 239, 64, -7, 0, 0, 0
L 225, 65, -7, 232, 64, -6, 0, 0, 0
L 210, 75, -2, 225, 65, -7, 0, 0, 0
L 196, 84, -7, 210, 75, -2, 0, 0, 0
L 179, 93, -6, 196, 84, -7, 0, 0, 0
L 160, 94, -4, 180, 93, -7, 0, 0, 0
L 142, 90, -3, 160, 94, -4, 0, 0, 0
L 126, 85, -4, 142, 90, -3, 0, 0, 0
L 116, 80, -6, 126, 85, -5, 0, 0, 0
L 108, 74, -5, 116, 80, -6, 0, 0, 0
L 103, 66, -1, 108, 75, -5, 0, 0, 0
L 95, 56, 2, 103, 66, -1, 0, 0, 0
L 87, 43, 6, 95, 56, 2, 0, 0, 0
L 85, 40, 7, 87, 44, 6, 0, 0, 0
L 82, 36, 7, 85, 40, 7, 0, 0, 0
L 91, 6, 8, 84, 0, 11, 0, 0, 0
L 105, 19, 5, 91, 6, 8, 0, 0, 0
L 110, 31, 1, 105, 19, 5, 0, 0, 0
L 117, 42, 0, 110, 31, 1, 0, 0, 0
L 128, 56, -2, 117, 42, 0, 0, 0, 0
L 134, 60, -2, 128, 56, -2, 0, 0, 0
L 144, 64, -3, 134, 60, -3, 0, 0, 0
L 152, 68, -3, 144, 64, -3, 0, 0, 0
L 159, 68, -3, 152, 68, -3, 0, 0, 0
L 166, 68, -3, 159, 68, -3, 0, 0, 0
L 170, 67, -4, 166, 68, -3, 0, 0, 0
L 178, 64, -3, 170, 67, -4, 0, 0, 0
L 184, 61, -4, 178, 64, -3, 0, 0, 0
L 191, 56, -5, 184, 61, -4, 0, 0, 0
L 199, 52, -5, 191, 56, -5, 0, 0, 0
L 205, 47, -5, 199, 52, -5, 0, 0, 0
L 212, 42, -1, 205, 47, -5, 0, 0, 0
L 222, 40, -4, 212, 42, -1, 0, 0, 0
L 231, 39, -4, 222, 40, -4, 0, 0, 0
L 239, 37, -5, 231, 39, -4, 0, 0, 0
L 246, 37, -6, 239, 37, -5, 0, 0, 0
L 251, 37, -5, 246, 37, -6, 0, 0, 0
L 248, 45, 27, 246, 51, 27, 127, 127, 127
L 253, 44, 27, 248, 45, 27, 127, 127, 127
L 255, 44, 27, 253, 44, 26, 127, 127, 127
L 258, 47, 27, 255, 44, 26, 127, 127, 127
L 259, 50, 27, 258, 47, 26, 127, 127, 127
L 257, 54, 27, 259, 50, 27, 127, 127, 127
L 254, 56, 27, 257, 54, 27, 127, 127, 127
L 251, 57, 27, 254, 56, 26, 127, 127, 127
L 249, 57, 27, 251, 57, 26, 127, 127, 127
L 247, 54, 27, 249, 57, 26, 127, 127, 127
L 246, 51, 27, 247, 54, 27, 127, 127, 127
L 352, 64, -62, 349, 67, -63, 127, 127, 127
L 354, 68, -61, 352, 64, -62, 127, 127, 127
L 354, 71, -60, 354, 68, -61, 127, 127, 127
L 351, 70, -58, 354, 71, -60, 127, 127, 127
L 349, 67, -57, 351, 70, -58, 127, 127, 127
L 303, -8, -37, 299, -5, -37, 120, 20, 0
L 317, -12, -39, 303, -8, -38, 120, 20, 0
L 323, -14, -38, 317, -12, -39, 120, 20, 0
L 335, -15, -38, 323, -14, -38, 120, 20, 0
L 335, -12, -38, 335, -15, -38, 120, 20, 0
L 337, -5, -39, 335, -12, -39, 120, 20, 0
L 338, 1, -41, 337, -5, -39, 120, 20, 0
L 348, 8, -40, 338, 1, -41, 120, 20, 0
L 353, 11, -40, 348, 8, -41, 120, 20, 0
L 367, 10, -42, 353, 11, -41, 120, 20, 0
L 381, 10, -42, 367, 10, -42, 120, 20, 0
L 395, 15, -41, 381, 10, -42, 120, 20, 0
L 405, 19, -39, 395, 15, -42, 120, 20, 0
L 406, 25, -40, 405, 19, -39, 120, 20, 0
L 407, 32, -40, 406, 25, -40, 120, 20, 0
L 409, 43, -39, 407, 32, -40, 120, 20, 0
L 412, 53, -40, 409, 43, -39, 120, 20, 0
L 416, 65, -40, 412, 53, -40, 120, 20, 0
L 419, 75, -38, 416, 65, -40, 120, 20, 0
L 419, 93, -38, 419, 75, -38, 120, 20, 0
L 410, 106, -38, 419, 93, -38, 120, 20, 0
L 397, 115, -40, 410, 106, -38, 120, 20, 0
L 382, 121, -39, 397, 115, -40, 120, 20, 0
L 368, 128, -41, 382, 121, -39, 120, 20, 0
L 352, 133, -42, 368, 128, -41, 120, 20, 0
L 336, 133, -41, 352, 133, -42, 120, 20, 0
L 328, 130, -40, 336, 133, -41, 120, 20, 0
L 316, 125, -41, 328, 130, -41, 120, 20, 0
L 306, 120, -42, 316, 125, -42, 120, 20, 0
L 298, 115, -42, 306, 120, -42, 120, 20, 0
L 295, 106, -42, 298, 115, -42, 120, 20, 0
L 292, 96, -40, 295, 106, -42, 120, 20, 0
L 292, 83, -38, 292, 96, -40, 120, 20, 0
L 291, 70, -39, 292, 83, -38, 120, 20, 0
L 288, 50, -41, 291, 70, -39, 120, 20, 0
L 286, 42, -40, 288, 50, -41, 120, 20, 0
L 287, 29, -39, 286, 42, -41, 120, 20, 0
L 295, 15, -38, 287, 29, -39, 120, 20, 0
L 296, 0, -38, 295, 15, -38, 120, 20, 0
L 299, -5, -37, 296, 0, -38, 120, 20, 0
L 348, 30, -81, 345, 31, -81, 0, 0, 0
L 353, 30, -81, 348, 30, -81, 0, 0, 0
L 363, 30, -81, 353, 30, -82, 0, 0, 0
L 368, 32, -81, 363, 30, -82, 0, 0, 0
L 378, 41, -81, 368, 32, -81, 0, 0, 0
L 383, 44, -81, 378, 41, -82, 0, 0, 0
L 385, 55, -80, 383, 44, -81, 0, 0, 0
L 386, 64, -81, 385, 55, -80, 0, 0, 0
L 384, 76, -80, 386, 64, -81, 0, 0, 0
L 383, 83, -81, 384, 76, -80, 0, 0, 0
L 375, 89, -81, 383, 83, -81, 0, 0, 0
L 369, 95, -80, 375, 89, -82, 0, 0, 0
L 364, 97, -81, 369, 95, -81, 0, 0, 0
L 350, 97, -81, 364, 97, -82, 0, 0, 0
L 340, 95, -81, 350, 97, -81, 0, 0, 0
L 334, 91, -81, 340, 95, -81, 0, 0, 0
L 325, 78, -82, 334, 91, -81, 0, 0, 0
L 319, 73, -76, 325, 78, -82, 0, 0, 0
L 314, 75, -76, 319, 73, -76, 0, 0, 0
L 308, 77, -76, 314, 75, -76, 0, 0, 0
L 300, 84, -70, 308, 77, -76, 0, 0, 0
L 297, 85, -69, 300, 84, -70, 0, 0, 0
L 287, 88, -66, 297, 85, -70, 0, 0, 0
L 272, 95, -60, 287, 89, -67, 0, 0, 0
L 260, 108, -51, 272, 95, -60, 0, 0, 0
L 250, 122, -46, 260, 108, -51, 0, 0, 0
L 240, 138, -40, 250, 122, -46, 0, 0, 0
L 235, 146, -38, 240, 138, -40, 0, 0, 0
L 219, 154, -32, 235, 146, -38, 0, 0, 0
L 205, 162, -27, 219, 154, -32, 0, 0, 0
L 184, 169, -26, 205, 162, -27, 0, 0, 0
L 174, 173, -24, 184, 169, -27, 0, 0, 0
L 168, 173, -23, 174, 173, -24, 0, 0, 0
L 139, 167, -11, 168, 173, -23, 0, 0, 0
L 114, 154, -8, 139, 167, -12, 0, 0, 0
L 101, 139, -4, 114, 154, -8, 0, 0, 0
L 89, 128, 0, 100, 139, -5, 0, 0, 0
L 86, 120, 2, 89, 128, 0, 0, 0, 0
L 80, 104, 8, 86, 120, 2, 0, 0, 0
L 81, 92, 12, 80, 104, 8, 0, 0, 0
L 76, 79, 16, 81, 92, 11, 0, 0, 0
L 78, 59, 19, 76, 79, 16, 0, 0, 0
L 81, 52, 23, 78, 59, 19, 0, 0, 0
L 87, 36, 28, 81, 52, 23, 0, 0, 0
L 92, 25, 31, 87, 36, 28, 0, 0, 0
L 95, 4, 27, 92, 25, 31, 0, 0, 0
L 92, -6, 28, 95, 4, 26, 0, 0, 0
L 90, -13, 28, 92, -6, 28, 0, 0, 0
L 95, -32, 31, 90, -13, 28, 0, 0, 0
L 103, -57, 32, 95, -32, 31, 0, 0, 0
L 109, -67, 29, 103, -57, 31, 0, 0, 0
L 119, -80, 30, 109, -67, 28, 0, 0, 0
L 143, -97, 40, 119, -80, 30, 0, 0, 0
L 153, -101, 39, 143, -97, 40, 0, 0, 0
L 173, -105, 37, 153, -101, 39, 0, 0, 0
L 197, -106, 30, 173, -105, 37, 0, 0, 0
L 205, -105, 28, 197, -106, 30, 0, 0, 0
L 228, -94, 32, 205, -105, 28, 0, 0, 0
L 246, -80, 30, 228, -94, 31, 0, 0, 0
L 256, -72, 27, 246, -80, 30, 0, 0, 0
L 263, -64, 28, 256, -73, 27, 0, 0, 0
L 268, -47, 28, 263, -64, 27, 0, 0, 0
L 272, -33, 32, 268, -47, 28, 0, 0, 0
L 273, -24, 30, 272, -33, 31, 0, 0, 0
L 272, -12, 26, 273, -24, 29, 0, 0, 0
L 271, -2, 27, 272, -12, 25, 0, 0, 0
L 269, 6, 27, 271, -2, 26, 0, 0, 0
L 263, 16, 26, 269, 6, 27, 0, 0, 0
L 262, 19, 26, 263, 16, 26, 0, 0, 0
L 266, 25, 27, 262, 19, 26, 0, 0, 0
L 276, 30, 28, 266, 25, 27, 0, 0, 0
L 283, 38, 29, 276, 30, 28, 0, 0, 0
L 286, 52, 29, 283, 38, 28, 0, 0, 0
L 286, 62, 29, 286, 52, 28, 0, 0, 0
L 283, 69, 29, 286, 62, 28, 0, 0, 0
L 273, 80, 29, 283, 69, 28, 0, 0, 0
L 269, 83, 29, 273, 80, 28, 0, 0, 0
L 257, 84, 29, 269, 83, 29, 0, 0, 0
L 249, 85, 29, 257, 84, 29, 0, 0, 0
L 233, 82, 29, 249, 85, 29, 0, 0, 0
L 224, 72, 29, 233, 82, 29, 0, 0, 0
L 218, 62, 29, 224, 72, 29, 0, 0, 0
L 218, 48, 29, 218, 62, 28, 0, 0, 0
L 221, 38, 29, 218, 48, 28, 0, 0, 0
L 227, 31, 29, 221, 38, 29, 0, 0, 0
L 236, 26, 27, 227, 31, 29, 0, 0, 0
L 241, 21, 27, 236, 26, 27, 0, 0, 0
L 243, 12, 29, 241, 21, 27, 0, 0, 0
L 244, -2, 28, 243, 12, 29, 0, 0, 0
L 246, -22, 28, 244, -2, 27, 0, 0, 0
L 244, -39, 30, 246, -22, 28, 0, 0, 0
L 236, -55, 33, 244, -39, 30, 0, 0, 0
L 223, -67, 32, 236, -55, 32, 0, 0, 0
L 208, -75, 33, 223, -67, 32, 0, 0, 0
L 196, -78, 31, 208, -75, 33, 0, 0, 0
L 168, -80, 34, 196, -78, 31, 0, 0, 0
L 154, -71, 35, 168, -80, 34, 0, 0, 0
L 137, -59, 32, 154, -71, 34, 0, 0, 0
L 127, -47, 31, 137, -59, 32, 0, 0, 0
L 120, -28, 32, 127, -47, 31, 0, 0, 0
L 118, -13, 31, 120, -28, 32, 0, 0, 0
L 122, 5, 30, 118, -13, 31, 0, 0, 0
L 121, 24, 29, 122, 5, 30, 0, 0, 0
L 112, 46, 25, 121, 24, 29, 0, 0, 0
L 106, 58, 21, 112, 46, 25, 0, 0, 0
L 103, 75, 17, 106, 58, 21, 0, 0, 0
L 103, 88, 12, 103, 75, 16, 0, 0, 0
L 107, 103, 7, 103, 88, 12, 0, 0, 0
L 113, 115, 0, 107, 103, 6, 0, 0, 0
L 119, 121, -3, 113, 115, 0, 0, 0, 0
L 128, 131, -8, 119, 121, -3, 0, 0, 0
L 134, 137, -12, 128, 131, -8, 0, 0, 0
L 142, 141, -15, 134, 137, -12, 0, 0, 0
L 154, 142, -19, 142, 141, -15, 0, 0, 0
L 164, 145, -21, 154, 142, -19, 0, 0, 0
L 175, 146, -22, 164, 145, -21, 0, 0, 0
L 182, 144, -24, 175, 146, -22, 0, 0, 0
L 188, 143, -27, 182, 144, -24, 0, 0, 0
L 194, 140, -28, 188, 143, -27, 0, 0, 0
L 202, 136, -32, 194, 140, -28, 0, 0, 0
L 208, 132, -34, 202, 136, -32, 0, 0, 0
L 217, 124, -38, 208, 132, -34, 0, 0, 0
L 224, 116, -44, 217, 124, -38, 0, 0, 0
L 230, 105, -47, 224, 116, -44, 0, 0, 0
L 236, 95, -53, 230, 105, -47, 0, 0, 0
L 245, 84, -57, 236, 95, -53, 0, 0, 0
L 254, 77, -60, 245, 84, -57, 0, 0, 0
L 265, 69, -63, 254, 77, -60, 0, 0, 0
L 273, 65, -65, 265, 69, -63, 0, 0, 0
L 286, 60, -68, 273, 65, -65, 0, 0, 0
L 294, 57, -72, 286, 60, -68, 0, 0, 0
L 304, 56, -75, 294, 57, -72, 0, 0, 0
L 311, 58, -80, 304, 56, -75, 0, 0, 0
L 319, 54, -84, 311, 58, -80, 0, 0, 0
L 324, 51, -85, 319, 54, -84, 0, 0, 0
L 328, 45, -83, 324, 51, -85, 0, 0, 0
L 335, 36, -82, 328, 45, -83, 0, 0, 0
L 346, 31, -82, 335, 36, -82, 0, 0, 0
L 699, 186, 61, 694, 167, 59, 127, 127, 127
L 513, 309, 69, 507, 313, 66, 0, 0, 0
L 518, 307, 69, 513, 309, 69, 0, 0, 0
L 529, 302, 70, 535, 297, 70, 0, 0, 0
L 519, 307, 67, 528, 302, 70, 127, 127, 127
L 674, 323, 28, 675, 307, 27, 127, 127, 127
L 667, 327, 30, 674, 323, 29, 0, 0, 0
L 658, 329, 29, 670, 326, 30, 0, 0, 0
L 649, 327, 31, 658, 329, 29, 0, 0, 0
L 641, 332, 36, 649, 327, 31, 0, 0, 0
L 633, 335, 40, 641, 332, 36, 0, 0, 0
L 624, 340, 43, 633, 335, 40, 0, 0, 0
L 614, 344, 46, 624, 340, 43, 0, 0, 0
L 608, 348, 49, 614, 344, 45, 0, 0, 0
L 601, 350, 49, 608, 348, 49, 0, 0, 0
L 589, 350, 54, 601, 350, 49, 0, 0, 0
L 582, 349, 57, 589, 350, 54, 0, 0, 0
L 573, 349, 60, 582, 349, 56, 0, 0, 0
L 562, 347, 60, 573, 349, 59, 0, 0, 0
L 552, 345, 60, 562, 347, 59, 0, 0, 0
L 542, 340, 63, 552, 345, 60, 0, 0, 0
L 538, 332, 65, 542, 340, 63, 0, 0, 0
L 531, 327, 68, 538, 332, 65, 0, 0, 0
L 524, 316, 70, 531, 327, 68, 0, 0, 0
L 519, 307, 67, 524, 316, 70, 0, 0, 0
L 535, 306, 70, 529, 302, 69, 0, 0, 0
L 538, 309, 69, 535, 306, 70, 0, 0, 0
L 546, 315, 67, 538, 309, 69, 0, 0, 0
L 552, 322, 64, 546, 315, 67, 0, 0, 0
L 563, 326, 64, 552, 322, 64, 0, 0, 0
L 574, 328, 60, 563, 326, 64, 0, 0, 0
L 584, 329, 54, 574, 328, 59, 0, 0, 0
L 594, 329, 53, 584, 329, 54, 0, 0, 0
L 604, 325, 49, 594, 329, 53, 0, 0, 0
L 612, 321, 46, 604, 325, 49, 0, 0, 0
L 622, 316, 39, 612, 321, 45, 0, 0, 0
L 632, 311, 36, 622, 316, 39, 0, 0, 0
L 644, 308, 33, 632, 311, 36, 0, 0, 0
L 655, 307, 30, 644, 308, 33, 0, 0, 0
L 666, 307, 29, 655, 307, 30, 0, 0, 0
L 676, 307, 27, 666, 307, 29, 0, 0, 0
L 30, 87, 20, 25, 82, 20, 0, 0, 0
L 41, 94, 22, 30, 87, 20, 0, 0, 0
L 51, 103, 20, 41, 94, 22, 0, 0, 0
L 59, 111, 21, 51, 103, 20, 0, 0, 0
L 66, 122, 23, 59, 111, 21, 0, 0, 0
L 70, 133, 22, 66, 122, 23, 0, 0, 0
L 69, 148, 23, 70, 133, 22, 0, 0, 0
L 69, 161, 22, 69, 148, 23, 0, 0, 0
L 65, 170, 20, 69, 161, 22, 0, 0, 0
L 61, 181, 20, 65, 170, 20, 0, 0, 0
L 56, 189, 23, 61, 181, 20, 0, 0, 0
L 48, 195, 25, 56, 189, 23, 0, 0, 0
L 39, 203, 27, 48, 195, 25, 0, 0, 0
L 31, 208, 31, 39, 203, 27, 0, 0, 0
L 25, 213, 31, 31, 208, 31, 0, 0, 0
L 16, 217, 32, 25, 213, 31, 0, 0, 0
L 13, 223, 35, 16, 217, 32, 0, 0, 0
L 10, 228, 38, 13, 223, 35, 0, 0, 0
L 8, 233, 39, 10, 228, 38, 0, 0, 0
L 5, 241, 40, 8, 233, 39, 0, 0, 0
L 4, 248, 41, 5, 241, 40, 0, 0, 0
L 3, 254, 43, 4, 248, 41, 0, 0, 0
L 3, 262, 45, 3, 254, 43, 0, 0, 0
L 3, 267, 46, 3, 262, 45, 0, 0, 0
L 3, 275, 47, 3, 267, 46, 0, 0, 0
L 7, 279, 46, 3, 275, 47, 0, 0, 0
L 17, 290, 45, 7, 279, 46, 0, 0, 0
L 24, 298, 44, 17, 290, 45, 0, 0, 0
L 31, 305, 44, 24, 298, 44, 0, 0, 0
L 41, 309, 43, 31, 305, 44, 0, 0, 0
L 52, 312, 43, 41, 309, 43, 0, 0, 0
L 63, 314, 43, 52, 312, 43, 0, 0, 0
L 72, 315, 42, 63, 314, 43, 0, 0, 0
L 83, 312, 43, 72, 315, 42, 0, 0, 0
L 93, 309, 43, 83, 312, 43, 0, 0, 0
L 103, 310, 49, 93, 309, 43, 0, 0, 0
L 111, 310, 57, 103, 310, 49, 0, 0, 0
L 116, 303, 64, 111, 310, 57, 0, 0, 0
L 124, 294, 73, 116, 303, 64, 0, 0, 0
L 132, 289, 77, 124, 294, 73, 0, 0, 0
L 143, 287, 80, 132, 289, 77, 0, 0, 0
L 156, 286, 80, 143, 287, 80, 0, 0, 0
L 168, 281, 83, 156, 286, 80, 0, 0, 0
L 174, 280, 76, 168, 281, 83, 0, 0, 0
L 179, 274, 70, 174, 280, 76, 0, 0, 0
L 188, 269, 70, 179, 274, 70, 0, 0, 0
L 201, 266, 71, 188, 269, 70, 0, 0, 0
L 214, 263, 73, 201, 266, 71, 0, 0, 0
L 225, 260, 75, 214, 263, 73, 0, 0, 0
L 231, 255, 77, 225, 260, 75, 0, 0, 0
L 237, 250, 81, 231, 255, 77, 0, 0, 0
L 243, 244, 85, 237, 250, 81, 0, 0, 0
L 253, 240, 86, 243, 244, 85, 0, 0, 0
L 262, 235, 87, 253, 240, 86, 0, 0, 0
L 273, 235, 84, 262, 235, 87, 0, 0, 0
L 282, 241, 73, 273, 235, 84, 0, 0, 0
L 296, 242, 65, 282, 241, 73, 0, 0, 0
L 307, 245, 53, 296, 242, 65, 0, 0, 0
L 316, 249, 48, 307, 245, 53, 0, 0, 0
L 320, 250, 39, 316, 249, 48, 0, 0, 0
L 327, 245, 39, 320, 250, 39, 0, 0, 0
L 334, 238, 41, 327, 245, 39, 0, 0, 0
L 341, 231, 43, 334, 238, 41, 0, 0, 0
L 350, 225, 46, 341, 231, 43, 0, 0, 0
L 361, 222, 49, 350, 225, 46, 0, 0, 0
L 371, 222, 51, 361, 222, 49, 0, 0, 0
L 382, 224, 52, 371, 222, 51, 0, 0, 0
L 390, 228, 53, 382, 224, 52, 0, 0, 0
L 393, 235, 53, 390, 228, 53, 0, 0, 0
L 392, 241, 53, 393, 235, 53, 0, 0, 0
L 387, 249, 54, 392, 241, 53, 0, 0, 0
L 385, 257, 56, 387, 249, 54, 0, 0, 0
L 389, 262, 57, 385, 257, 56, 0, 0, 0
L 392, 263, 58, 389, 262, 57, 0, 0, 0
L 397, 263, 60, 392, 263, 58, 0, 0, 0
L 402, 261, 61, 397, 263, 60, 0, 0, 0
L 410, 260, 60, 402, 261, 61, 0, 0, 0
L 419, 264, 43, 410, 260, 60, 0, 0, 0
L 429, 266, 41, 419, 264, 43, 0, 0, 0
L 438, 267, 43, 429, 266, 41, 0, 0, 0
L 448, 270, 47, 438, 267, 43, 0, 0, 0
L 454, 274, 51, 448, 270, 47, 0, 0, 0
L 452, 280, 60, 454, 274, 51, 0, 0, 0
L 450, 286, 69, 452, 280, 60, 0, 0, 0
L 451, 292, 73, 450, 286, 69, 0, 0, 0
L 456, 294, 76, 451, 292, 73, 0, 0, 0
L 460, 294, 74, 456, 294, 76, 0, 0, 0
L 464, 294, 70, 460, 294, 74, 0, 0, 0
L 469, 293, 69, 464, 294, 70, 0, 0, 0
L 480, 290, 68, 469, 293, 69, 0, 0, 0
L 492, 291, 69, 480, 290, 68, 0, 0, 0
L 501, 291, 71, 492, 291, 69, 0, 0, 0
L 504, 289, 71, 501, 291, 71, 0, 0, 0
L 511, 286, 72, 504, 289, 71, 0, 0, 0
L 516, 283, 72, 511, 286, 72, 0, 0, 0
L 522, 280, 71, 516, 283, 72, 0, 0, 0
L 526, 277, 71, 522, 280, 71, 0, 0, 0
L 533, 270, 72, 526, 277, 71, 0, 0, 0
L 536, 265, 73, 533, 270, 72, 0, 0, 0
L 539, 259, 74, 536, 265, 73, 0, 0, 0
L 544, 248, 74, 539, 259, 74, 0, 0, 0
L 547, 243, 74, 544, 248, 74, 0, 0, 0
L 547, 237, 74, 547, 243, 74, 0, 0, 0
L 547, 225, 74, 547, 237, 74, 0, 0, 0
L 548, 214, 70, 547, 225, 74, 0, 0, 0
L 551, 200, 70, 548, 214, 70, 0, 0, 0
L 556, 187, 71, 551, 200, 70, 0, 0, 0
L 564, 178, 70, 556, 187, 71, 0, 0, 0
L 577, 170, 69, 564, 178, 70, 0, 0, 0
L 589, 162, 69, 577, 170, 69, 0, 0, 0
L 600, 160, 64, 589, 162, 68, 0, 0, 0
L 612, 162, 65, 600, 160, 64, 0, 0, 0
L 626, 165, 68, 612, 162, 65, 0, 0, 0
L 639, 171, 65, 626, 165, 68, 0, 0, 0
L 648, 175, 65, 639, 171, 65, 0, 0, 0
L 656, 174, 65, 648, 175, 65, 0, 0, 0
L 660, 173, 63, 656, 174, 65, 0, 0, 0
L 685, 168, 64, 702, 166, 63, 0, 0, 0
L 673, 170, 65, 685, 168, 64, 0, 0, 0
L 660, 173, 63, 673, 170, 65, 0, 0, 0
L 765, 94, 86, 767, 102, 83, 0, 0, 0
L 759, 86, 88, 765, 94, 86, 0, 0, 0
L 752, 75, 94, 759, 86, 88, 0, 0, 0
L 745, 69, 93, 752, 75, 94, 0, 0, 0
L 735, 60, 96, 745, 69, 93, 0, 0, 0
L 727, 56, 99, 735, 60, 96, 0, 0, 0
L 716, 49, 102, 727, 56, 99, 0, 0, 0
L 707, 41, 106, 716, 49, 102, 0, 0, 0
L 699, 39, 109, 707, 41, 106, 0, 0, 0
L 689, 40, 113, 699, 39, 109, 0, 0, 0
L 673, 40, 119, 689, 40, 112, 0, 0, 0
L 659, 40, 125, 673, 40, 118, 0, 0, 0
L 645, 41, 133, 659, 40, 125, 0, 0, 0
L 636, 44, 136, 645, 41, 133, 0, 0, 0
L 625, 49, 139, 636, 44, 136, 0, 0, 0
L 613, 55, 144, 625, 49, 139, 0, 0, 0
L 604, 58, 145, 613, 55, 144, 0, 0, 0
L 589, 39, 147, 604, 58, 145, 0, 0, 0
L 601, 19, 143, 589, 39, 147, 0, 0, 0
L 609, 15, 138, 601, 19, 143, 0, 0, 0
L 623, 9, 131, 609, 15, 137, 0, 0, 0
L 636, 3, 127, 623, 9, 131, 0, 0, 0
L 656, 3, 121, 636, 3, 127, 0, 0, 0
L 671, 3, 117, 656, 3, 121, 0, 0, 0
L 688, 2, 115, 671, 3, 117, 0, 0, 0
L 702, 3, 113, 688, 2, 115, 0, 0, 0
L 719, 9, 110, 702, 3, 113, 0, 0, 0
L 735, 16, 105, 719, 9, 110, 0, 0, 0
L 746, 23, 99, 735, 16, 105, 0, 0, 0
L 759, 31, 95, 746, 23, 99, 0, 0, 0
L 771, 40, 96, 759, 31, 95, 0, 0, 0
L 779, 50, 97, 771, 40, 96, 0, 0, 0
L 787, 60, 94, 779, 50, 97, 0, 0, 0
L 795, 74, 88, 787, 60, 94, 0, 0, 0
L 794, 84, 82, 795, 74, 88, 0, 0, 0
L 798, 91, 83, 794, 84, 82, 0, 0, 0
L 812, 94, 55, 798, 91, 53, 0, 0, 0
L 822, 96, 56, 812, 94, 55, 0, 0, 0
L 834, 103, 54, 822, 96, 56, 0, 0, 0
L 844, 106, 53, 834, 103, 54, 0, 0, 0
L 852, 104, 54, 844, 106, 53, 0, 0, 0
L 870, 106, 53, 852, 104, 54, 0, 0, 0
L 888, 112, 55, 870, 106, 53, 0, 0, 0
L 905, 115, 55, 888, 112, 55, 0, 0, 0
L 922, 127, 59, 905, 115, 55, 0, 0, 0
L 942, 146, 59, 922, 127, 59, 0, 0, 0
L 954, 164, 57, 942, 146, 59, 0, 0, 0
L 967, 175, 56, 954, 164, 57, 0, 0, 0
L 980, 193, 55, 967, 175, 56, 0, 0, 0
L 984, 208, 55, 980, 193, 55, 0, 0, 0
L 987, 230, 53, 984, 208, 55, 0, 0, 0
L 992, 249, 63, 987, 230, 53, 0, 0, 0
L 986, 271, 62, 992, 249, 63, 0, 0, 0
L 974, 285, 62, 986, 271, 62, 0, 0, 0
L 960, 296, 57, 974, 285, 62, 0, 0, 0
L 958, 306, 56, 960, 296, 57, 0, 0, 0
L 961, 314, 59, 958, 306, 56, 0, 0, 0
L 969, 322, 63, 961, 314, 59, 0, 0, 0
L 982, 333, 68, 969, 322, 63, 0, 0, 0
L 993, 346, 76, 982, 333, 68, 0, 0, 0
L 1006, 367, 80, 993, 346, 76, 0, 0, 0
L 1011, 390, 92, 1006, 367, 80, 0, 0, 0
L 1007, 401, 93, 1011, 390, 92, 0, 0, 0
L 1008, 404, 95, 1007, 401, 93, 0, 0, 0
L 1019, 406, 98, 1008, 404, 95, 0, 0, 0
L 1032, 414, 98, 1019, 406, 97, 0, 0, 0
L 1053, 428, 101, 1032, 414, 98, 0, 0, 0
L 1063, 441, 105, 1053, 428, 101, 0, 0, 0
L 1071, 459, 112, 1063, 441, 105, 0, 0, 0
L 1080, 476, 118, 1071, 459, 112, 0, 0, 0
L 1084, 493, 119, 1080, 476, 117, 0, 0, 0
L 1089, 518, 124, 1084, 493, 119, 0, 0, 0
L 1085, 539, 128, 1089, 518, 124, 0, 0, 0
L 1085, 557, 134, 1085, 539, 128, 0, 0, 0
L 1082, 575, 139, 1085, 557, 134, 0, 0, 0
L 1074, 588, 144, 1082, 575, 139, 0, 0, 0
L 1065, 604, 150, 1074, 588, 144, 0, 0, 0
L 1053, 614, 155, 1065, 604, 150, 0, 0, 0
L 1043, 617, 158, 1053, 614, 155, 0, 0, 0
L 1024, 601, 162, 1043, 617, 158, 0, 0, 0
L 1025, 601, 158, 1024, 601, 162, 0, 0, 0
L 1027, 593, 154, 1025, 601, 158, 0, 0, 0
L 1038, 575, 148, 1027, 593, 153, 0, 0, 0
L 1046, 564, 142, 1038, 575, 148, 0, 0, 0
L 1048, 543, 131, 1046, 564, 142, 0, 0, 0
L 1050, 524, 127, 1048, 543, 131, 0, 0, 0
L 1052, 509, 120, 1050, 524, 127, 0, 0, 0
L 1051, 500, 117, 1052, 509, 119, 0, 0, 0
L 1041, 486, 112, 1051, 500, 116, 0, 0, 0
L 1036, 472, 109, 1041, 486, 112, 0, 0, 0
L 1022, 453, 109, 1036, 472, 109, 0, 0, 0
L 1019, 451, 105, 1022, 453, 109, 0, 0, 0
L 1009, 441, 98, 1019, 451, 105, 0, 0, 0
L 1000, 433, 93, 1009, 441, 98, 0, 0, 0
L 995, 428, 81, 1000, 433, 93, 0, 0, 0
L 992, 433, 77, 995, 428, 81, 0, 0, 0
L 974, 437, 75, 992, 433, 77, 0, 0, 0
L 962, 426, 60, 974, 437, 75, 0, 0, 0
L 955, 415, 51, 962, 426, 59, 0, 0, 0
L 947, 406, 40, 955, 415, 51, 0, 0, 0
L 941, 406, 33, 947, 406, 40, 0, 0, 0
L 933, 413, 32, 941, 406, 33, 0, 0, 0
L 923, 422, 33, 933, 413, 32, 0, 0, 0
L 918, 437, 33, 923, 422, 33, 0, 0, 0
L 917, 449, 33, 918, 437, 33, 0, 0, 0
L 918, 458, 35, 917, 449, 33, 0, 0, 0
L 920, 472, 39, 918, 458, 35, 0, 0, 0
L 914, 490, 37, 920, 472, 39, 0, 0, 0
L 895, 505, 42, 914, 490, 37, 0, 0, 0
L 888, 520, 43, 895, 505, 42, 0, 0, 0
L 876, 534, 48, 888, 520, 43, 0, 0, 0
L 856, 545, 52, 876, 534, 48, 0, 0, 0
L 831, 549, 55, 856, 545, 52, 0, 0, 0
L 807, 549, 56, 831, 549, 55, 0, 0, 0
L 783, 548, 54, 807, 549, 56, 0, 0, 0
L 764, 540, 43, 783, 548, 54, 0, 0, 0
L 756, 537, 43, 764, 540, 43, 0, 0, 0
L 751, 526, 38, 756, 537, 43, 0, 0, 0
L 742, 518, 36, 751, 526, 38, 0, 0, 0
L 728, 515, 41, 742, 518, 36, 0, 0, 0
L 711, 512, 44, 728, 515, 41, 0, 0, 0
L 697, 509, 47, 711, 512, 44, 0, 0, 0
L 692, 498, 50, 697, 509, 47, 0, 0, 0
L 690, 478, 54, 692, 498, 50, 0, 0, 0
L 687, 460, 56, 690, 478, 54, 0, 0, 0
L 683, 448, 60, 687, 460, 56, 0, 0, 0
L 676, 440, 60, 683, 448, 60, 0, 0, 0
L 669, 429, 67, 676, 440, 60, 0, 0, 0
L 663, 415, 75, 669, 429, 67, 0, 0, 0
L 660, 400, 81, 663, 415, 75, 0, 0, 0
L 660, 380, 87, 660, 400, 81, 0, 0, 0
L 666, 365, 79, 660, 380, 87, 0, 0, 0
L 667, 327, 67, 666, 365, 78, 0, 0, 0
L 672, 295, 37, 676, 307, 38, 0, 0, 0
L 666, 288, 38, 672, 295, 37, 0, 0, 0
L 657, 280, 40, 666, 288, 38, 0, 0, 0
L 649, 273, 43, 657, 280, 40, 0, 0, 0
L 640, 265, 44, 649, 273, 43, 0, 0, 0
L 635, 255, 45, 640, 265, 44, 0, 0, 0
L 632, 248, 48, 635, 255, 45, 0, 0, 0
L 630, 237, 49, 632, 248, 48, 0, 0, 0
L 631, 224, 49, 630, 237, 49, 0, 0, 0
L 633, 214, 49, 631, 224, 49, 0, 0, 0
L 641, 204, 51, 633, 214, 49, 0, 0, 0
L 657, 200, 54, 641, 204, 51, 0, 0, 0
L 670, 204, 56, 657, 200, 54, 0, 0, 0
L 682, 207, 57, 670, 204, 56, 0, 0, 0
L 689, 207, 57, 682, 207, 57, 0, 0, 0
L 695, 207, 58, 689, 207, 57, 0, 0, 0
L 699, 203, 60, 695, 207, 58, 0, 0, 0
L 699, 186, 62, 699, 203, 60, 0, 0, 0
L 681, 194, 67, 699, 186, 68, 0, 0, 0
L 669, 197, 66, 681, 194, 67, 0, 0, 0
L 657, 198, 66, 669, 197, 66, 0, 0, 0
L 642, 197, 68, 657, 198, 66, 0, 0, 0
L 631, 195, 66, 642, 197, 68, 0, 0, 0
L 621, 189, 66, 631, 195, 66, 0, 0, 0
L 612, 185, 64, 621, 189, 65, 0, 0, 0
L 603, 185, 66, 612, 185, 64, 0, 0, 0
L 595, 185, 68, 603, 185, 66, 0, 0, 0
L 586, 189, 69, 595, 185, 68, 0, 0, 0
L 580, 195, 68, 586, 189, 68, 0, 0, 0
L 575, 202, 69, 580, 195, 68, 0, 0, 0
L 574, 205, 68, 575, 202, 69, 0, 0, 0
L 572, 214, 70, 574, 205, 68, 0, 0, 0
L 572, 222, 71, 572, 214, 70, 0, 0, 0
L 571, 235, 73, 572, 222, 71, 0, 0, 0
L 569, 247, 76, 571, 235, 73, 0, 0, 0
L 567, 256, 74, 569, 247, 76, 0, 0, 0
L 561, 268, 71, 567, 256, 74, 0, 0, 0
L 554, 281, 72, 561, 268, 71, 0, 0, 0
L 545, 292, 72, 554, 281, 72, 0, 0, 0
L 535, 297, 70, 545, 292, 72, 0, 0, 0
L 501, 315, 67, 507, 313, 66, 0, 0, 0
L 493, 315, 66, 501, 315, 67, 0, 0, 0
L 484, 315, 67, 493, 315, 66, 0, 0, 0
L 473, 317, 71, 484, 315, 67, 0, 0, 0
L 470, 320, 70, 473, 317, 71, 0, 0, 0
L 466, 323, 68, 470, 320, 70, 0, 0, 0
L 464, 324, 52, 466, 323, 68, 0, 0, 0
L 461, 334, 52, 464, 324, 52, 0, 0, 0
L 455, 344, 52, 461, 334, 52, 0, 0, 0
L 456, 350, 53, 455, 344, 52, 0, 0, 0
L 457, 357, 53, 456, 350, 53, 0, 0, 0
L 451, 369, 55, 457, 357, 53, 0, 0, 0
L 449, 381, 56, 451, 369, 55, 0, 0, 0
L 443, 389, 58, 449, 381, 56, 0, 0, 0
L 433, 399, 58, 443, 389, 58, 0, 0, 0
L 418, 408, 57, 433, 399, 58, 0, 0, 0
L 408, 417, 56, 418, 408, 57, 0, 0, 0
L 399, 424, 56, 408, 417, 56, 0, 0, 0
L 383, 427, 56, 399, 424, 56, 0, 0, 0
L 375, 427, 50, 383, 427, 55, 0, 0, 0
L 361, 430, 53, 375, 427, 50, 0, 0, 0
L 349, 430, 52, 361, 430, 53, 0, 0, 0
L 338, 425, 54, 349, 430, 52, 0, 0, 0
L 333, 420, 53, 338, 425, 54, 0, 0, 0
L 326, 411, 51, 333, 420, 53, 0, 0, 0
L 318, 411, 47, 326, 411, 51, 0, 0, 0
L 312, 413, 50, 318, 411, 47, 0, 0, 0
L 306, 418, 53, 312, 413, 50, 0, 0, 0
L 299, 425, 57, 306, 418, 53, 0, 0, 0
L 292, 433, 61, 299, 425, 57, 0, 0, 0
L 282, 438, 64, 292, 433, 61, 0, 0, 0
L 274, 442, 70, 282, 438, 64, 0, 0, 0
L 261, 443, 80, 274, 442, 70, 0, 0, 0
L 256, 442, 82, 261, 443, 80, 0, 0, 0
L 251, 441, 83, 256, 442, 82, 0, 0, 0
L 248, 444, 84, 251, 441, 83, 0, 0, 0
L 248, 449, 86, 248, 444, 84, 0, 0, 0
L 243, 456, 86, 248, 449, 85, 0, 0, 0
L 236, 464, 86, 243, 456, 85, 0, 0, 0
L 226, 472, 90, 236, 464, 86, 0, 0, 0
L 215, 477, 93, 226, 472, 90, 0, 0, 0
L 204, 482, 98, 215, 477, 93, 0, 0, 0
L 194, 485, 99, 204, 482, 98, 0, 0, 0
L 176, 488, 101, 194, 485, 99, 0, 0, 0
L 163, 487, 104, 176, 488, 101, 0, 0, 0
L 149, 486, 107, 163, 487, 104, 0, 0, 0
L 141, 486, 108, 149, 486, 107, 0, 0, 0
L 131, 483, 112, 141, 486, 108, 0, 0, 0
L 124, 480, 117, 131, 483, 112, 0, 0, 0
L 113, 475, 121, 124, 480, 117, 0, 0, 0
L 107, 469, 124, 113, 475, 121, 0, 0, 0
L 105, 466, 124, 107, 469, 124, 0, 0, 0
L 104, 462, 126, 105, 466, 124, 0, 0, 0
L 110, 458, 124, 104, 462, 126, 0, 0, 0
L 115, 452, 125, 110, 458, 124, 0, 0, 0
L 123, 455, 121, 115, 452, 125, 0, 0, 0
L 132, 459, 118, 123, 455, 121, 0, 0, 0
L 140, 464, 114, 132, 459, 118, 0, 0, 0
L 148, 465, 109, 140, 464, 114, 0, 0, 0
L 159, 466, 106, 148, 465, 109, 0, 0, 0
L 169, 466, 103, 159, 466, 106, 0, 0, 0
L 181, 468, 98, 169, 466, 103, 0, 0, 0
L 185, 466, 97, 181, 468, 98, 0, 0, 0
L 198, 459, 93, 185, 466, 96, 0, 0, 0
L 208, 455, 91, 198, 459, 93, 0, 0, 0
L 217, 450, 92, 208, 455, 91, 0, 0, 0
L 219, 447, 88, 217, 450, 92, 0, 0, 0
L 224, 442, 86, 219, 447, 88, 0, 0, 0
L 229, 438, 83, 224, 442, 86, 0, 0, 0
L 229, 433, 83, 229, 438, 83, 0, 0, 0
L 225, 427, 83, 229, 433, 83, 0, 0, 0
L 224, 417, 82, 225, 427, 83, 0, 0, 0
L 229, 408, 78, 224, 417, 82, 0, 0, 0
L 231, 401, 75, 229, 408, 78, 0, 0, 0
L 228, 397, 72, 231, 401, 75, 0, 0, 0
L 220, 393, 73, 228, 397, 72, 0, 0, 0
L 214, 388, 71, 220, 393, 73, 0, 0, 0
L 206, 389, 45, 214, 388, 42, 0, 0, 0
L 196, 388, 41, 206, 389, 45, 0, 0, 0
L 190, 385, 41, 196, 388, 41, 0, 0, 0
L 184, 378, 40, 190, 385, 41, 0, 0, 0
L 178, 375, 40, 184, 378, 40, 0, 0, 0
L 173, 374, 39, 178, 375, 40, 0, 0, 0
L 165, 370, 39, 173, 374, 39, 0, 0, 0
L 163, 365, 39, 165, 370, 38, 0, 0, 0
L 163, 360, 37, 163, 365, 39, 0, 0, 0
L 161, 357, 38, 163, 360, 37, 0, 0, 0
L 158, 356, 38, 161, 357, 38, 0, 0, 0
L 153, 356, 38, 158, 356, 38, 0, 0, 0
L 146, 357, 39, 153, 356, 38, 0, 0, 0
L 136, 358, 39, 146, 357, 39, 0, 0, 0
L 123, 354, 42, 136, 358, 39, 0, 0, 0
L 115, 347, 45, 123, 354, 42, 0, 0, 0
L 112, 343, 45, 115, 347, 44, 0, 0, 0
L 109, 337, 44, 112, 343, 45, 0, 0, 0
L 104, 336, 42, 109, 337, 43, 0, 0, 0
L 97, 337, 38, 104, 336, 42, 0, 0, 0
L 86, 339, 38, 97, 337, 38, 0, 0, 0
L 76, 342, 39, 86, 339, 38, 0, 0, 0
L 63, 339, 41, 76, 342, 39, 0, 0, 0
L 53, 337, 43, 63, 339, 41, 0, 0, 0
L 45, 335, 43, 53, 337, 42, 0, 0, 0
L 34, 334, 43, 45, 335, 42, 0, 0, 0
L 21, 328, 40, 34, 334, 43, 0, 0, 0
L 8, 321, 39, 21, 328, 39, 0, 0, 0
L 1, 311, 44, 8, 321, 39, 0, 0, 0
L -8, 301, 48, 1, 311, 44, 0, 0, 0
L -15, 289, 49, -8, 301, 48, 0, 0, 0
L -19, 280, 49, -15, 289, 49, 0, 0, 0
L -22, 269, 49, -19, 280, 49, 0, 0, 0
L -22, 259, 44, -22, 269, 49, 0, 0, 0
L -22, 246, 42, -22, 259, 44, 0, 0, 0
L -22, 235, 42, -22, 246, 42, 0, 0, 0
L -19, 224, 42, -22, 235, 42, 0, 0, 0
L -14, 214, 38, -19, 224, 41, 0, 0, 0
L -8, 208, 36, -14, 214, 38, 0, 0, 0
L 0, 198, 35, -8, 208, 36, 0, 0, 0
L 4, 194, 31, 0, 198, 35, 0, 0, 0
L 11, 189, 27, 4, 194, 31, 0, 0, 0
L 21, 181, 26, 11, 189, 27, 0, 0, 0
L 26, 179, 25, 21, 181, 26, 0, 0, 0
L 30, 176, 23, 26, 179, 25, 0, 0, 0
L 36, 171, 22, 30, 176, 23, 0, 0, 0
L 40, 165, 22, 36, 171, 22, 0, 0, 0
L 43, 159, 23, 40, 165, 22, 0, 0, 0
L 44, 154, 22, 43, 159, 23, 0, 0, 0
L 46, 148, 22, 44, 154, 22, 0, 0, 0
L 45, 140, 22, 46, 148, 22, 0, 0, 0
L 41, 132, 19, 45, 140, 22, 0, 0, 0
L 35, 123, 19, 41, 132, 19, 0, 0, 0
L 26, 117, 19, 35, 123, 19, 0, 0, 0
L 17, 111, 19, 26, 117, 19, 0, 0, 0
L 10, 106, 23, 17, 111, 19, 0, 0, 0
L 4, 97, 21, 10, 106, 23, 0, 0, 0
L -2, 86, 20, 4, 97, 21, 0, 0, 0
L -7, 75, 21, -2, 86, 20, 0, 0, 0
L -9, 67, 21, -7, 75, 21, 0, 0, 0
L -12, 57, 19, -9, 67, 21, 0, 0, 0
L -13, 49, 19, -12, 57, 19, 0, 0, 0
L -18, 30, 50, -24, 26, 50, 0, 0, 0
L -8, 39, 18, -18, 30, 50, 0, 0, 0
L -11, 42, 20, -8, 39, 18, 0, 0, 0
L -13, 49, 21, -11, 42, 20, 0, 0, 0
L 7, 36, 10, 10, 35, 9, 0, 0, 0
L 8, 39, 17, 7, 36, 10, 0, 0, 0
L 10, 42, 17, 8, 39, 16, 0, 0, 0
L 13, 48, 18, 10, 42, 17, 0, 0, 0
L 17, 61, 18, 13, 48, 18, 0, 0, 0
L 20, 71, 16, 17, 61, 18, 0, 0, 0
L 25, 82, 19, 20, 71, 16, 0, 0, 0
L 18, 31, 49, 10, 35, 50, 0, 0, 0
L 27, 23, 42, 19, 31, 48, 0, 0, 0
L 34, 13, 29, 27, 23, 42, 0, 0, 0
L 39, 8, 17, 34, 13, 29, 0, 0, 0
L 48, 12, 15, 39, 8, 16, 0, 0, 0
L 58, 17, 14, 48, 12, 15, 0, 0, 0
L 68, 21, 12, 58, 17, 14, 0, 0, 0
L 78, 27, 5, 68, 21, 12, 0, 0, 0
L 82, 36, 6, 78, 27, 5, 0, 0, 0
L 33, -15, 17, 31, -18, 18, 0, 0, 0
L 34, -12, 16, 33, -15, 17, 0, 0, 0
L 36, -9, 16, 34, -12, 16, 0, 0, 0
L 39, -8, 17, 36, -9, 16, 0, 0, 0
L 72, -7, 17, 84, 0, 12, 0, 0, 0
L 53, -12, 18, 72, -7, 17, 0, 0, 0
L 39, -8, 17, 53, -12, 18, 0, 0, 0
L -25, 25, 50, -22, 28, 50, 0, 0, 0
L -29, 21, 50, -25, 25, 50, 0, 0, 0
L -33, 14, 50, -29, 21, 50, 0, 0, 0
L -36, 5, 50, -33, 14, 50, 0, 0, 0
L -36, -2, 50, -36, 5, 50, 0, 0, 0
L -33, -14, 50, -36, -2, 50, 0, 0, 0
L -32, -17, 50, -33, -14, 50, 0, 0, 0
L -25, -25, 50, -32, -17, 50, 0, 0, 0
L -17, -31, 50, -25, -25, 49, 0, 0, 0
L -11, -34, 50, -17, -31, 50, 0, 0, 0
L 2, -36, 50, -11, -34, 50, 0, 0, 0
L 19, -30, 50, 2, -36, 50, 0, 0, 0
L 31, -18, 50, 19, -30, 50, 0, 0, 0
L 706, 145, 30, 702, 166, 35, 0, 0, 0
L 710, 124, 35, 706, 145, 30, 0, 0, 0
L 719, 106, 40, 710, 124, 35, 0, 0, 0
L 737, 99, 40, 719, 106, 40, 0, 0, 0
L 767, 102, 41, 737, 99, 40, 0, 0, 0
