L 1000.0000, 0.0000, 0.0000,  1000.0000, -50.0000, 0.0000,  255, 0, 0
L -20.0000, 50.0000, 0.0000,  -50.0000, 20.0000, 0.0000,  255, 0, 0
L 50.0000, 20.0000, 0.0000,  20.0000, 50.0000, 0.0000,  255, 0, 0
L 20.0000, -50.0000, 0.0000,  50.0000, -20.0000, 0.0000,  255, 0, 0
L -50.0000, -20.0000, 0.0000,  -20.0000, -50.0000, 0.0000,  255, 0, 0
L -50.0000, 20.0000, 0.0000,  -50.0000, -20.0000, 0.0000,  255, 0, 0
L 20.0000, 50.0000, 0.0000,  -20.0000, 50.0000, 0.0000,  255, 0, 0
L 50.0000, -20.0000, 0.0000,  50.0000, 20.0000, 0.0000,  255, 0, 0
L -20.0000, -50.0000, 0.0000,  20.0000, -50.0000, 0.0000,  255, 0, 0
L 580.0000, -20.0000, 0.0000,  540.0000, -20.0000, 0.0000,  255, 0, 0
L 580.0000, -90.0000, 0.0000,  580.0000, -20.0000, 0.0000,  255, 0, 0
L 540.0000, -90.0000, 0.0000,  580.0000, -90.0000, 0.0000,  255, 0, 0
L 540.0000, -20.0000, 0.0000,  540.0000, -90.0000, 0.0000,  255, 0, 0
L 520.0000, -20.0000, 0.0000,  480.0000, -20.0000, 0.0000,  255, 0, 0
L 520.0000, -90.0000, 0.0000,  520.0000, -20.0000, 0.0000,  255, 0, 0
L 480.0000, -90.0000, 0.0000,  520.0000, -90.0000, 0.0000,  255, 0, 0
L 480.0000, -20.0000, 0.0000,  480.0000, -90.0000, 0.0000,  255, 0, 0
L 460.0000, -90.0000, 0.0000,  450.0000, -80.0000, 0.0000,  255, 0, 0
L 460.0000, -20.0000, 0.0000,  460.0000, -90.0000, 0.0000,  255, 0, 0
L 0.0000, -250.0000, 0.0000,  0.0000, 250.0000, 0.0000,  255, 0, 0
L -250.0000, 0.0000, 0.0000,  1000.0000, 0.0000, 0.0000,  255, 0, 0
L -120.0000, -80.0000, 0.0000,  -120.0000, -60.0000, 0.0000,  255, 0, 0
L -120.0000, -60.0000, 0.0000,  -120.0000, -40.0000, 0.0000,  255, 0, 0
L -100.0000, -60.0000, 0.0000,  -120.0000, -60.0000, 0.0000,  255, 0, 0
L -120.0000, -60.0000, 0.0000,  -140.0000, -60.0000, 0.0000,  255, 0, 0
L -90.0000, -50.0000, 0.0000,  -100.0000, -30.0000, 0.0000,  255, 0, 0
L -60.0000, -80.0000, 0.0000,  -60.0000, -60.0000, 0.0000,  255, 0, 0
L -60.0000, -60.0000, 0.0000,  -60.0000, -40.0000, 0.0000,  255, 0, 0
L -40.0000, -60.0000, 0.0000,  -60.0000, -60.0000, 0.0000,  255, 0, 0
L -60.0000, -60.0000, 0.0000,  -80.0000, -60.0000, 0.0000,  255, 0, 0
L 100.0000, 60.0000, 0.0000,  120.0000, 60.0000, 0.0000,  255, 0, 0
L 120.0000, 60.0000, 0.0000,  140.0000, 60.0000, 0.0000,  255, 0, 0
L 90.0000, 70.0000, 0.0000,  80.0000, 90.0000, 0.0000,  255, 0, 0
L 40.0000, 60.0000, 0.0000,  60.0000, 60.0000, 0.0000,  255, 0, 0
L 60.0000, 60.0000, 0.0000,  80.0000, 60.0000, 0.0000,  255, 0, 0
L -100.0000, 60.0000, 0.0000,  -120.0000, 60.0000, 0.0000,  255, 0, 0
L -120.0000, 60.0000, 0.0000,  -140.0000, 60.0000, 0.0000,  255, 0, 0
L -90.0000, 70.0000, 0.0000,  -100.0000, 90.0000, 0.0000,  255, 0, 0
L -60.0000, 80.0000, 0.0000,  -60.0000, 60.0000, 0.0000,  255, 0, 0
L -60.0000, 60.0000, 0.0000,  -60.0000, 40.0000, 0.0000,  255, 0, 0
L -40.0000, 60.0000, 0.0000,  -60.0000, 60.0000, 0.0000,  255, 0, 0
L -60.0000, 60.0000, 0.0000,  -80.0000, 60.0000, 0.0000,  255, 0, 0
L 100.0000, -60.0000, 0.0000,  120.0000, -60.0000, 0.0000,  255, 0, 0
L 120.0000, -60.0000, 0.0000,  140.0000, -60.0000, 0.0000,  255, 0, 0
L 90.0000, -50.0000, 0.0000,  80.0000, -30.0000, 0.0000,  255, 0, 0
L 60.0000, -80.0000, 0.0000,  60.0000, -60.0000, 0.0000,  255, 0, 0
L 60.0000, -60.0000, 0.0000,  60.0000, -40.0000, 0.0000,  255, 0, 0
L 40.0000, -60.0000, 0.0000,  60.0000, -60.0000, 0.0000,  255, 0, 0
L 60.0000, -60.0000, 0.0000,  80.0000, -60.0000, 0.0000,  255, 0, 0
L 599.0000, -90.0000, 0.0000,  637.3000, -90.0000, 0.0000,  255, 0, 0
L 599.0000, -20.0000, 0.0000,  637.3000, -20.0000, 0.0000,  255, 0, 0
L 599.0000, -90.0000, 0.0000,  599.0000, -20.0000, 0.0000,  255, 0, 0
L 637.3000, -90.0000, 0.0000,  637.3000, -20.0000, 0.0000,  255, 0, 0
P -100.0000, 5800.0000, 0.0000,  0, 0, 0,  2,  Revised_Map:_Brewall_Rainsiger_(Cazic-Thule)
P -100.0000, 6000.0000, 0.0000,  0, 0, 0,  2,  http://www.eqmaps.info
P -100.0000, 6200.0000, 0.0000,  0, 0, 0,  2,  Return_of_the_Exiled_(www.roteguild.org)
P -100.0000, 6400.0000, 0.0000,  240, 127, 0,  2,  Amcilla
P -100.0000, 6600.0000, 0.0000,  240, 127, 0,  2,  Atpaev
P -100.0000, 6800.0000, 0.0000,  240, 127, 0,  2,  Ayillish
P -100.0000, 7000.0000, 0.0000,  240, 127, 0,  2,  Bratavar
P -100.0000, 7200.0000, 0.0000,  240, 127, 0,  2,  Bufa
P -100.0000, 7400.0000, 0.0000,  240, 127, 0,  2,  Cargalia
P -100.0000, 7600.0000, 0.0000,  240, 127, 0,  2,  Crial
P -100.0000, 7800.0000, 0.0000,  240, 127, 0,  2,  Del_Sapara
P -100.0000, 8000.0000, 0.0000,  240, 127, 0,  2,  Derasinal
P -100.0000, 8200.0000, 0.0000,  240, 127, 0,  2,  Draazak
P -100.0000, 8400.0000, 0.0000,  240, 127, 0,  2,  Entariz
P -100.0000, 8600.0000, 0.0000,  240, 127, 0,  2,  Esorpa_of_the_Ring
P -100.0000, 8800.0000, 0.0000,  240, 127, 0,  2,  Gafala
P -100.0000, 9000.0000, 0.0000,  240, 127, 0,  2,  Gangel
P -100.0000, 9200.0000, 0.0000,  240, 127, 0,  2,  Glati
P -100.0000, 9400.0000, 0.0000,  240, 127, 0,  2,  Harla_Dar
P -100.0000, 9600.0000, 0.0000,  240, 127, 0,  2,  Hechaeva
P -100.0000, 9800.0000, 0.0000,  240, 127, 0,  2,  Honvar
P -100.0000, 10000.0000, 0.0000,  240, 127, 0,  2,  Ionat
P -100.0000, 10200.0000, 0.0000,  240, 127, 0,  2,  Jen_Sapara
P -100.0000, 10400.0000, 0.0000,  240, 127, 0,  2,  Jerigozia
P -100.0000, 10600.0000, 0.0000,  240, 127, 0,  2,  Kar_Sapara
P -100.0000, 10800.0000, 0.0000,  240, 127, 0,  2,  Karkona
P -100.0000, 11000.0000, 0.0000,  240, 127, 0,  2,  Klandicar
P -100.0000, 11200.0000, 0.0000,  240, 127, 0,  2,  Linbrak
P -100.0000, 11400.0000, 0.0000,  240, 127, 0,  2,  Makala
P -100.0000, 11600.0000, 0.0000,  240, 127, 0,  2,  Mav_Sapara
P -100.0000, 11800.0000, 0.0000,  240, 127, 0,  2,  Mazi
P -100.0000, 12000.0000, 0.0000,  240, 127, 0,  2,  Melalafen
P -100.0000, 12200.0000, 0.0000,  240, 127, 0,  2,  Mraaka
P -100.0000, 12400.0000, 0.0000,  240, 127, 0,  2,  Myga
P -100.0000, 12600.0000, 0.0000,  240, 127, 0,  2,  Neodla
P -100.0000, 12800.0000, 0.0000,  240, 127, 0,  2,  Nintal
P -100.0000, 13000.0000, 0.0000,  240, 127, 0,  2,  Onava
P -100.0000, 13200.0000, 0.0000,  240, 127, 0,  2,  Pantrilla
P -100.0000, 13400.0000, 0.0000,  240, 127, 0,  2,  Quoza
P -100.0000, 13600.0000, 0.0000,  240, 127, 0,  2,  Rak_Sapara
P -100.0000, 13800.0000, 0.0000,  240, 127, 0,  2,  Sivar
P -100.0000, 14000.0000, 0.0000,  240, 127, 0,  2,  Sontalak
P -100.0000, 14200.0000, 0.0000,  240, 127, 0,  2,  Tsiraka
P -100.0000, 14400.0000, 0.0000,  240, 127, 0,  2,  Uiliak
P -100.0000, 14600.0000, 0.0000,  240, 127, 0,  2,  Veradenia
P -100.0000, 14800.0000, 0.0000,  240, 127, 0,  2,  Vitaela
P -100.0000, 15000.0000, 0.0000,  240, 127, 0,  2,  Von
P -100.0000, 15200.0000, 0.0000,  240, 127, 0,  2,  Vraptin
P -100.0000, 15400.0000, 0.0000,  240, 127, 0,  2,  Yal
P -100.0000, 15600.0000, 0.0000,  240, 127, 0,  2,  Yeldema
P -100.0000, 15800.0000, 0.0000,  240, 127, 0,  2,  Zil_Sapara
P -100.0000, 16000.0000, 0.0000,  127, 64, 0,  2,  Icehackle
P -100.0000, 16200.0000, 0.0000,  127, 64, 0,  2,  Strong_Horn
P -100.0000, 16400.0000, 0.0000,  127, 64, 0,  2,  Tantor
