P 1176.5282, 159.9770, 1.9230, 255, 0, 0, 3, to_Pillars_of_Alara
P -940.7350, -1173.1746, -2.1917, 255, 255, 255, 2, 1st_sentry_stone
P -745.0942, -2236.7722, -46.8824, 255, 255, 255, 2, 2nd_sentry_stone
P 774.0076, -2063.5745, -29.0859, 255, 255, 255, 2, 3rd_sentry_stone
P 715.3240, -991.4169, -30.4884, 255, 255, 255, 2, 4th_sentry_stone
P -549.6007, -1458.5874, -77.1326, 240, 240, 0, 2, Hole-No_Way_Out
P -356.8755, -1913.1429, -88.8939, 240, 240, 0, 2, Hole-No_Way_Out
P 1142.3848, -3362.7585, -28.6439, 0, 0, 240, 1, Flute_update
P -1052.1123, -3265.1001, -28.6826, 0, 0, 240, 1, Flute_update
P -19.5615, 149.5601, -38.1402, 0, 0, 240, 1, Flute_update
P 170.7497, -23.6088, -37.1573, 0, 128, 128, 2, Gibbledon_Cogboggle(Quest)
P -1168.0803, -2111.5505, -43.0680, 0, 128, 128, 2, Kolain_(Quest)
P -925.0093, -2688.0688, -34.4201, 0, 128, 128, 2, Wasinai_(Quest)
P 796.5517, -661.4725, -45.4305, 0, 128, 128, 2, Wilmina_(Quest)
P 159.4718, -2244.5439, 17.4383, 0, 128, 128, 2, Kiroptik_(Quest)
P -752.9109, 422.4737, -27.6394, 0, 127, 127, 2, Clusterchord_(Quest)
P 643.1738, -1324.8424, 35.7867, 0, 127, 127, 2, Hykast_the_Tone-Deaf_(Quest)
P 1304.9038, -863.7440, -41.0539, 0, 127, 127, 2, a_cacophony_of_sound_(Quest)
P 164.9157, -658.0432, -35.8967, 0, 127, 127, 2, a_distraught_worshipper_(Quest)
P 1651.7563, -227.0889, -23.5656, 0, 240, 240, 2, General_Terasal_(Raid,Mission)
P 442.2882, -2415.5769, -29.7604, 0, 0, 0, 2, an_escaped_swinetor_prisoner
P 13.8518, -1743.7998, 62.2021, 127, 64, 0, 2, Unvoiced_Brute_(Hunter)
P -189.8799, -737.3517, -6.0477, 128, 64, 0, 2, A_Fleetfooted_Braxi_(Hunter)
P 475.4265, -1475.4063, 34.8750, 128, 64, 0, 2, Breezeglider_(Hunter)
P -1028.2551, -3318.8433, -28.4321, 128, 64, 0, 2, Riffmaz_the_Flute_Master_(Hunter,Roam)
P -2066.6443, -1777.6487, -10.9169, 128, 64, 0, 2, Saduulj_Tserpir_(Hunter)
P -1279.3702, -261.9767, -20.8942, 128, 64, 0, 2, The_Forlorn_Drummer_(Hunter)
P -27.0957, -1071.0222, -24.0657, 128, 64, 0, 2, The_Windrunner_(Hunter)
P 155.0027, -1409.4684, 62.1820, 128, 64, 0, 2, The_Hornmaster_(Hunter)
P 471.3199, -1129.2919, 28.8188, 240, 240, 240, 2, a_battered_sentry_stone
P 1460.8925, -231.4755, -26.1696, 240, 240, 240, 1, T
P 1909.8496, -1320.1284, -21.3930, 240, 240, 240, 1, T
P -807.0206, -3485.4568, -21.8627, 240, 240, 240, 1, T
P -1287.6820, -3076.8462, -29.3975, 240, 240, 240, 1, T
P 1288.0502, -3044.3132, -26.5810, 240, 240, 240, 1, T
P 1533.5121, -1933.1643, -22.4108, 240, 240, 240, 1, T
P 466.5300, -722.6722, -21.5952, 240, 240, 240, 1, T
P 155.2894, -670.7534, -25.5501, 240, 240, 240, 1, T
P -187.7205, -553.7397, -50.1601, 240, 240, 240, 1, T
P 538.9770, 486.7859, -24.7006, 240, 240, 240, 1, T
P 887.8098, -755.9221, -31.7693, 240, 240, 240, 1, T
P 950.2858, -1350.6344, -32.7104, 240, 240, 240, 1, T
P 941.4660, -1998.9127, -36.4861, 240, 240, 240, 1, T
P 619.9176, -2198.8252, -16.2731, 240, 240, 240, 1, T
P -549.6996, 199.0496, -29.7079, 240, 240, 240, 1, T
P -986.0574, 32.6875, -25.4403, 240, 240, 240, 1, T
P -809.5741, 458.0426, -28.9974, 240, 240, 240, 1, T
P -1995.0000, -1290.0000, -32.7816, 240, 240, 240, 1, T
P -1012.4879, -910.0316, -40.0625, 240, 240, 240, 1, T
P -844.4003, -1268.0583, 19.6467, 240, 240, 240, 1, T
P -1001.2231, -1443.6488, -1.8346, 240, 240, 240, 1, T
P -917.2269, -1989.4878, -34.3473, 240, 240, 240, 1, T
P -665.6948, -2332.7769, -50.0787, 240, 240, 240, 1, T
P 346.0249, -2532.7441, -34.1879, 240, 240, 240, 1, T
P -334.9916, -2496.2917, -35.7584, 240, 240, 240, 1, T
P 40.7093, -2633.7124, -35.5473, 240, 240, 240, 1, T
P -2084.7883, -1804.7858, -7.3840, 240, 240, 240, 1, T
P 1417.4510, -1408.5715, -37.7743, 127, 64, 0, 2, The_Conductor_(Hunter)
P -1412.0862, -1427.4917, -31.1228, 127, 64, 0, 2, Stormcaller_(Hunter)