P 959.0000, -1537.0000, -350.4775,  255, 0, 0,  3,  to_Kod'Taz,_Broken_Trial_Grounds
P -1159.3450, -1554.3170, -351.9980,  255, 0, 0,  3,  to_Kod'Taz,_Broken_Trial_Grounds
P -2654.1499, -526.5710, -406.7340,  255, 0, 0,  3,  to_Qvic,_Grounds_of_Calling_(Instance)
P -1212.4086, 784.3013, -430.5980,  240, 240, 0,  2,  to_Uqua,_the_Ocean_God_Chantry
P -1684.1810, 31.2020, -400.3530,  128, 64, 0,  2,  Pixtt_Suir_Mindrider
P -1249.0884, 783.6190, -431.9979,  0, 127, 127,  2,  Jerimo_Jiao_(Mission)
P 1535.0000, 1098.0000, 0.0000,  128, 64, 0,  2,  Vex_Priest_Stoic_Guardian
P 3353.0000, 463.0000, 0.0000,  128, 64, 0,  2,  Primal_reptile
P 2213.0000, 1945.0000, 0.0000,  128, 64, 0,  2,  Primal_Insect
P 1073.0000, 1827.0000, 0.0000,  128, 64, 0,  2,  Primal_Arachnid
P 1082.5234, -331.2233, -423.6940,  240, 240, 0,  2,  Riddle_Door
P 1044.6689, -46.0559, -379.5695,  240, 240, 0,  2,  One_way_fall
P 1304.0000, -955.0000, -420.0000,  240, 240, 0,  2,  1
P 1304.0000, -904.0000, -420.0000,  240, 240, 0,  2,  2
P 1368.0000, -698.0000, -420.0000,  240, 240, 0,  2,  3
P 1369.0000, -647.0000, -420.0000,  240, 240, 0,  2,  4
P 1306.0000, -454.0000, -420.0000,  240, 240, 0,  2,  5
P 1301.0000, -403.0000, -420.0000,  240, 240, 0,  2,  6
P 829.0000, -955.0000, -420.0000,  240, 240, 0,  2,  12
P 829.0000, -904.0000, -420.0000,  240, 240, 0,  2,  11
P 768.0000, -698.0000, -420.0000,  240, 240, 0,  2,  10
P 765.0000, -647.0000, -420.0000,  240, 240, 0,  2,  9
P 828.0000, -455.0000, -420.0000,  240, 240, 0,  2,  8
P 826.0000, -403.0000, -420.0000,  240, 240, 0,  2,  7
P 2115.2878, 229.3040, -569.3660,  0, 127, 127,  2,  Caridwi_(Quest,4-6AM)
P -1556.7173, 11.2544, -378.9978,  240, 240, 0,  2,  Fake_Wall
P -1546.8905, -65.6184, -408.9978,  240, 240, 0,  2,  Fake_Wall
