P -61.0000, 825.0000, 1.0000, 255, 0, 0, 3, to_Katta_Castrum
P 30.1970, 303.0022, 29.3679, 255, 255, 0, 2, Instance
P -611.0000, 529.0000, 156.0000, 255, 255, 255, 2, a_crack_in_the_dome
P 506.0000, -1382.0000, 300.0000, 0, 240, 240, 2, a_crack_in_the_dome
P -404.0000, -178.0000, 210.0000, 255, 255, 255, 2, a_crack_in_the_dome
P -57.0000, 294.0000, 21.0000, 255, 255, 255, 2, stone_door
P -15.0000, 493.0000, 7.0000, 127, 64, 0, 2, The_Stonecarver_(Named,Roam)
P -502.0000, -212.0000, 205.0000, 127, 64, 0, 2, Holloweyes_(Named,Roam)
P 938.0000, -221.0000, 206.8800, 127, 64, 0, 2, Copperfang_(Named)
P 533.0000, -1332.0000, 302.6300, 127, 64, 0, 2, King_Brownscale_(Named)
P -1296.1000, -186.0000, 224.7500, 127, 64, 0, 2, Coralitus_(Named)
P -11.4116, -1384.7896, 357.5476, 0, 0, 240, 1, GS:_History_of_the_Combine
P 82.1456, -1443.9574, 307.5476, 0, 0, 240, 1, GS:_Treatise_on_Teleportation
P -1302.0000, -188.0000, 222.0000, 0, 0, 0, 2, deadly_pit_viper
P 932.0000, -229.0000, 204.0000, 0, 0, 0, 2, crushing_python
P 533.0000, -1326.0000, 299.0000, 0, 0, 0, 2, poisonous_cobra
